500
0 4533 8432 4641 9791 3191 4678 6371 1361 6059 463 2100 7696 2774 6938
1 3478 7471 4379 9625 7140 9573 5462 8870 5079 2257 4211 4855 9023 2555 7153
2 698 1258 5241 9060 9385 7020 1559 1698 6369 6344 7776 2228 164 2943 7652 7699 3894
3 6731 4088 8355 9629 9659 17 6322 3596 1558 8147 6812 2647 1238 9027 84 7762
4 9181 1101 3623 2258 420 3456 4970 2838 7067 4089 7671 1960 9474 7037 6778 2237 9010 4765 3023 5821 7949 4377 7219 79 2240 321
5 2346 7064 9208 7103 3413 5362 7915 9230 5459 1415 8973 523 630 5590 8571 2870 9903 2643 935 2
6 1158 9951 1682 694 5283 3779 8440 9973 5901 6016 9947 5193 3836 7699
7 2794 5667 6814 230 8102 1202 8382 8302 1423 5980 3894 2240
8 1884 262 3912 2438 7751 4319 7208 6327 6124 1707 1737 6116 8094 4020 3507 7762 2962
9 7765 83 5176 7542 6935 3590 9199 9824 631 8401 5990 3496 2744 1571 1505 9270 321 6030 6613 4199
10 1699 335 612 9273 1135 4486 2690 3793 5957 3094 4151 8134
11 3842 7635 1666 5311 718 4641 8542 1569 1697 1224 9741 3059 8562 4037 2962
12 1509 8380 6614 1407 5196 2765 2043 9071 6795 4836 4326 8671 6613 7949
13 270 5579 9482 8906 4668 4082 4695 782 9854 4188 7734 4377 3184 3982 3877
14 5004 134 3274 3929 8888 3455 6843 3064 6792 2786 6423 9301 7056 2240 4199
15 1997 3344 120 5966 5083 3254 6450 8241 8403 6799 5088 1495 813 8944 3080 2878 3982 574 6986 1534 7153 3074 2555
16 2206 4270 317 3640 3411 6589 7432 7701 9332 5876 1670 7736 6538 6101 199 4352 9533 9990
17 8683 7763 1854 7732 34 1537 9109 2378 7147 8891 84 1274 9831 8259 6938 79
18 7696 6982 5732 3922 8093 4926 348 5952 231 2182 9759 6061 4901 7012 6899 2340
19 5591 5632 1868 9912 740 8570 8245 8015 3517 9010 4789 7631 5095 1617 9461 4222 4377 8116 2182 3023 2 7762
20 3457 8144 422 9681 4992 5552 2683 5110 8153 1894 432 2260 5780 2943 2962 7699
21 8075 6106 2541 4491 9171 7347 9464 2816 9075 9469 4261 4723 6584 9842 935
22 5382 5330 367 558 1908 3202 9254 7808 6090 6330 4602 1328 3376 1625 1149 7949 2962
23 9723 8355 8727 1633 4909 3875 7740 8745 9581 1599 8834 6081 3102 4649 8609 7868 4377 1534 7883
24 1917 4894 1841 6825 2256 1248 5630 792 6826 8063 6426 6405 1971 250 2237 3836 2155 3981 5715 2288 2240 321
25 4875 9860 3431 6923 5446 9558 2107 6001 5657 8938 2036 5138 467 4536 9745 660 901 7120 1831 4314 5715
26 9445 8874 1682 2662 5866 4055 5610 6667 7836 3759 3278 6546 1942 9545 1167 9555 3163 3032 6465 7902 8994 8431 1668 2240
27 4006 1267 1109 7322 9421 4964 9365 3487 3111 4752 5962 2
28 3583 1050 3502 9699 4261 6365 3820 3859 3370 4112 5305 7833 5260 2962 6938 79
29 3767 2166 4348 8941 2647 6428 2085 6021 4158 1955 7037 1816 4436 3863 3395 3163 1557 259 2962 2240
30 2591 9729 4063 7446 7938 3892 9828 4296 2146 9012 5541 190 1642 6374 5715 6538 7949 79
31 6690 2452 3997 3770 1363 2548 2560 1113 1560 1999 8325 6356 6020 511 8406 7429 3936 9301
32 6321 4131 3043 5991 8899 6006 8786 1333 314 1843 2464 6584 4855 2422 8644 2240
33 3246 4027 8589 5697 2771 1244 8955 7960 5377 3992 3781 3792 5270 8053 9075 8081 2288 2
34 8999 6906 3492 2897 4885 9467 3328 1587 2561 3520 7924 9169 552
35 454 9526 9184 5824 9973 6500 93 8222 4677 6103 6311 9270 3061 6692
36 3480 8430 8825 4009 4527 2411 7803 757 6956 4709 7883 8414 8907 1121 412 1343 650 8491 9545
37 9221 3355 8636 8155 8850 2986 9176 5276 6730 2830 3605 9007 3783 3982 2288 2962
38 2579 4719 7820 551 2636 6675 6114 7055 2951 8223 2428 7890 5063 2996 2453 9431 3699 2240 2962 321
39 5234 3876 1769 3871 176 7500 6203 6576 9703 9085 1116 9766 7219 534 8361 6878 9224 9669
40 1446 7334 2001 4362 9275 8178 3644 7415 6612 8181 6509 2341 88 9476 8832 1668 7699 8406 2555
41 8234 9564 8504 7406 7237 805 5659 8373 7235 6789 4025 9341 8313 7167 5198 876 979
42 6754 4540 88 1923 2101 8011 5500 5232 9422 3855 1786 873 6398 7142 2175 5175 6982 1125 2
43 8544 8484 7826 842 446 1859 4098 4093 1856 8084 3681 4334 1355 4690 9162 3509 1422 5880 1774 3914 5677 7762
44 9356 7302 4318 127 3734 6616 7794 2350 8071 8930 5343 3762 569 6534 2340 2121
45 9949 9803 9847 3501 6402 6237 7512 2937 2763 9487 6922 4060 9129 116 1496 8487 2962
46 9691 2442 8043 5733 1482 5661 4357 4848 1714 260 2910 1459 2439 1979 2
47 9637 7854 3205 3601 1176 2636 4834 6514 4044 8162 4751 1984 2752 447 2962
48 2538 4057 4977 6938 5471 7186 5533 1333 9149 4106 4480 8993 9833 6250 7087 5341 1661 925 6970 7968 4311
49 9864 8871 6468 6293 897 4885 6753 68 2879 400 3752 2013 9129 2555 4326 1774
50 5549 2689 9554 3754 7043 5358 9268 8956 3370 2943 1216 8599 7652 8994 5962
51 8314 6033 3170 9923 1341 5692 3327 2470 5117 6062 3487 7259 8671 5962
52 4006 1304 8998 6815 6947 9468 9024 2653 4971 9324 9941 7365 9404 412 3989 8491 3830 3012 6938
53 6262 1944 1939 5375 1706 8240 4131 4840 259 324 4162 6596 503 3781 5921 2058 311
54 8891 4975 9913 7040 5724 4578 5966 3401 172 4451 512 5126 5326 7949 79
55 179 3390 6283 5500 8329 654 7469 2349 8751 8293 6742 6422 2731 9270 8414 8814 9007 1668 2555
56 8662 2211 7022 6181 7875 3230 9125 5499 6202 2050 3752 9301 2768 9930 5307 4314 2 7762
57 1396 1327 8314 7030 3158 2043 570 7843 2691 8985 8915 443 6683 1216 5767 1289 6404 79
58 8071 2037 1401 1893 1994 3855 271 8599 3812 1807 908 8046 7151 3187 6555 866 8812 6327 321 79
59 9726 6948 17 6417 2316 6137 1387 3075 6237 1868 2286 8371 716 1657 4664 8484 8134
60 3858 1681 7222 415 9323 6619 4245 9779 8967 3878 9501 7691 7669 4359 9008 5507 2555 79
61 8542 3471 6113 1214 9718 5225 4287 2643 1298 3371 9533 8994
62 9763 4967 6956 7890 7018 6580 2386 5586 3329 990 7280 513 4199 4824 7652 9930 6613
63 4403 6731 9025 9126 4929 5188 8525 735 8094 8469 1341 2785 1981 427 3830 3316 9848 1668 2 321
64 4780 1064 7282 8102 1960 5756 6665 1729 2341 3288 5129 9540 6281 656 444 8841 3012 5064 7709 2121 9533 9968
65 8597 3622 1847 3001 1589 8284 4518 5122 5993 3444 6569 1581 2308 9545 427 2986
66 3399 8300 1255 8608 9441 55 2622 1182 1193 1797 7285 4842 2239 1984 9270 5412 2288 6258 2962
67 6149 7804 9488 3047 3357 7952 5710 9274 5648 9674 9873 5264 560 2704 6635 9930 412 427 5715
68 7833 5955 4765 5532 3631 4281 8259 6826 6965 6085 6400 7841 8441 2643 3023 2288 3894 7652
69 4628 8258 775 596 2709 4599 7187 2274 4107 7511 1911 2086 1638 4670 7413 8005 2962 2
70 1372 4854 1238 7354 4747 6611 2479 8333 5936 3267 7315 6955 1479 2139 6534 9007
71 7891 7487 3594 684 4567 1755 5539 1856 935 1216 6000 4580 3596 3405 4909 5762 2114 6938
72 3313 3850 5061 6854 2752 6166 5413 5530 5489 4404 9598 4392 7575 6069 135 4129 5479 6082 3885 6458 2 5715
73 1787 5925 7054 2846 3633 4757 267 6168 8941 3 1686 8445 5553 411 4800 5988 8106 6555 6534 3012 7153 9139 4855 3982 2615 5715 2
74 2541 2948 3901 510 7881 9160 6142 7209 6622 7164 5336 4020 6538 1774 7880 2962
75 8505 4887 4599 1442 5185 7527 1227 2032 9786 3031 8124 3052 5928 3243 9979 9007
76 9472 8318 1767 6831 1802 2574 5865 3223 5794 7240 3234 6875 8062 4639 3427
77 8414 4848 9363 6326 3525 2598 6216 6317 6896 8945 3793 1125 3158 8125
78 9495 1928 8874 3875 7143 7461 1626 1998 9160 6030 7048 1358 5839 868 7889 7029 6258 8345 1601 3869 6827 3894 2240 9007 7652
79 2238 3345 4176 2688 7739 1454 1314 4372 2560 2365 5361 444 1407 8908 295 4035 3936 2240 7699
80 1522 5026 8719 1294 1163 4035 3289 8497 149 4782 2424 6360 6369 2013 2 9299 8994 2962 2240
81 6380 7001 1375 4434 8958 6121 7866 1575 6984 8966 617 9572 321 3184 5359 2240 9968 2 2962
82 2071 2866 5856 3970 3148 9586 7843 7761 7651 817 7061 571 9677 7068 8333 1043 5821 6170 9160 7949 7699 2986
83 4689 8537 5416 9277 4763 1764 5862 9816 3942 3994 6807 4236 7464 9933 993 6692 9244 2555 5715
84 7237 624 4673 5007 1470 4308 4556 4717 3195 1937 4454 9364 2281 99 1121 1984 3012 2240 6327 2962
85 1490 3649 5114 2321 892 8386 2354 7688 6936 4136 7698 1425 4020 9178 199
86 1206 1216 1535 8098 9294 3661 8885 1479 7331 9 5717 2264 1900 1891 2905 6924 3103 6797 2962
87 2319 4325 1441 8906 8518 8276 5054 6171 8064 5430 2560 126 2 2155 427 9007 79
88 7857 955 7856 9835 6441 7803 8934 2617 2369 7722 2643 3233 7692 2074 8223 82 5607 5969 4352 6613 7438
89 8288 624 5023 5101 7084 3310 9382 2076 4093 8572 4107 2962 3830 7153 4765 7652 1668 9007 3894
90 3211 798 3585 1610 3299 8707 3573 7804 9858 4928 6702 463 1307 9852 477 2183 6547 1117 935 569 5962
91 685 7461 6780 8014 9064 2835 5073 9350 7700 6768 6306 9903 6938 2240 5412
92 4971 2804 132 5300 1042 8027 1219 95 9106 4470 140 1536 9178 5432 9847 2186 443 5775 2870 4526 5869 7949 2
93 6146 1909 297 6985 6638 490 552 321 7710 4209 6854 2298 5758 9013 1552 9301
94 8085 6619 1077 4660 9913 3378 9801 8945 4701 8930 6406 6769 9453 1979 321
95 3479 4471 3532 339 2930 9188 7647 323 3716 442 7852 6798 2595 4765 4901 6537 321
96 1110 4415 3526 318 4962 7874 2261 7977 6903 2325 5731 7415 6110 4011 4622 1256 427 2240
97 8686 6262 8258 862 9007 1059 352 7207 3559 8737 688 5102 8206 2480 1110 6570 5507 9244
98 7721 7255 4005 5293 9801 3312 9320 6548 7645 7607 4350 6454 6482 1534 5715 3783
99 3596 6372 5068 9370 7334 4674 4974 7025 598 207 9583 5193 2809 3926 6225 3425 2704 8832 4901 5412 2 79 2962
100 9625 8017 2596 1147 4233 2128 8888 7206 6840 4409 4363 1544 6809 4948 6790 1299 1625 321 5715
101 9334 3819 3778 3914 8497 3375 214 8757 3924 7258 1504 2847 4679 2555 8406 2 2240
102 8793 1831 8913 9449 5798 4009 633 9607 431 3318 3059 7139 7389 2962
103 1433 49 1325 1756 3401 2095 1239 300 8278 712 3873 7486 5254 7438 9299 3144 5412
104 4132 7683 5838 3807 3806 7180 6578 5288 2629 4212 5817 1588 826 3089 3936 1530 5138 2289 5966 79 9533
105 2751 6292 5452 4336 6860 3967 7567 4224 6629 4586 3465 3204 374 7949 1984
106 4370 2291 9147 889 9389 9340 4401 9150 4539 468 2704 6101 7699 7883 427 2962
107 6028 2410 9253 4493 3080 7412 827 1380 9564 3689 2136 4610 8136 6075 1997 321 921 3707 9858 8069 9903 5869 3836 5437 4340 4199 5715
108 7048 817 744 3551 9192 1750 4146 9812 5951 2870 8924 658 6517 9007 2600 8235 5097 9453 9930
109 6154 7031 4549 7708 7737 6946 7717 6546 4468 8589 8099 1246 686 4134 9271 9181 1702 6955 9270 9968 2 2962 2240 9533
110 5543 7423 9092 6584 4049 6540 6329 1931 1165 3501 607 6578 6839 7048 9224 2128 2340 9968
111 4980 6935 8926 6198 2528 3297 3262 7851 4890 535 5090 7372 6583 9219 3089 4035
112 5443 5153 8625 362 9977 7269 9416 5428 7261 7103 2134 2735 1665 1534 2962 2 2555
113 1940 9190 3092 6582 5813 604 7962 219 9357 6067 8718 8702 6029 3779 4230 5443 3725 9805 1389 6404 7438 4035 7652 79
114 8588 5022 2454 8087 128 6989 3493 1052 258 8079 4171 1892 8722 9036 5412 6613 979
115 1111 42 2991 755 1705 2675 6055 566 271 7775 7336 9593 8445
116 428 1390 3252 3719 9047 4094 5459 6227 2585 5390 2598 9777 6547 3144 7266 2437
117 9762 8105 4549 4745 3846 7357 7301 6547 1918 8114 2936 9087 1987 7629 8267 5033 2555 2288 3894 7153
118 5400 9393 4898 3952 2823 6874 5525 9148 477 6536 4971 1117 4506 3023 332 9139 2
119 1405 8320 4686 1136 8875 7503 9869 2043 6936 1649 8605 5803 4159 2611 5219 7153 935 6938 2288
120 6106 3403 5519 8669 9896 9488 1638 856 4255 8080 1934 4107 5848 2555
121 5029 8904 6186 4007 9065 7238 5833 4010 9604 5310 8334 2777 5969 2432 9900 7456 3184 2175 447 5715 1668
122 9426 3931 4527 4116 8955 4094 8299 5623 5459 5438 3369 9323 9299 7736 2962
123 9887 8712 9315 15 1025 480 6954 2433 2515 2824 2611 7357 5207 8043 8900 321
124 6419 4380 4917 1891 8460 4095 9964 7409 6154 5011 6705 443 427 979
125 7296 3938 5961 6890 4016 9271 9522 4807 3036 8827 7325 7996 2704 5933 828 1264 2013 8116 1343 9594 3074 2240
126 6027 7319 9373 3727 3697 2472 4309 8303 4508 1071 5966 6986 9244 4377 321
127 5171 8072 8514 954 1515 2628 2196 6916 5408 1364 2026 3546 9892 5917 6584
128 6693 8997 6259 5818 9513 8442 8979 202 6782 5522 2318 151 9129 1984 7949 6938 5715
129 483 7422 4722 358 6172 1815 67 3488 1728 1524 3188 5131 652 4624 2003 6327 7949 1534 1299 935
130 319 911 6017 2439 6384 1211 1517 1085 9746 8874 5155 4025 1784 979 79
131 5388 6512 9142 3072 7381 4164 2605 9961 4853 423 7153 8994 2 9453 3836 2962 321
132 4578 2840 112 4100 1885 2999 3341 2152 4266 4783 3603 2696 8313 3894 6692 3602 3074
133 8436 531 4489 3084 5335 7562 91 2233 867 617 7068 2666 1299 7088 4765 9834
134 9563 4129 3764 6102 5480 1272 8267 5999 7506 5501 277 3580 8425 979 773 2414
135 9115 6668 485 5610 986 4878 8670 1739 2393 1581 4643 2502 8455 5604 6174 3255 7852 9842 3074 5880 5715 2240
136 4628 8667 6973 3377 3176 3043 6100 9458 8841 3221 4396 5807 877 6053 1223 6699 4695 3533 2
137 3297 1593 7056 1410 5527 9570 440 4153 1731 4468 4513 3013 2753 4302 901 2340 3012 4020 8125
138 5383 8922 642 3968 2991 9384 8821 9277 9287 3318 77 3567 6305 6687 8183 5880 2288 3982 8994 6938
139 1540 27 6345 5953 6741 1675 4655 9930 3595 4933 8209 912 2875 8284 6635 1668 2
140 5619 2787 7635 491 5818 8734 2451 2795 4905 685 2074 79
141 9818 157 4381 9930 2420 9999 9129 9489 9466 2461 4854 1686 2209 5064 2962
142 1220 2552 5850 3210 1796 8491 8239 231 349 9413 1273 5130 3393 9580 2898 4985 8293 3012 3074
143 9038 456 9788 1302 1534 232 6461 8557 7481 9622 1035 9809 2010 8265 8104 7001 9007 2643
144 5622 6352 2394 439 4455 7122 7183 520 3067 1211 8214 2444 5090 3509 6938
145 3964 2435 896 3838 1766 4819 4530 145 367 5248 2504 5830 5869 5407 9004 9518 7919 2182 2114 935 427 7153
146 8482 1770 5497 7903 3499 3086 4691 1867 1247 9945 3385 861 4271 3363 2491 6692
147 9062 7047 7854 3422 3460 1197 2317 5127 3461 1839 6778 9979 9930 321 935
148 898 8351 6404 1162 5428 1981 9032 3744 7567 5128 4271 7960 378 8233 7791 6750 5583 5748
149 4894 4347 6517 7313 7349 7424 3578 9352 4808 3162 6291 395 1145 2679 1731 427 4199
150 3442 4694 3492 2284 960 6993 3391 6941 6194 8995
151 1266 772 8264 252 7309 3089 3224 7536 405 6365 5184 3852 5006 7105
152 4279 7456 1873 8004 5982 6683 9178 2641 9719 1908 8449 9415 3012 9436 3303 3232 7652 2437 6327 427 9007 5412
153 3340 709 5578 6568 1968 7689 3674 3100 5524 2938 4931 8456 9007 4619 8121 205 447 2 2288 5962 1668
154 4812 5368 1286 9725 4811 7381 7624 706 6316 1705 5326 79 8387
155 9517 7376 60 8258 3759 9207 1339 1738 6173 8973 2534 4311 1287 6827 3012 427
156 9524 4647 3185 7483 3293 5149 7764 538 7366 2674 1062 412 6074 4548 1496 2422 935 8130
157 7090 3840 5242 485 7326 4193 8082 3312 5341 3321 1910 8632 258 8058 8934 1299 6465 3377 79 9842 3371 6613
158 3051 3117 9255 8443 1372 4705 4230 797 750 6099 7578 8353 2910 2847 7736 1383 6021
159 3504 8150 9341 4202 6513 416 387 1814 9298 247 7799 1745 697 2175 9968 2962
160 8763 9646 6474 3538 7917 5224 6047 3721 1448 5352 6925 5560 1986 6196 6730 139 79 4035
161 904 8696 9132 5907 8588 5832 5444 575 8503 3660 4440 4481 161 2962 2 5340
162 3007 4863 2109 237 9417 3650 3287 3575 9104 1846 6965 8531 1956 1476 9968 3894
163 3289 1260 4553 2089 4819 2047 1733 2148 5910 6785 5206 7787 9032 1822 79 321
164 7822 9435 2941 7345 7177 4561 9011 7887 5530 6437 5237 6859 2260 1763 4020 6547 9224 447 259 5962 2 9968 3012
165 2061 3682 8051 9869 2851 7122 7719 8339 3673 776 1139 2136 3393 5341 9533
166 1839 3688 7031 3845 7105 309 731 6650 3556 4721 1482 8585 352 6986 1625 3836 450 3728 745 7413 3012
167 5032 5543 9570 9139 8511 7615 2751 5634 1749 3403 9464 9328 4556 7732 4314 8333 6692 7949 2
168 5662 268 5045 587 3448 1921 5701 4240 9625 1385 5996 2288 7438 9848 1668
169 2082 7207 2296 3651 787 4152 5042 8984 5395 2279 130 2240 2643
170 3784 6103 7777 7483 2955 851 416 6153 8783 1718 4280 136 2808 9594 1110 7153 4020 3982 321
171 8662 7662 3224 4283 467 7661 7852 5276 9381 9854 3018 2014 2668 2929 9013
172 4198 1 7995 2530 5126 2811 790 1746 1838 1146 1134 3273 3190 4314 7296
173 9711 791 3466 8635 3403 5961 5728 8317 9104 2487 358 1112 352 4624 8104 9007 5219 3103 7120
174 7901 2702 5990 7130 4652 7177 9468 1365 9589 6580 381 527 8227 2288 6778 2240 321 79
175 3740 3152 4213 2866 8988 1922 5842 6771 2413 3296 9128 3582 268 6855 3697 2 3074 4035
176 8902 8823 3254 9530 777 8032 9568 6742 7238 2475 917 5077 7669 6978 4035
177 9286 2994 6155 7115 6566 4274 6083 1243 8266 6737 4959 1541 2541 393 2323 3533 2182 3376 7153 2240
178 958 9939 3339 4174 9268 2330 6660 6370 2915 8652 511 6875 3159 4450 3528 2340
179 9441 1404 3283 4728 4585 1676 6584 5867 5958 5445 4073 6621 5880 3584 6938
180 994 3949 4925 7305 5067 4743 4757 7721 5588 4934 993 6748 7053 1348 5339 3376 3894 9007
181 2538 7901 9010 3887 7022 4838 1622 1713 9481 5219 8391 5302 8121 6250 7183 2986 4199 4020 979 2962 6547
182 6620 2437 9006 2664 5919 1698 3877 6501 7929 3805 9500 518 4367 2100 8920 1934 2240 2288
183 3963 7637 7311 3592 7843 5898 5987 8076 2958 5586 557 7396 6465 9129 1984 3012 2555
184 2787 4396 1898 2246 3896 4697 231 1980 6129 1675 2927 262 4129 7899 3763 7791 2013 3012 8994 9244 79 2240
185 8218 3569 6886 80 9199 591 8151 535 4617 7478 8410 9098 7336 8685 9757 8185 6692 4314 6827
186 6501 5713 5488 5567 4465 3295 6228 9308 3073 7153 7759 5564 3322 3783 9374 2340 2
187 9489 1624 2376 5050 115 3545 675 5102 7739 6257 3022 3632 7774 4108 3586 7709 5748 321
188 1837 1039 396 3539 6311 9958 5860 3381 8935 5889 7033 7198 9455 3729 2409 210 6613 8105 3586 6938 5962 8994
189 7873 1481 3207 3984 7257 8144 2736 4804 4081 5610 8094 306 8980 1216 4326 9968 1668 2
190 2284 5555 2980 3934 9128 1163 3109 4391 9206 9347 3163 5677 1668 79 2
191 2242 1051 1338 5823 7048 6408 9147 7097 9347 9412 358 7171 7386 5386 4912 7240 5869 7153 79 2
192 4558 9749 209 2344 7218 2333 960 4900 5294 342 3111 1114 2923 3634 3326 6428 1299 2240 6538
193 3605 7442 8976 9845 4432 4138 2795 148 9076 587 3543 1353 5340 3936 321
194 3536 101 2816 7970 6965 8496 8930 658 1309 8239 5895 4803 5740 7029
195 7482 5718 68 5909 1803 2482 3587 9301 9835 6461 2155 200 1731 6537 1668
196 5272 2061 577 4407 2691 544 8282 6538 6450 4899 9834 7669 4786 4314 7652 1668 5715
197 4435 2564 9396 4798 4381 3127 1723 1016 7754 5800 6065 1571 935 3885 4855
198 2197 5168 6147 6570 4954 5531 6094 5445 5150 864 4673 7044 3164 220 758 583 321 5962
199 290 5118 1002 3484 6713 7694 2696 9803 7300 6549 9836 5997 3870 2288 1429 9299 2240 5715
200 9859 6934 3950 8971 7265 8002 5046 1508 1954 787 5090 2962 9533
201 3980 6585 2919 5325 3712 1852 3294 5887 2322 2262 6705 6347 6134 9139 1238 9007 7413 9244 6938
202 1659 3409 7073 2211 905 1255 8637 1772 9000 4994 4309 9199 4091 1117 5880 1299 3012 6938 2288
203 6500 7829 6739 3618 4275 8105 319 3956 675 1917 9720 286 7138 1104 2813 541 1557 9270 7012 2611 3371 8134 4199 935
204 4004 8272 1950 9146 4448 7302 5130 9823 4324 7934 9844 8441 9114 215 2962 5962 2240
205 244 1889 8071 3938 5608 1752 8214 445 7826 3626 181 1984 1719 1216 7949
206 2072 462 3327 165 5335 6727 8304 3685 7185 9011 3324 2622 8028 2 935 2240
207 6544 2347 6611 6140 2670 396 6601 931 326 2593 7684 9541 2889 4626 2322 2414 2491 4728 7438 5880 5412
208 5891 7297 8603 8556 2983 1383 8951 1319 1692 9361 788 6369 4123 1916 7883 8994
209 8720 3729 3495 9241 3493 2339 873 8802 4266 3829 5004 5406 269 6464 4234 2898 4728 1868 5437 5715
210 4357 316 3871 7409 656 4054 3029 155 7811 4961 8226 8623 6460 1871 3023 7820 3783 259 7997 8130 7055 1784 9244
211 5873 2714 6217 4075 42 3409 9197 9147 4670 3077 6483 7438 6899 2240
212 3147 2800 4119 8015 9115 7607 4694 1372 3166 4121 4561 5061 2212 8729 9205 7153 2555
213 6673 1773 1061 4654 4877 2366 1116 6109 6694 2267 9635 8716 5869 8134 2288 9968
214 8312 2418 3228 2034 8595 431 4628 1297 4073 1427 6438 1042 6899 7864 6482 4314 6613 1668 2962
215 4966 4818 3351 4342 4632 7220 3017 5028 1575 7806 5448 2
216 6994 7974 2795 8842 7043 2414 2025 5398 8640 9459 1900 5719 8532 321 2962
217 236 4221 1876 997 2064 7709 1680 8167 4398 6155 7866 5891 2434 993 2404 7335 673 8431 6938 9007 2240
218 5767 7206 7022 7007 3843 6592 9928 9501 5598 9112 6853 534 9424 4536 7513 1956 475 6101 1670 979
219 614 8498 678 3599 3082 2967 5750 8928 2171 3198 2858 8605 2318 3165 9451 5340 4886 1343 3376 427 2327
220 8613 8861 6899 7484 4095 9562 2247 5164 2428 8139 9700 6857 7454 9600 7438 7762 2240
221 9642 5430 7496 1309 5173 2071 6048 1212 4530 6099 2763 5083 5271 7438 9968 4527 2643 7652 2240
222 9846 3153 666 414 3243 2703 1796 5134 9682 1223 1456 1265 6718 1797 8756 8491 9007
223 1497 2910 39 7956 439 3298 8132 2173 5475 886 3437 6264 3964 8406 9533 5715
224 9586 4853 5182 1789 5679 3561 4052 2440 2107 7860 9409 5427 66 5643 8604 3958 9347 8125 569 3074 1668 6938
225 1813 6856 6798 4111 2164 5574 8392 5279 1600 9169 5342 2074 7266 925 1299 2288 4199 2962
226 531 2266 4466 6144 234 151 2967 4121 6564 2421 5216 5124 9205 1774 2986 3012 1668
227 6060 5217 1953 7397 1009 157 7838 8438 8058 373 3619 4865 5605 5762 6613 2962
228 1582 1019 5157 3567 5934 9940 4197 4364 3798 7034 4879 6074 7945 5132 7323 6028 5080 7709 2288 8284 4531
229 817 9346 8137 601 8460 9027 3878 6994 2139 6107 4687 3932 5477 2030 3032 6829
230 9977 543 6604 8155 6467 1432 2762 5731 7131 8180 2627 3188 4661 7162 6054 9197 9007 6258 79
231 6888 3385 84 6792 1937 8840 6298 5860 2144 9910 3140 9187 3435 5968 7133 4527 9795 5715
232 8188 9351 6945 9440 3637 9127 4423 490 9190 2642 3654 5900 5629 9483 6161 427
233 9401 2354 8386 7601 3687 4487 5247 8789 4826 3079 8836 8028 537 6236 7138 3894 1145 7153 9199 4901 979
234 8016 7701 8900 6557 6295 2493 6777 4209 3451 8338 5390 6502 5762 321 4985 3877
235 9033 1130 9503 666 4760 5941 4952 9870 13 414 3146 9968 427 5507
236 4514 2589 2845 5347 5399 4892 2582 6525 5726 3954 5341 1498 2223 8887 7883
237 9944 6818 2554 9365 667 7355 2593 5778 5131 2625 7434 1510 6134 9265 2121 4021 650 7429
238 4854 6266 644 2497 135 8689 5291 2305 209 7146 9174 6351 9197 1641 8907 557 5099 574 4314 6584 321 8134 4199 2
239 2881 7080 6336 5497 8540 3331 6596 605 8872 9352 2423 6610 9467 4104 9025 9301 8491 1058 7652 3877
240 9933 3828 5608 9173 6490 9363 354 3436 5965 1543 3961 6398 3562 447 3894 8406 9224 7153 8125
241 1314 518 3494 2227 5699 3339 3330 5201 9293 7272 1306 7585 7605 4134 1521 1389 7419 9191 3521 9968 2
242 9118 4965 1895 9950 6482 9377 1476 257 4378 3382 152 9692 309 477 1124 3426 6030 2898 2986 5962
243 7525 2863 660 4027 2260 5597 1423 6266 8084 5781 2096 5427 3640 9641 1476 7429 3783 979
244 3847 6436 2632 7602 1957 6063 3933 8819 1549 524 9064 925 745 9139 199 79 1668
245 6321 3710 365 2285 5575 570 5234 8813 9187 2080 8867 2140 3120 1790 5507 369 2643
246 1886 6441 5095 5326 1077 3488 2746 9829 5130 4904 8291 950 9013 7304 7652 6938 4314 3074 321
247 1959 3459 8776 326 8992 4941 9478 2608 6249 7996 1067 5650 2693 7615 8235 3103 8994 2288
248 8110 8573 5583 4518 5837 823 640 9894 3966 3849 4352 3882 4884 9197 3537 7240 2555
249 2742 6216 2205 8844 7161 3122 2384 5767 802 4986 6686 739 2480 3436 4580 3936
250 6652 5730 4682 1526 7831 8202 1082 6076 4026 6646 58 4941 1454 5053 2 8711 1383 321 7153 5715
251 278 2219 5259 5187 7685 8652 9065 4500 7504 1935 8852 2885 1779 5286 1137 2643 79
252 8771 4159 57 9217 6895 6781 9453 3509 7188 4088 9369 2126 5103 4423 9244 7782 9968 321
253 1586 872 3099 3932 8109 7473 77 8458 2666 3442 9886 3753 4804 4656 6271 9349 6458 4962 6938 79
254 1926 638 3611 5645 8459 9695 6172 4259 2419 4962 6538 7120 8994 979
255 5505 1784 1893 6225 2239 9907 2567 8442 9449 2462 5047 5828 9135 7967 3356 8431 5307
256 641 2663 6786 8264 4004 6117 5349 7534 8122 4094 3696 2975 4866 9464 3783 2607 9007 139 8495 6613 7296 935 1668
257 4119 5587 7854 2750 2736 3424 1217 7766 9082 6351 2545 6464 4928 427 79
258 3145 7729 5752 1547 6388 7626 3495 5663 9261 7898 5397 6821 2131 3371 7153 6613 2240
259 850 9282 6547 2951 3027 1265 2947 1614 1635 3178 6879 3548 1937 2182 610 8649 6938 3894
260 5588 8855 1694 1909 6850 7646 569 5730 5417 5052 1521 8681 2353 7230 8728 9545 7949 7153
261 3263 8731 8538 7787 6181 8268 3442 470 8368 9697 7300 4108 5715 2240
262 5809 7230 7052 8794 8986 8835 8963 4083 2675 152 1121 8830 4660 5748 3111 5962 5715 3023
263 959 2135 4149 1294 360 8547 1057 8455 700 4888 3371 1238 1731 979 79
264 2902 5571 831 9972 8905 6095 7077 1204 5430 207 9147 9739 1457 3803 4824
265 2373 4380 5929 8371 5507 1027 9699 366 2618 3841 3452 4216 456 8227 6949 7219 2 7120 5412
266 264 4356 2090 51 1784 8968 9616 1652 2909 8408 2577 2319 7270 6633 2856 5866 7439 6549 9244 2962
267 9226 1814 8745 1376 154 1367 2274 9335 8614 4007 3807 7618 2113 7367 8450 9842 6613 9968 935
268 7613 7337 8069 6855 5548 5544 7164 1886 1065 8567 3945 5921 7179 3187 6538 3238 1752 2983 8491 5715
269 8373 590 9376 6945 597 9627 7696 3914 7582 6334 1468 9709 4406 4842 1308 5917 8958 3153 7732 2962
270 4138 3457 2317 1950 2349 2156 338 2015 5820 9714 177 3012 8116 427 1668
271 6887 9223 8723 1486 6200 6245 6111 6396 279 5211 2707 5762 5715 6938 979 2986
272 7113 1370 3116 6311 7213 4973 7176 561 9343 6001 5049 614 2393 5507
273 5030 1239 9468 7956 2113 5592 5536 7983 2350 6431 8939 9790 2894 9464 3885 4377 6101 2
274 1292 3427 5327 4658 813 3662 9868 5556 1949 793 9034 3279 5187 6060 7481 8293 3103 9842 4199
275 5445 4868 8666 9391 3377 8593 8967 7431 8506 185 708 10 6214 934 9561 9554 3533 8470 9834 5962 3074
276 9334 2283 4995 7548 8435 362 7805 1675 6543 2278 6930 5966 6592 5656 8387 2121 3074 9968 1774
277 8968 5940 4052 6448 1868 9799 8915 4426 4659 3427 660 5156 8212 4035
278 1764 6783 4731 9296 9689 6546 9307 473 957 7341 7652 2
279 6293 2809 8999 8809 2103 7483 2500 4996 3084 93 6983 5821 9615 7296
280 5378 4637 5475 5109 8055 9848 4851 7492 8532 7163 5047 8787 238 9129 3543 9842 2555 6613 321
281 3997 8123 7965 4218 755 1925 684 4468 2139 904 4067 9866 8939 3653 7221 3753 8711 4855 8406 8387 9533 2240
282 216 9875 168 5561 1514 9235 849 9392 72 8561 9050 352 979 5445 5643 5880 3894 3012
283 9298 5411 8681 7998 4493 6460 6619 1096 2184 126 5977 2015 1296 2033 3731 4909 7219 2962 2
284 8620 5827 4017 6883 9435 1209 2761 5842 9651 1323 6541 4707 9005 5248 2 447 2986 3877 2962
285 4101 7110 1637 5035 7920 2543 9098 6899 8799 6226 4910 5568 4548 668 6021 1752 5715 7883
286 2118 3225 2216 9356 6096 5838 503 9974 3372 8636 8462 7193 9238 9120 475 4343 6187 9199 5788 5962
287 5018 2733 7424 6504 4516 3569 4129 379 9995 1220 4557 5409 4948 4020 6327 7153
288 3351 19 154 5113 9399 7869 6198 2620 2244 4022 6470 6327
289 5774 9428 4450 6745 4761 1496 5838 4966 4595 2614 3308 3426 3128 1546 3758 4091 3783 8284 2340 8994
290 3882 3431 6239 686 441 6871 7785 2913 9462 1438 5609 9641 7379 494 321 4855 5437
291 5075 7 1772 7000 9858 7235 7642 441 4446 2319 8265 7739 7308 1638 6986 6938
292 1486 2751 3611 9330 424 7510 5637 6046 8445 9292 8930 6054 7997 3074 4199 3894
293 7772 2676 9558 5650 4544 5601 651 3160 6375 7452 5407 2143 2429 2281 1750 1454 259 6549 9848 3012 3543
294 5454 7817 318 4439 7581 1782 7085 5208 7298 9753 9249 5150 7153 79
295 519 6434 2359 3260 2084 7978 7761 2222 1923 7787 1393 6508 7772 5349 4308 7438 2288 79
296 4222 4535 4742 5084 651 5519 4255 8152 2671 7545 7955 3023 952 412 7575 6938 9007 79
297 9964 802 6462 7016 2633 495 9348 4135 8304 2275 7935 4813 2863 828 4134 4528 5715
298 2286 2127 5259 4021 5444 6034 1328 9940 3903 3125 4667 8120 7402 4994 521 6458 352
299 7820 5261 7730 1421 6734 592 8628 3516 1698 208 4988 3130 745 6979 3539 9135 4765 8932 2
300 9263 7560 1664 6117 6652 6619 575 6145 291 1413 1422 4060 9578 2292 7610 9160 79
301 1256 8345 7346 8764 3554 1179 1828 2568 7281 6384 6122 3958 652 5412 9565 427 8125 5880 3395 3877 2
302 2748 484 7742 2353 4117 2972 1818 8031 2990 3396 3349 3154 4104 678 8636 6938 5715
303 5558 9691 2519 7161 6686 3987 9684 9567 7612 4409 5401 2177 6163 1850 5784 4803 6687 8431
304 9375 8534 6702 6179 2022 6139 8833 2679 8829 2029 7597 6366 2696 9120 5097 8528 6465 7652 4199 3894
305 3269 2702 8634 6559 3115 4464 5958 5073 341 459 8431 4527 6523 2422 7365 7759 427 9968 5715 2
306 1916 9264 8508 5426 3747 3284 4955 9310 7260 162 2798 5527 8856 2650 6778 6827 321
307 6527 8063 7347 2332 8198 5811 9988 8874 8153 7837 8209 1625 5412 3012
308 8494 2302 747 1568 2126 1463 4686 7574 2145 9516 476 3251 6986 3584 7864 79 2 427 2240
309 1541 3389 3272 542 7273 3813 7944 1816 2320 123 6428 7519 5437 8830 6537 7699 2240
310 1347 7215 9532 7400 3858 2005 8389 3981 9772 1283 6920 7596 2617 6067 131 476 3023
311 1977 5605 8822 1450 2303 3162 1925 2525 6743 3827 9436 6487 5307 2555
312 7632 6108 8211 3484 9046 2410 6329 5303 3407 8685 4845 8017 7060 5254 399 1668 5412 5715
313 4774 87 1660 3765 303 3365 6970 5867 268 8421 5688 819 8812 652 6101 4176 2
314 184 4386 5780 5905 833 3514 7099 8424 1223 3011 8668 7314 395 5775 8491 2240
315 1632 1472 546 3794 6669 959 1354 2136 9376 1481 1444 5906 1463 4317 4531 1340 843 3936 7762
316 7462 7022 7459 1618 800 8008 7836 5423 6299 6186 1282 2327 3163 9848 9545 1429 3144
317 3004 2519 4516 2942 6897 9467 6956 9142 4512 734 6334 6627 2016 6547 1668 3830 238 2986 7949
318 1401 7396 213 5041 4986 9527 5655 5683 1162 4796 7846 7195 8582 8431 3106 5507 2962 2
319 7844 6899 4053 791 367 7778 4365 5918 8413 9334 5958 925 5437 2 2155
320 3201 5998 753 4378 3616 9531 7731 4299 4101 8449 437 73 4433 2 4457 979 1105 79 321
321 4961 7268 6082 6690 470 4713 8377 7703 9394 5301 3669
322 2844 9444 3286 2060 526 1209 6532 2668 3331 9016 1423 4199 243 3597 9536 6774 1971 1367 8883 4985 6101 7296 9244 321
323 4148 9072 7318 563 9399 2298 65 1781 3275 1377 8502 4071 1130 5894 6980 8104 7153 6613 5762
324 9070 937 9941 4529 5604 2841 5750 730 2590 3580 736 3842 4926 2121
325 3138 6952 8295 545 3682 6694 8064 1904 5876 1299 3958 1657 472 3810 5434 2932 5397 8058 4400 7806 1238 259 2892 5880 5412
326 5961 4709 1867 1475 6136 6912 2247 5598 7383 2388 9027 7337 4199
327 7335 2584 9149 3106 3878 4118 4223 9305 4938 8230 7620 9701 2264 3981 9301 7579 5219 2288 2240
328 8451 9708 4432 3569 5460 745 8664 1345 1604 7438 9716 26 8146 866 8487 2983 9197 447
329 6715 9928 5056 9672 2782 7397 3388 3281 6802 7993 6225 3913 1763 7652 3012 8830 2340 3936 8125 5715
330 8368 8237 826 5045 5354 2732 6646 5411 1572 5048 7197 2503 9991 7413 7762 79 2
331 1818 7715 2322 4500 1117 9496 4482 5654 8305 7750 2252 714 1429 9691 513 3144 5412 6030 1299
332 2217 4004 5562 4682 8585 5267 7674 2933 877 7563 7864 745 5715 2986
333 4567 2595 7450 2882 5923 1200 4599 6142 176 1577 9276 6226 2513 1299 7296 2240
334 9430 4655 7147 8988 9396 5577 3018 7673 47 7269 6170 9800 7053 3877 2 2643 6938 5715
335 9265 4241 2726 2383 4941 4154 4104 9145 4849 5401 4536 8968 6536 2368 6464 3714 1348 9646 4606 8068 7438 1238 7949 8491
336 1691 3875 561 6762 3252 3274 1572 8734 6767 2536 7092 2997 2150 8121 7240 5715
337 7582 3008 9652 1383 1935 4055 9566 5033 626 8126 3569 5527 8933 8128 4780 8431 9968 935 1774 5715 9197
338 3565 4205 6265 5369 2713 8059 610 9812 7370 6613 4035 321 5715
339 3122 8570 9189 4890 3012 9564 2683 9013 5766 5494 9803 7507 5826 1149 8287 2386 7193 6196 2320 5801 7481 4326 9545 79
340 9733 7059 763 327 3109 9336 9581 8317 734 8260 2611 3812 2857 6871 148 200 1429 1058 7652 1625 7153 259
341 4120 9660 4249 1817 8323 8916 7655 2626 3018 7652 2198 5748 935
342 2936 9591 6697 2196 5892 1094 429 5860 6211 9169 2260 4824 6827 7762 3982 3830
343 4370 9244 6072 8660 3736 9771 6383 3196 1325 5492 116 8982 3965
344 5398 4714 8739 1738 4834 6773 1481 5515 9476 3684 7777 1137 9108 4310 2136 952 3111 2962
345 8231 9553 3493 7302 8847 8980 7867 8766 4927 2216 2812 1496 3894 3012 7699 5715
346 7835 7065 2636 3068 2286 2018 6358 4854 9382 3584 4988 8716
347 3921 9986 2958 7162 1450 633 1662 8444 877 4719 8810 2624 8183 6327 8130 9404 569 9545 5412
348 1925 9077 6374 4576 9102 6558 3262 3261 2397 7857 4875 2141 745 2962
349 4448 1169 7185 350 7230 713 1412 1087 6497 4577 6742 1299 5758 6362 5341 427 8431 9842
350 5154 4894 8709 9504 2233 2003 6399 7880 827 8855 6070 5621 3924 4501 2491 9224 3982 5507 9533
351 1864 5824 9373 7589 9495 7344 2063 6495 2061 7474 76 6938 5715 8125
352 1543 2604 671 6271 4643 196 819 3725 6226 7400 1486 9807 9509 7105 1195 9347 3261 9404 5643 8284 4199 3783
353 3578 7414 492 7859 7084 4081 6371 7373 2075 9611 8609 4171 3870 79 7762 7652
354 6968 1351 87 7460 9470 2104 2761 9488 127 5628 3084 518 4928 1117 935 2962
355 4679 7090 4236 5752 466 4681 6148 7154 511 4036 1943 9767 1848 8217 2008 1336 6311 2569 2746 8599 1343 4199 5219 2643 2
356 3457 5356 4460 6016 4663 4290 2346 7679 475 929 5422 9299 2533 3602 6014 5715
357 6689 5704 6291 5442 8219 4550 7320 3442 3763 4441 8934 860 5848 5341 7762 1343
358 6079 7692 5492 9023 3319 4315 1046 7425 9211 7925 9909 4778 843 9013 3012 1110 2555 3783
359 594 2908 7663 459 3301 7000 4830 4352 2864 3102 5443 8022 9129 4020 1763 7762
360 9059 2958 4510 1296 204 8180 1261 6776 6446 5352 5860 9236 2121 2555 9615 427 935
361 7649 6242 1375 2202 9858 9836 8742 1163 3789 5738 6715 8756 3063 4364 8609 3364 625 2
362 9396 4090 1337 7235 1995 5940 5708 306 3327 4501 7191 5214
363 9629 2028 701 1072 7126 5187 8871 9490 764 3227 6290 7500 6967 7163 8566 5998 259 9374 6054 5340 2555
364 5687 9347 7496 7293 5581 4896 3624 7221 5360 9809 1302 4999 1581 8900 7212 6737 6049 8125 9533 9007
365 3328 8304 5233 5514 4457 3217 4222 7626 9092 7138 6891 338 993 9955 2591 9395 1252 254 673 8406 9244
366 4478 7825 1915 4242 7976 9878 3621 1399 3188 9601 5917 183 3586 5962 3894 4341
367 7673 4196 9655 5905 7066 5669 2606 9649 878 317 9480 8259 8189 3103 2240 7296 7652
368 7482 1789 5279 47 3 5679 3589 4065 7775 7044 3810 250 5797 5212 7949 3074 2327 9545
369 5154 8763 7793 5744 6290 3963 1563 3091 9407 4684 5606 4259 2114 1668
370 5065 9654 3609 3212 4340 2551 2347 6353 9267 2353 7855 3557 7415 6054 7629 7880 4020 2555
371 9671 7535 3497 3806 6270 2987 4654 5612 700 7371 825 8198 8600 8387 4844 8005 2986 2240
372 9655 6116 3672 5306 3324 403 4839 5137 9739 6611 4907 4957 4855 5715
373 4813 8447 3859 6099 2035 7584 7113 117 2684 6134 4962 7088 935 2986 321
374 1886 2616 4822 7215 3128 5954 793 2405 9537 6640 1023 4092 3507 1149 935 412 7699 7153 79
375 5381 4200 3735 5475 5200 9894 3215 36 5862 8696 5726 1739 6547 5340 4985 3894 2288 321
376 3280 8751 7109 2855 7854 6869 2703 5753 5081 2624 6014 4728 3792
377 4539 3614 4631 3386 5116 9474 9411 6663 7509 34 2131 1112 4222 135 1750 1670 3602 3012 2962 5962
378 472 2385 792 2638 5191 687 8344 706 2285 2031 139 8193 1934 9374 4020 2904 9199 2 321 5412
379 3571 4900 3833 9265 553 1149 8430 6342 5817 3240 1898 3158 7303 8797 525 1238 9842 9545
380 8711 5566 3038 1793 2467 9661 7433 5979 7745 2208 4890 3348 3033 336 6413 5054 6447 3758 3207 8345 6538 8193
381 1968 6162 1142 2919 3459 3319 77 3756 8057 1653 5794 5572 8883 7123 5507 7699 9007 7949
382 7217 1542 1399 9093 7830 2747 9735 7368 792 190 8454 6949 7737 9615 5715 8134 321 1984 7652 9007
383 1293 7480 81 5700 5102 5113 1577 5250 8466 957 6226 1118 9685 3505 9652
384 5683 4651 7544 347 9482 8655 6607 9806 5337 300 4967 1645 2892 1145 7296 776 5715
385 9444 9575 2721 8621 1681 9643 9819 771 9452 4458 2660 9846 5898 6134 9533
386 6316 3955 6916 9411 4694 6196 3243 6320 4044 8343 5665 5637 2857 2962 5715 935
387 6562 5101 1536 2437 7453 7778 2158 256 9736 8943 438 7698 7088 2650 8722 1534 6692 3936 2
388 4690 4319 65 5655 7720 7458 777 7576 3884 6977 3907 9133 4440 6482 4468 300
389 69 132 4880 5772 4610 5741 9031 4374 531 6527 2345 3612 5063 6129 5260 79 3700 5885 2288 2240
390 4810 1829 1843 6027 3199 9308 4079 1486 5367 8399 5826 7709 8188 8005 6281 2962
391 6137 6124 3394 217 7370 8502 2341 1531 97 5766 5078 9436 8531 4786 4606 7713 2865 412 7204 2327
392 1169 2002 4723 358 4014 1298 7622 8186 8988 687 1550 2924 6750 1421 2927 6625 1731 650 2986 79
393 7361 4014 5927 3080 7197 8451 7289 582 443 6849 2650 540 9565 1261 4527 453 6889 4664 569 7883
394 7046 1319 5286 9291 1469 9947 483 1477 495 5927 9985 9178 6053 6748 6613
395 1494 711 6870 7152 6493 7756 7127 5638 3107 2485 422 8293 9027
396 7934 7184 3288 1961 7186 1138 3700 7685 7659 947 4505 3567 6550 2013 8134 3074 9968 7949 9545 9533 8994
397 8798 4272 3717 6793 63 9462 9111 7949 5413 5914 2792 9483 357 5949 5997 5866 6692 2847 6470 5437
398 1057 4290 22 3611 2769 2352 5013 5108 6071 9197 951 2962 2986 2240
399 9262 5884 6814 8834 4526 4158 7258 1196 6791 6040 8288 2 2555
400 5419 6976 5116 4469 7549 3591 4166 9710 4795 6576 7167 7053 3758 7575 3877
401 7682 8461 8303 3885 5576 5694 1842 1523 8941 5162 2885 241 3914 8918 9083 7153 3894
402 6199 7155 4485 5631 587 2659 4490 5825 54 2512 5543 7434 6101 3758 2986 7153 745 9842 8994
403 3327 7968 4019 4109 4034 9953 2792 2850 3373 5678 8317 5185 652 2898 2128 4985 321 7652 4314
404 6130 6281 7375 1210 5091 7152 9348 6084 3564 1944 9885 8508 7590 3243 4091 321
405 9266 4182 3899 5358 6159 1413 3216 3155 5230 9572 6134 5715
406 537 6815 7365 9197 9075 7676 3863 1886 8032 9605 4578 1029 2189 5437 4317
407 9294 0 2870 5721 8899 1324 9890 3475 5321 4983 8938 964 860 321 2240 5880 3877
408 4255 8615 4582 7636 1625 6627 9912 1520 2290 206 76 3269 2139 2611 6547 8994 3602 8910 3936 4901 2288 5715
409 1349 2921 9824 8050 1115 3642 5055 4437 9130 7736 8462 2643 1134 2
410 7425 9901 7094 7043 3785 9853 5314 3455 9281 1260 7372 5762 5715
411 2956 4034 6383 6025 2262 4874 7721 9758 298 9258 5494 2690 7669 8125 7759 3023 8644 745 4199
412 5077 2192 4352 7514 6319 2284 532 4984 3365 8101 9573 9700 934 843 4199 2327 427
413 9280 9791 4279 7600 5972 8060 3333 1027 4397 9965 8183 1774 6986 7949
414 931 1783 8592 5476 2811 4549 688 1749 9852 4926 2636 6843 148 3051 745 2962 5715
415 460 1261 6644 2625 485 7660 8614 998 7836 3513 3008 2876 1657 9533 8406 9842 3584 6101 7413 6938
416 6738 4615 2423 6299 8776 4036 1780 3779 7888 5592 7886 8037 1952 4176 2558 2939 4870 979 6101
417 7333 606 9196 2981 4627 7893 1424 3129 8300 4540 8141 632 2337 3316 79 2
418 1513 4318 7348 805 5081 421 6465 7631 4016 6967 8844 7709 5063 1121
419 1679 7616 4710 2149 187 2370 4685 1491 3376 5622 8101 5349 134 7880 7732 6470 8994 2288 5412
420 6681 4697 172 2310 1155 2704 1065 7769 198 4141 6822 9301 9888 9697 7755 9453 7429 6613 2240
421 4655 3007 24 3696 6839 5466 1043 5239 9008 5550 2295 5495 9768 5896 8634 369 6404 2340 8125 450 321 1668
422 7524 8433 2328 323 7807 5654 7877 4117 32 1051 2737 6607 227 7782 427 9007 9129
423 1430 2252 5691 641 2332 2237 4828 1614 1341 9032 2286 7031 3084 1736 5341 3012 5715
424 8377 8775 6451 7913 1647 2478 7407 6596 617 4497 1810 5393 6350 5462 5384 663 9299 4020 8644 7120
425 2396 9999 6817 1526 8637 1184 8138 2838 1250 8471 1512 8089 6465 9903 9842 5862 2288 3012 9533
426 7062 6858 8877 3380 2847 3 4943 8697 7187 2183 7154 9376 7761 3578 6871 3586 6044 3877 9947 2790 2986 79
427 5907 7927 4679 7100 5872 2157 4958 4075 310 6804 3783 1601 5832 3772 7852 9299 4020 2
428 6756 8422 3235 9198 9422 7576 7205 719 7412 6962 8658 4468 2340 4719 2343 1934 7153
429 155 4084 3710 4024 1078 5851 8154 3929 4147 9476 9516 7975 5201 1912 456 321
430 683 5338 2697 9341 5134 3519 8716 4023 5121 8164 4755 7389 9842 2979 90 3703 9178 2013 9968 427 321
431 282 3506 1699 6995 8899 8106 9831 2360 2474 6193 9393 8197 5515 1593 7105 6790 8794 427
432 2190 8752 4812 9345 4485 4473 7056 7541 3010 597 887 9098 2611 7554 3316 7120
433 6900 2159 6097 1383 1437 2870 5226 8030 5165 7572 8818 8920 6258 2555
434 9159 6958 8681 2556 6673 7095 8368 1749 4629 6297 8983 5889 5895 4494 1496 199 4679 3543 7240 8125 5715 2
435 2187 9979 6038 1923 5042 326 2927 3055 6891 4191 5271 1486 6170 2028 2712 8683 9299 369 4176 2113 3750 9848 2962 2288
436 7481 2181 1822 2337 3707 660 8149 7069 9431 4204 2592 3899 6606 843 8498 2240
437 4305 5693 1193 9562 9545 5051 5476 3148 542 9034 1833 4356 447 5458 9903 2439 7575 2643 3982 9007 7153 5715
438 4612 2987 5572 7718 9309 3355 9474 1991 192 9300 1129 3164 925 75 3106 4765 321
439 5794 1477 7057 4177 2531 7078 3766 6584 1781 9913 494 5324 7616 6573 3146 7234 7762
440 1962 9019 3183 2068 4615 7626 5622 9694 1244 1790 7653 2818 6547 6503 6327 9968
441 207 9012 7635 5492 3183 6461 8027 5378 1779 5217 8312 4892 3481 6621 6281 8387 79
442 8301 8922 7518 9637 9737 8399 1556 225 1861 2155 9621 4148 7319 2304 2114 3758 1668
443 2535 9311 1157 1819 8748 7108 2171 9078 7890 9153 9944 4071 2877 6808 4176 295 7055 1256
444 446 721 9300 7307 4159 3201 8534 3888 3280 4223 5910 1282 8406 420 183 2240 5962 321 5715
445 1971 5195 668 1406 306 1586 8634 6764 9094 6307 6961 8720 9842 5156 3720 8130 7413
446 4669 6970 7946 582 5732 9964 1112 1048 2116 834 2541 9258 4091 7706 9230 8809 1981 1557 1625 5715 2962
447 9037 1034 3862 6725 1226 921 359 7381 5511 92 4012 2114 3432 7179 7782 4035 5748 2555 5715
448 5417 3438 6964 1946 1621 4041 8742 2630 3811 6014 5402 7753 2175 3830 8649 321 3894
449 62 8048 6934 5501 4161 9148 5291 4689 7563 5984 1476 843 7517 745 3012
450 1767 1099 8367 5044 4625 9642 100 9236 6889 4094 4563 6712 3012 2 2962
451 6046 514 9055 1430 5839 9782 300 3007 444 3143 3172 1415 1341 1997 4383 8673 8340 6305 6270 5762 7880 5715 79
452 2892 1902 8629 7773 162 3670 2101 9618 7040 454 6693 4141 2213 116 683 5862 4352 5064 9834 6613 5962
453 8146 5176 5566 9926 2225 1742 5079 2541 44 5240 7880 5339 9004 8688 7078 6909 1383 1731 5437
454 6882 3943 2828 7401 502 4265 8400 3604 5102 5101 4313 3089 208 7856 9848 8125 6986 3521 321
455 6441 6359 7155 4210 2974 5147 3415 1315 2169 9458 3975 7684 4985 8307 5219 321 2962
456 9872 8118 3522 1358 7715 3224 5706 3970 5039 4522 4973 6403
457 6097 833 1451 5129 5519 2679 2389 7535 5669 4416 8333 2524 5748 6486 9301 8844 6030 5848 6672 3836 2962
458 9640 7295 2330 1580 176 8408 3479 3252 7594 2350 2814 3032 1358 3936
459 2877 2261 4488 4267 2145 1194 4572 1183 961 9063 2288
460 7734 8512 7453 5128 5464 1362 2763 7362 133 5581 742 1979 2052 7699 5412
461 6123 4735 6478 4504 4952 1518 9645 4214 8583 421 8525 2501 1668 321
462 1475 392 7585 6040 6156 9811 5196 5725 7932 9464 1174 1774 9968 6827
463 973 1615 9823 7874 6656 3798 6596 4611 1076 2195 1728 9479 8177 5572 6635
464 4068 1784 3028 3825 756 4823 6088 2399 9805 576 2415 7675 4456 9722 5393 6020 5715
465 5537 9856 4667 3539 3855 1076 2913 6491 8846 6978 876 2554 1241 1149 3468 321 8125 2962
466 3025 7604 1829 4990 9476 1970 1692 1033 2810 8588 4705 19 5895 9659 3728 3982 7575 6021 3836 3012 2288
467 8509 1267 9209 2314 6728 5173 6290 1937 5844 3184 8486 1625 1117 5412 4624
468 2725 72 9503 8784 7096 4392 9425 7313 1022 7817 873 9273 7320 5072 7517 9533 2288 2240
469 4509 7391 7341 1649 7742 6467 1125 2984 5133 9905 4968 9436 8522 8987 1734 5175 183 8994 79 2240
470 3675 3913 8430 3840 7816 6186 1384 2341 642 7645 1567 2127 3077 6014 8431 5962 935 259
471 8760 6148 3707 9434 1561 5421 8330 6649 5847 6298 5340 4385 7153
472 9716 4349 5224 3548 7749 2435 9308 9723 975 1579 4674 3580 1734 8005 8387 3936 2240
473 2437 7435 2129 3272 8230 7876 8920 124 4532 5755 3941 7957 8183 4855 79 6938
474 5283 5726 9664 6814 4809 1169 1386 1312 6986 7053 9599 6045 9007 79 2962
475 3987 694 1763 9631 8330 883 5550 2850 5646 1848 7932 5446 5880 8644 6938
476 7732 4736 7231 3877 5974 7708 2006 6000 7028 4551 8417 2345 3261 6327 7652 1299
477 2993 3275 7832 2559 8908 3319 8915 7845 4078 5126 3782 5162 6057 3377 1289 7153 3982 5715
478 4939 8626 8369 7678 9231 1280 437 3309 1584 9867 5995 5895 4306 1252 9533 7438
479 4441 8302 6981 6699 7167 8675 354 2926 849 9504 481 116 908 5962 7762 2240
480 799 9708 5110 3957 5553 7459 6332 3100 3624 4074 8576 4316 6827 925
481 7912 5944 9538 5591 3816 9683 1820 3961 2682 2522 5193 7965 3894 7949 321 9968 5715
482 4654 3334 6183 2368 5470 6857 165 6162 2058 3234 9420 6827 7133 5373 3795 8908 6021 5715
483 4087 2775 3 2264 6035 4678 8874 9799 3332 5938 8900 7787 8130 6778 5715
484 890 9793 9511 84 5381 4330 5275 2464 7417 123 333 5866 2986 7438 9129 6613 9968
485 1354 8929 7536 2303 2634 3514 2908 8325 2109 3468 808 2797 7193 1923 8329 6552 5643 8671 8043 1984 2240
486 8423 9388 9549 8087 3399 3326 6570 4438 5812 8923 6378 9168 9453 3584 6049 3543
487 2346 533 9386 6952 8911 1710 8481 2539 3771 526 5813 5186 8962 6306 5219 8431
488 5172 7446 5273 8636 190 4011 255 7840 1951 1770 9039 2478 4021 7751 5412
489 5007 8845 43 8101 6193 7863 4624 2186 4393 2184 8595 2808 1868 183 583 5880 9545 9533
490 9394 1668 1814 2249 7959 3473 1527 467 4648 3432 6298 8081 7101 7517 3103 6404 1790 7652 2288 7864 7762 2240 9533 2
491 7270 2869 8107 5468 6391 3950 260 5776 4756 5401 6379 9802 4077 4314 4787 6611 3232 2121 1774 427 5869
492 6935 5366 7509 1038 5807 6163 9986 2582 7580 6774 9723 9646 7751 9545 9008 935
493 2679 4280 9206 1069 9362 1502 7526 2033 1411 9504 1410 7639 7864 9354 6967 8431 3371 4199 7762 321
494 5088 6599 5094 298 8213 3105 6725 6981 4745 6818 7261 654 6672 2383 5962
495 6330 3268 7784 1508 1486 4895 8619 3588 959 605 7120 148 5848 979
496 7491 2034 6180 3233 368 3385 4512 6602 1850 5051 6269 2666
497 4653 4852 5480 113 8724 3926 5237 3867 6690 7373 5775 8491 4134 5156 7864 79 6021 2288 321
498 7175 4528 2796 9860 1599 4386 836 1208 8564 5987 3935 2412 1868 8134 1774 427 6938
499 2574 1473 9091 5247 9148 7726 5591 5595 9631 4177 3364 8609 3877 2209 951 3012 427 2 5880
