500
0 1791 9021 7474 3261 1470 5005 7561 6472 9807 3469 2645 1207 8413 8366 148 2404 6534 2892 4020 979
1 1375 2349 1924 548 8699 6205 8987 4010 2554 412 5790 2207 2816 241 7583 9276 205 8470 1139 1625 4129 5064
2 3963 5085 4092 5244 3528 1216 4332 6644 3608 2754 8590 7242 9580 1557
3 7125 4076 2258 9464 1665 5827 5622 6956 8251 5300 1098 2784 4541 4230
4 6613 2555 774 8209 8832 8618 3828 4646 4319 9577 1668 8768 7481 1973 6389 3802 9878 9993 3950 5962 5232
5 7652 8711 4341 1634 8107 9093 1444 7753 4589 3087 6617 6915 7992 7834 7467 4439 2760 5258 3731 2396 8217 6676 9169
6 5948 5979 2028 1580 5621 2640 6412 7413 6061 9698 1087 705 4958 4412 6826 3660 5887 132 7419 3936 7055 3012 9842
7 8726 9205 4223 6653 6598 9075 4029 4744 2152 8284 7530 6325 9564 8979 6405
8 8487 7413 780 7845 9739 5748 3678 3925 1943 4909 3144 5259 1084 8279 1205 9096 7997 1183 8696 9733 654 5783 1472 1615 1452 3188 5228 7842
9 6062 1822 8683 622 3723 8495 7463 4226 837 3176 3391 6692 8352 5977 196 4869 8498 9733 9613 6306 8043 374 8284 4199 5412
10 9197 1105 2510 9342 4074 2175 3859 2868 1299 7672 4851 6170 6986 5131 1303 4569 697 6762 5981
11 1157 7026 8580 9745 5072 1728 889 1477 5652 9023 4875 9464 128 1617 8637 2471 9699 4526
12 1117 3073 2577 6831 389 828 4626 4435 4500 5610 7916 436 4014 2288 3326 8512 7790 2962
13 6613 9244 4314 6967 4199 8634 7516 2041 4448 6433 4662 2986 490 311 8125 7837 2892 4855 253 5188 210 8089
14 7012 9930 7699 780 6967 9914 8277 8364 493 9303 71 7228 4352 304 5458 700 88 1535 5171 2342 252
15 8130 1668 3982 6467 6007 4907 2652 6766 9019 9393 602 7344 7572 2320 6651 945 7772 7829 8028 5451 8874 4151 5946 1731
16 5629 7825 3310 7873 4776 3339 4071 7014 4336 9244 9014 1556 7888 3673
17 1123 950 7431 5907 9194 3038 2243 1467 2430 1280 1591 105 8068 2904 647 3836
18 6502 9703 5064 3268 6931 4596 7000 4213 7815 5479 9202 7120 9976 7299 5237 1989 9184 5400 8651
19 2598 8221 4060 6696 3835 1212 1133 5269 4326 2782 976 3884 6461 7304 2663 5739 5155 9601 8858 3371 6334 3023 9160
20 1031 3320 836 4070 7575 3377 5880 4126 8639 4155 6694 4547 4538 4597 8007 9520 8484 9199 738 1668
21 6400 2128 1796 8455 1101 325 3222 5126 4954 4816 215 7372 2324 6074 297 5509 9859 9759 583 5437
22 7165 3173 5679 7605 1168 2932 8860 1766 4904 8521 2501 8406 6538 2288
23 9689 5409 8754 4306 2595 9125 3418 3790 6827 2451 2574 5750 2563 5025 8193 9301 2
24 9842 9139 2984 5310 3467 9532 2937 9835 454 1867 2071 1259 2412 4945 8989 1528 4176 2123 4664
25 4340 4314 7751 4705 2666 4377 6652 7 755 6852 3719 3105 4666 3913 4687 1408 5721 624 2037 8959 1282 8863
26 3376 732 8636 689 6785 5303 3457 3872 4990 2245 4841 1420 5261 3103 4907 311 5784
27 9496 9982 4027 5069 3174 8268 2597 5834 8473 6191 9135 1479 4556 3984 3122 5572 2297 3943 617 3783 7055 4020
28 8931 4784 834 9435 1917 4844 4486 5747 455 699 8524 8344 5341 5278 6049 6148 1806 5632 6281 8531 1694 439 685 8205 2175 7120 2670 7713 1105
29 2643 3371 9881 7134 4136 8297 9 1601 5275 2234 8502 6787 3355 6702 6438 2842
30 3612 9742 9505 8538 1661 8922 1307 6855 2930 2373 9768 9990 8048 9744 4149 3745 139 2
31 4107 6421 5887 307 7710 774 3110 7563 4674 115 4551 1230 2555 7890 6101 8897 591 1305 9004 7759 8293
32 2288 745 9043 6986 247 847 8307 8812 84 936 1871 8197 5903 9832 3705 5108 8523 2946 9838 6330 6532 4626 8174 3498 5166 7664 6374 8040 7335
33 4086 1737 8396 2014 4651 7885 3008 1981 7601 6187 7281 2059 2934 7358 94 7883 6029 3393 9354
34 151 2392 2077 9241 6485 4513 5417 5413 2680 8792 3077 3360 3986 3323 5939 1799 139 3073 5880 6538 3936
35 3074 2685 9615 8043 1710 6561 2277 1747 2166 2835 8511 8137 8139 8970 2741 6993 221 5866
36 4352 9955 7933 4874 5822 9413 8689 3585 5491 2322 2060 7802 5505 5912 9409 9187 9144
37 9640 7744 6687 5408 5982 7155 981 8784 1533 8071 7716 3687 9367 5022 6494 9664 7258 6134 6549 3074
38 3684 872 7162 6635 678 9235 7626 5338 8680 8065 838 7240 2475 1468 1090 6775 1275 7733 6139
39 476 6699 1345 6198 6060 1953 2016 4726 1642 7980 9707 1774 2199 7033 3525 41 2205 4717 7751 4897 6258 2240 5762 7153
40 3144 4517 2617 5862 5099 6281 9459 2809 9306 1966 268 8573 9538 3167 966 7681 5658 5922 873 989
41 2958 574 9522 5523 1491 5060 2570 5548 1397 5113 3286 4211 3686 7220 9227 7332 534 1625 9968
42 6281 8593 2653 6193 2411 1534 8905 3515 2697 6154 5009 3348 8954 988 3547 3488 5524 8896 7426 3964
43 9846 7920 9719 8179 3079 5594 7949 4363 3891 7311 7943 3419 1875 7864
44 8716 8134 3516 8335 566 2941 8382 4985 8269 7870 9212 7581 6964 9780
45 9829 7060 2 3047 3588 4583 279 7422 4931 1440 2628 1014 2472 8050 8125 9025 7949 9199 3023 5340
46 8105 8990 8605 8883 9152 3807 1289 8880 4385 8162 3526 8866 9266 3854 4200 5656 8711 7481
47 6285 6495 3679 8031 3349 861 6582 148 7828 7962 20 4052 1450 1081 9993 9548 5880
48 8325 2128 6528 7938 3814 2871 5384 3233 9063 5180 8529 8095 2662 3857 4482 5435 6147 7124 7230 6327 9968
49 4214 1702 3843 7434 6587 9605 557 2480 523 1789 5195 6270 1577 2240 2511 4297 3774 8542 9600 6073 1668 9013 8307
50 2613 6639 502 9528 259 6497 1162 6901 3574 1691 4488 4050 9822 7213 9036 6082 5359 9573
51 9191 7485 6301 6071 1439 9407 4966 6938 7253 2768 4401 626 5151 6992 5557 7833 408 5920 6573 8941 5748 9615 7023 1025 7949 935
52 7755 1740 6925 82 2962 7742 6248 2731 6456 6100 5106 4761 3751 5778 3350 919 8910 9244
53 8414 4834 8549 1666 8168 2858 2274 3356 3416 9770 2121 7577 9028 6363 2755 5595 443 1429 5014 7456 6270 1607 6938 447
54 935 5507 2052 6492 8354 9915 1954 3586 2898 2530 7031 8579 2206 3461 6101 9535 4624 9623 5440 9836
55 1110 4804 9120 2070 7855 1919 2414 8144 7488 7330 4073 9016 2929 5527 6797 7147 2239 3354 7240 427
56 6938 5714 9533 5902 9443 4096 2429 7880 8702 8214 9336 9921 1262 3566 5564 863 5615 656 7874 7665 6662 8090 6447 5917
57 9007 8994 5326 1557 6013 448 565 4696 8199 5601 1390 2361 7333 5969 9688 9716
58 935 4311 7709 6980 6537 5654 7864 1565 9450 4140 9869 3565 3732 3543 2677 2544 8756 9619 3916 9684 469 8428 1770 6137
59 22 443 9545 1774 600 7989 6812 6897 9840 4950 9738 9007 8752 2121 8368 6902 941 4723 625 6178 4801 3012 8005
60 9892 3386 6197 7508 1016 7903 3281 7479 2457 8173 453 7929 6109 3113 3936
61 5301 4972 1122 2900 6241 364 4419 5008 1047 1979 6708 4430 447 450 4199 7652
62 6727 5224 3232 1682 6381 1900 7413 451 8102 8346 1225 7835 3423 9900 7906 4035 1121
63 1175 5390 250 6541 2951 5497 5804 1785 8953 3138 5988 7619 9148 79 4624 9139 4079 3463 6613
64 2537 1916 1172 1283 9587 6170 3759 6162 2626 3115 6054 7442 5110 2712 560
65 7120 3335 1584 7783 2659 183 6360 8813 4219 2422 8125 5078 5135 8582 1574 6539 1546 842 6144 7782
66 1625 205 8352 3022 7269 8208 6469 8527 696 497 5735 1075 7447 4156 1414 2147 413
67 3651 3549 6168 7636 5428 4849 7296 5561 3548 8266 9960 4184 1534 5748
68 450 8733 6258 9083 1698 1250 8305 7718 5251 6032 1892 2551 4080 7075 7115 2764 3961
69 427 9244 6196 3427 3964 75 1343 7710 5493 3992 3002 6801 6131 3210 1400 3195 8894 1781 8729 1430 8684 1918 4951 2910
70 3163 7997 1993 1437 5848 8621 338 116 8349 7433 23 2534 1119 1586 6292 8522 6625 3505
71 1429 3074 1580 6250 3830 7289 7179 6978 3166 5393 8183 326 136 2432 9338 5412 6752 2298 8508 6747 1668 9917 7806 921 7131 4362 9330 2863 8209 793 286 1227 2897
72 6938 9842 2533 8603 4089 7194 5544 9299 9622 4459 3161 4281 6491 3540 7135 6102 5698
73 8053 2184 7771 5503 4079 3969 4995 336 3102 3146 6370 168 1081 3263 6367 2788 2681 7500 4837 9732 6595 6101 75 5053 3584 1134
74 478 6499 2114 164 4888 8243 1776 410 5911 5923 5631 8701 3573 7800 7517 351 2085 5677 6044 9842
75 8309 9498 5777 9961 2476 4271 6213 4704 3428 6192 7585 7593 8125 6232 1787 557 8534 139 6817 5458
76 2240 3074 7153 6790 3376 76 7292 6003 2796 3721 9736 7679 9954 1788 8498 7018 6718 1515 3120 5715 7221 3882 8920 9470 3841
77 4890 4168 284 1305 8589 8151 7432 8238 6327 5449 3213 2815 8193 6642 8671 9959 630 7682 4399 6962 3836 84
78 8776 3049 8986 7004 1678 247 9557 9139 6316 8778 251 6951 2557 4728 7968 5005 6054 8125
79 3830 3869 4801 9075 7948 5347 1908 7849 2252 4403 2417 6346 5302 7205 56 7874 9317 585 2057 1140
80 352 2005 8209 3602 6584 1299 4765 4027 1125 9889 7166 6710 1435 4315 3285 214 4654 4831 9722 1319 8169
81 133 3048 9677 7304 9055 1860 804 9667 7606 3747 5441 6640 7329 5456 2240 9239 7615 655 5421 2157 5193 3163 3207 6613
82 6963 3946 9798 5124 4514 4721 9872 1626 8643 826 7453 3795 1534 7782
83 1780 6615 7078 9299 9548 8022 72 6952 4320 8167 2231 7669 7771 2390 5266 4533 8740 7097 5083 6765 8812 3553
84 4842 1044 283 9636 9188 9040 1710 9025 3689 9301 7 3022 6280 4852 356 5532 7459 9962 2962 249 3961 5966 5715
85 2485 4350 1106 2032 1757 1040 5029 7590 5004 7443 6210 2962 1752 2470 8132 824 8082 7732 9573 2155
86 2240 6547 7285 7200 1429 9669 967 1914 7418 9944 3009 3282 6237 6110 4134 7574 2892 6797 2568 3958 6889 6734 5117 9704
87 3316 2307 5825 5580 8493 2496 1218 4100 9741 8343 2295 8736 1003 496 773 6052 3850 7968 7285 6161 527 7429
88 5780 2240 8145 9953 5862 3662 6730 996 6850 4229 3059 1597 8692 9506 3251 2260 4314
89 7193 2340 2092 9422 5680 2408 1428 7707 2468 9820 8373 8831 7545 8306 2139 7919 2263 9293
90 1554 8904 7752 5555 4847 1208 930 2266 6672 4244 4175 605 1353 9852 8000 1308 8895 9289 9834 1391 9483 6464 6613
91 2600 8836 3092 3545 1585 6403 3053 8586 2121 5547 1356 8604 9761 4147 6221 8110 8976 2460 4094 9777
92 4180 4971 4699 6551 4629 782 8516 9265 6035 3529 1738 8496 3553 1199 8134 357 5371 6296 9273 9955 321 3830
93 4507 9797 8126 1002 4182 6492 9421 5412 3325 6393 3717 517 787 3278 6187
94 2112 7090 135 1379 2052 8401 9687 5537 407 1530 8801 3371 5437 1642 9086 7949
95 4264 7233 4728 7203 5287 788 5856 9850 927 3781 2648 6135 3584 8547 8417 5451 650
96 8116 8293 8210 89 8540 8749 8817 2916 2997 8620 7357 7971
97 3936 925 5412 2209 9193 9826 3741 1529 1052 2860 7183 6674 7108 1267 6613 4224 477 4429 8267
98 7429 876 6631 9692 257 3012 567 5307 7164 5295 8671 3192 3716 8828 9108 607 5766 6075 3982
99 9852 5122 7457 9007 9038 7114 4423 5099 5685 1080 6185 4648 4330 299 5483 3727 188 8104 5639
100 1498 2212 5194 4501 1192 4280 8722 34 9252 5708 1739 7241 4364 4160 9500 6125 3445 3744 3144 6020
101 4035 7012 9709 3521 399 2974 9573 4346 8742 724 4025 9567 4985 3276 1492 7550 6849 9681 8307 6083 2604 5800 7276 7439
102 2647 9271 8074 225 4679 3755 8329 4871 7312 9857 8443 486 843 6286 7456 2003 238 850 5660 5156
103 5446 5677 2150 9720 6982 7234 2605 3341 5432 4986 6347 6157 4710 969 3567 3932 3241 564 7556 9787 9669 8005 9598
104 1149 625 5933 3909 9357 8939 9943 5240 174 5894 3522 2998 2293 4808 9530 7996 1289 7012 2413 7709 4567 6537 6082 9007 1668
105 9224 1763 7320 9225 2118 309 2635 1829 786 8452 8465 122 5334 3290 9312 7975 6030 7586 7670 4957 2662
106 935 9007 4199 7517 261 8697 4519 543 9514 2582 1668 1357 8125 7079 1117 5715 3303
107 9137 9632 1831 5138 3254 9606 2961 8391 6226 9183 6471 3838 4290 4246 5548
108 5006 1971 6126 529 7126 540 3144 5704 7531 7759 6380 5173 9644 9665 2741 5758 3830 9244
109 8431 935 2577 9199 7187 2864 9444 7925 958 7486 6805 3586 1461 4170 6122 5396 7858 4793 716 3718 5715 9031
110 3504 1581 9731 8598 1112 6881 5141 7967 7284 7429 9411 1145 8351 3490 6200 4340 9284 462 7032 9265 6082 7392 6101
111 6938 8174 738 2422 621 3437 8761 4679 4991 2644 2179 113 4474 8019 9449 8300 9593 3101
112 8932 2176 4823 2634 2278 6949 2146 2018 9610 79 8387 6373 7621 4304 1503 4750 5608 2121 1728 2704 321 8994
113 6962 374 7413 3950 5049 2061 4396 4865 7921 3145 6459 882 4102 278 1839 1071 6251
114 9723 5063 1633 6323 8700 7 9616 2 5399 7310 504 2803 6586 1539 9683 3130 3887 1058 4311 1668
115 4035 6467 5762 399 5966 1429 9111 2290 54 2218 1631 3813 8765 7889 8870 8652 9124 9515 8441 1204 538 8146
116 3530 5492 6034 9746 8883 396 5152 5156 9161 7715 1134 3501 2508 7797 1984 5788 9199 8498 9244
117 6938 6613 935 9127 2724 3143 5918 2734 5115 4558 5014 6789 6516 3024 3103
118 6261 8027 7896 6643 2318 4939 9086 7154 4317 4840 2586 1904 3058 8295 100 3835 904 9432 5636 6585 6404 6170 3894 4855
119 2739 176 2876 4873 5466 505 2537 9034 4274 148 5233 1298 604 1595 2922 3936
120 6054 2643 8716 6153 5305 6165 3376 7742 2443 7758 8158 2226 6920 9494 134 3538 6369 3184 2982 9065
121 5247 9192 1265 4720 4277 6566 8203 4285 178 7860 2571 8750 6821 4167 5862 7575 7736
122 5245 9178 668 468 7912 4633 5318 6560 9912 3451 7501 7558 8159 434 2494 1625 1648 5340 3074
123 3158 7706 9848 1593 8891 6578 1478 9988 7133 9431 6258 6313 2279 2818 5929 9129 24 80 7288 4490 4367 6817 753 6613
124 5412 4660 3602 8601 352 5419 6621 7122 811 2723 79 3981 7157 2058 8951 6896 1722 1933 5917 2019 7072
125 2327 4314 6677 7927 1152 1362 2889 5662 8674 6900 8154 9040 9786 8848 5052 5386
126 935 1625 4985 9010 2699 2643 2052 3017 2657 8289 4649 5483 2171 1454 9874 366 501 5442 1290 4941 2165 6226 3364 7684 5500 4780
127 8130 1668 2517 3993 6624 4082 8241 2099 4883 1724 6613 4170 5746 4020 4035 9451 9073 1601 6376
128 9968 4314 7883 2537 7133 6882 657 7557 3032 3137 4786 8977 3157 4813 118 6743 6954 3631 4948 1223 960 6262 1850 2607
129 8233 385 9404 2 965 1988 3830 9694 6181 8091 3243 4734 5073 9891 6938 8345 6827
130 5198 4901 1295 5316 8644 5330 6978 9174 487 353 713 4481 8985 8410 9533 2962 270 9327 6936 3578 6463 9089 2128 1289 2182 2
131 3894 84 3070 7949 8718 8617 1042 1693 9679 4573 2926 6282 6155 5519 4977 4450 9989 8423
132 8134 3982 4484 8495 8839 1911 8827 3972 360 1144 4375 8724 4087 5593 4188 7579 9380
133 979 1105 9230 5788 3194 2999 6212 4835 5176 2227 4672 1896 3365 9848 325 545 7425 9323 2150 9576 8062
134 2088 6115 6427 7513 7639 8365 3481 6134 7609 6514 3622 9693 6454 2521 9555 1734 9443 5149
135 3653 6044 7820 9461 9861 7769 1317 3568 2034 78 6938 25 6375 5664 3958 7624 9584 308 5477 8293 7683 7699 2
136 1721 4777 7930 8515 781 2196 9345 7283 201 6235 2155 8933 8491
137 4880 9911 5367 6613 2761 423 8587 8253 9049 4008 7150 105
138 7153 8710 8056 5053 8181 7444 9114 2103 647 2687 5559 1134 4107 2142 1605 4770 8193 7649 7699 2001
139 6101 9461 7709 9037 1968 7917 4388 4121 8890 7628 5748 929 6937 4470
140 3664 1117 782 3590 1907 1469 7792 9512 9282 818 2848 2459 4506 6827
141 5715 7069 6048 5637 8012 1186 3047 843 5346 6916 7995 5267 8950 1274 4957 6899 7438
142 7699 4341 7201 6271 4112 7852 6428 9517 7408 1667 4107 7472 4731 6089 8470 4614 1156 2736 4639 6387
143 7179 7936 6790 1465 6303 2431 6724 5293 7180 8476 2098 5144 1028 1279 2773 1353 8722 8406
144 8711 2175 7600 4779 4116 4328 5949 4728 7714 8585 240 7461 3476 6982
145 6750 6909 5607 6961 2393 3044 5687 7708 8044 6139 4647 3411 4099 8186 5028 2960 7507 4985 7101 5323 9615 6613 9007
146 6355 5846 3831 8172 1710 3084 8408 9110 1562 1431 2213 1490 9673 7454
147 5605 5112 1963 820 7694 7146 3630 7351 8554 9791 2896 6113 9207 9301 2611 4985 4521 7743 891 3753 3316 5677 8947 9965 5322 3377 6920 259
148 1085 60 9844 6515 778 5612 3728 5002 6518 7325 4053 2215 1950 4707 1696 3054 2183 9652
149 1984 6592 8462 7599 4407 2857 7631 8358 6054 4803 8766 9710 7547 3060 8646 229 9156 800 2670 3830 9533
150 6778 5401 6687 7762 6523 3580 8263 8025 822 3061 9990 1668 887 2169 8228 4767 7741 3045 6744 979
151 1524 183 5003 2558 3753 9615 7587 6276 6807 1546 2805 2908 2007 9102 3261 6919 5558 9848 5437 6321 3672
152 2407 205 7153 1454 8043 2705 4921 8845 4993 7487 2289 5744 2785 5660 4347 1335 4043 2155 9139 7379 8775 1912
153 367 9374 8425 8862 9831 8386 9164 6331 9305 8298 2365 983 7854 6470 2421 1640 3907 2979 1121 2422 5340
154 9316 2414 5840 5086 2965 6291 3158 8433 1663 5858 4312 5528 9795 3799 4941 9397 8495 7653 4199 4035
155 3074 6404 9160 4619 6390 3877 7533 7734 5908 5023 411 2933 7765 3776 281 6283 8980 4093 2855 1142 6305 4923 7960 7517 7610
156 8994 84 569 5507 3877 2074 8092 839 4144 3041 9418 8597 3482 9424 7979 5068 5280 3885 3629 9351 6895
157 2155 3393 7795 7044 5204 3733 7429 9112 2869 1188 316 4787 926 6360 5467 135
158 7759 7992 5989 7961 7400 1049 7688 3012 110 3021 4908 854 120 4562 8686 4237 2036 7235 1138 3783 9129 183 5880 7088
159 420 5038 993 871 5674 5335 145 5784 7673 3036 2182 1756 3739 6460 7428 5477 5263 1600 8370 7055 2288 5848
160 9244 4314 2773 4341 3023 6910 9562 8805 6351 4812 6379 8780 6327 238 2550 4855 1531 3494 365 729 1471 9013 4241 8552
161 3576 5713 7367 2190 1195 1056 2341 69 1039 914 2962 6547 6715 2100 7652 7225 1927 9510 4357 2715 7511 8406 3885 7153
162 4378 718 1169 472 8821 3600 9011 8194 6152 649 4531
163 321 7438 5848 3830 7787 8134 6020 6688 6888 9408 6506 8057 1263 3259 7173 3634 7127 2003 7413 8803 8998 2943 3935 2630 9398
164 9013 6584 7296 1986 6675 6949 3108 7249 2187 888 1383 5688 1871 8887 3395 7410 4505 6680 9048 5465 1987 3326 7861 9476 7163 7365 5389 917 7932 9132
165 3432 2682 3998 1394 1375 1683 9270 4206 3920 766 5326 8717 491 1812 427 7949
166 3383 5867 5732 8716 3926 5134 4948 3338 6088 3966 2716 5999 6756 1544 8130 3434
167 5412 4985 5304 8022 6671 348 480 4588 5775 949 777 1708 6 2286 7213 3880 684 3772 6377 7519 9463 6359
168 3905 9765 2028 9461 4664 1731 6609 1548 2437 6905 4914 3089 973 1873 6401 1608 6140 6087 7541 6567 2792 6254 9671 7087
169 1981 2676 7807 9015 4799 5044 1363 2446 5186 2049 3368 291 8227 6258 7730 6742 5762 2679 8439 9444 1774 6292 3408 6613
170 397 8116 3486 3089 3543 2752 5251 6360 8850 9549 7733 2204 260 8272 6337 3625 1453 2249 7193 9265 7206 650 7759
171 4622 3374 4797 9036 58 6861 2326 1341 6622 6092 200 3015 9501 9789 1064 1904 7237 5814 4791 5609 9560 1353 2685
172 6196 2299 5964 6002 2004 717 5954 8561 2800 932 147 5960 3111
173 4354 901 4698 2696 8235 9843 5552 354 6627 79 7919 9858 7071 8773 5647 4266 2288 4712 1160 369 8668 2766 7029 5704 4168 8812 3012
174 200 9621 4311 1534 1619 1972 6134 3606 5077 1576 9706 3632 5047 5320 9483 2698 2158 4340
175 4909 321 3468 3536 3677 4604 3458 2515 2595 6176 7156 952 8103 8416 6843 9970 7737 3521 6409
176 2898 5961 1800 3429 3990 4532 9862 193 4236 2531 5582 809 5242 2193 1343 2945 4901 321 9842
177 8130 2387 510 1196 8155 867 3655 7294 8526 4379 3584 835 8829 4610 4359 4232
178 2693 1869 8133 1606 4975 2329 1246 1960 2699 6145 8834 5538 1730 7341 2420 9113 2171 4886 5412 7856 5239 3240 3113
179 8387 1358 4923 6240 8557 8731 6426 6258 2453 7456 6706 3116 9543 7197 5831
180 5520 6188 3079 650 6416 4337 8794 8442 7968 7859 6795 5321 9392 5331 4228 1782 3071 8490 3075 9659 6737 3602 647
181 2444 9649 3665 2008 9348 6834 6735 8676 3904 1760 7886 5779 3502 6481 5849 1900 412 1668
182 7296 2643 8445 5715 3926 7182 5048 7806 2527 6460 7688 2377 2529 9825 203 6358 1213 4487 7675 5260 5921 4033 719 1741
183 5458 1256 6744 6938 1150 7833 5915 2087 7352 3329 9484 7630 5153 3309 9991 7739 8824 3432 5494 3812 3820 2732 1043
184 3894 5962 8741 9812 2332 2467 5345 4284 2096 8021 8947 5738 7045 499 9669 7902 6953 1276 5445
185 979 3163 8386 2349 7005 9196 8489 1000 8468 1810 9650 1596 1393 431 2519 56 2114 355 1641
186 8043 1658 857 4974 2857 3012 1607 6867 2343 1587 5119 9848 4559 5796 4708 8324 3279 4818 7355
187 2288 427 4180 6486 9757 9551 8092 6454 9062 435 7689 9661 2533 2630 4242 2404 507 8230 3910 2505 794 6555 6798 6616 866
188 5030 7040 8714 66 2116 7110 7027 1550 9270 1127 7680 7678 7997 6386 7023 9714 6332 9444 5323 6095 2666 3728 8125
189 1583 6326 1367 8313 4253 7775 6334 4795 7652 9347 6151 1371 4781 6299 4276 2856 7683 7880
190 1383 2437 7762 259 7839 5309 8200 2246 2621 5215 221 734 5164 6274 7489 3269 1332 6623 4866 3942 9800
191 2223 7136 3666 5651 7864 2503 7076 8799 6713 5650 2727 2698 3936 6827
192 5788 5064 1833 7544 1102 7983 5843 8147 9186 771 8078 1463 3220 3497 6417 1986 9313 7476
193 7788 3072 3766 6538 321 3207 5481 9379 7385 1383 7801 154 7449 4953 4581 935
194 4326 6827 5715 7791 7652 5962 5448 4647 8644 1488 7944 694 9902 5854 7727 1814 5666 2651 9219 8008
195 6453 6509 9311 5771 1495 4377 3981 4963 4858 8966 9656 6014 4385 2804 8402 3077 106 5864 1104 6554 8487 3261 8711 4367 2962 6584 7652
196 6201 753 3314 3853 6014 417 2612 9896 5386 4195 3676 3370 9155 1700 2704 8344 8579
197 7622 7474 2010 1153 259 1482 4690 4259 6912 6227 3995 736 508 3894 3783 4909
198 8930 3226 1932 4828 7409 8254 3897 3109 1067 2186 5581 3146 8663 7407 3756 6224 732 7627 5689 1248 3493 8644 6067 9842 7153
199 7526 8533 6186 1154 2666 9657 5962 9558 9416 4293 2970 5101 2237 5517 8332 1146 6369 4189 4093 7545 4855
200 79 7762 427 9988 5589 6236 6545 7666 9977 483 3061 6058 5080 5142 5383 3240 2353 5412 362 8556 6875 7177 2745 3135
201 1429 3427 3379 952 1473 2495 2987 8389 4489 3745 2141 9580 7686 2539 8973 1125 7570 8342 7602
202 3074 2327 9270 4356 2183 4679 2346 4594 1193 3735 5848 4056 3775 9701 5313 3609 5125 519 1060 2423
203 1150 2894 2019 2424 4878 9279 7419 819 2005 7933 2562 8871 4686 1656 9771 7434 5041 4278 2768 2957 352 2121 5748
204 177 1705 3403 6869 9918 2865 6051 4468 3114 2062 1623 7841 6933 7596 8220 2735 7676 1843 4909 6115 5064
205 9075 30 6258 8431 3005 2623 466 8613 1035 3097 8751 6641 3479 7030 4693 272 4431 9493 6153 8507
206 4520 3080 4037 5391 4210 7560 4534 450 7217 1893 19 1109 8494 3452 3877 1385 7699
207 2288 7153 1668 673 3675 5896 6558 1808 6233 2986 4177 8672 4154 4564 4289 985 8121 4035 7364 9236 2668 4709 2740
208 6458 5411 5821 457 726 7929 7105 3635 3334 6920 9104 1590 2827 6044 9075 269 4060 6302 4544 2707 8453 4034 4065 3543 5566 3305 5322 4418
209 2288 8654 627 6987 4979 8942 5328 4496 1835 5218
210 4313 300 9633 7618 3944 5304 3842 9668 1611 8982 900 4084 3035 8481 4891 1368 9412 2375 4745 3410 8005 9270 6020
211 8881 2781 4680 9041 3885 7564 9247 2026 8315 8069 8785 3363 8819 3435 8332 4261 8406
212 8470 5869 9139 7869 7012 7671 3862 1178 8705 3777 296 3762 5861 6860 394 6479 6295 7904 9248
213 4035 1625 4343 4567 2327 8650 8647 5066 6202 5360 2104 5217 9405 2414 5848 1784 2305 5719 9238 7007 2603
214 1668 4035 3964 3513 4949 26 2228 1407 6659 4737 4983 4162 8571 9721 244 613 3581
215 9244 8841 2643 3784 7907 4814 1045 9466 3703 4151 1191 2167 5179 5953 2713 2651 7252
216 5445 7038 1877 4110 3506 1985 9168 9318 2722 9098 2770 7104 6344 8167 1353 5848
217 5412 1947 797 4760 5882 7370 7762 8474 3847 9559 7055 625 9029 1775 3729 79 883 7266 4414 9586
218 6913 3362 8185 8069 5773 5061 4967 1552 8733 8673 3129 9050 199 1197 2274 6289 9491 2935 6531 79 8788 8982 2538 9007
219 9283 4636 4007 5239 157 4192 2055 2668 138 3172 1564 3652 5873 598 1190 8781 2080 7053 7756 6920 450 7762
220 9395 9374 6451 3681 8223 6298 8856 8130 2938 3395 4129 4548 4402 5813 6365 6042 8670 1864 1216 7946 7342 6621 3641 9462 8539 5775 745 5762
221 6415 3128 4916 3165 5454 4199 7481 698 3779 1288 3626 2610 8631 2109 7940 6269 979
222 9299 205 4376 6395 245 5841 7368 9119 7909 2072 8601 9172 8609
223 6391 4494 8807 1097 8798 6418 7406 2214 4792 6211 9969 9353 6733 9975 8908 3543 7790 9075 7949
224 6767 5095 6544 1059 1931 4857 6077 7617 9511 7813 9783 7950 5020 5764 7426 1116 1999 6547 8491
225 2327 8116 2555 9213 4339 986 3065 4740 4368 5433 2589 5560 6693 140 2175 1405
226 8284 3077 4035 7050 2264 4326 1401 2033 1763 8327 3554 542 850 6124 1847 9027 4015 211 3557 8838 2275 4238 5219 3905 7142
227 207 3801 1560 1566 8859 5088 2797 3753 8484 4179 1255 1979 9359 6161 4077 3866 9300 6557 9402 420 7429 1105 5775 1085 2732 4107 447 2240 3877 2555 8994
228 1774 5296 3833 6357 5563 7698 8867 9291 2903 6141 8429 7786 1793 402 4349 2990 5248
229 7949 3543 9199 5412 1355 9001 2959 1828 9215 1201 8450 2244 1562 1826 425 767 9377 8685 9364 3262 9666 9646
230 2555 7296 7 4222 6547 9007 265 5283 6482 6161 7884 3023 4561 8975 8098 5206 642 3956 5904 7970 6465 6143 7126 606 7396 8375 949
231 8418 1329 8728 6398 3726 9440 102 5693 5543 2699 7270 1406 4623 7505 6796 9088 131 7575 3757 6054 7652
232 6320 5526 3186 5869 9369 9163 8564 2340 6922 3433 9926 6537 5120 2874 2500 5539 5445 9003 8160 155
233 1383 946 8377 2454 1980 5592 935 2576 8235 5848 4746 9518 7817 9968 581 4187 640 342 1246 8844 6938 2288 847 3012 427
234 5604 5700 9758 3700 8794 8052 2650 9215 9264 5437 7316 8419 9384 935 4421 1442 415 5203 8559 1668 3586 9138 4660 7219 5880
235 7012 3377 321 7355 2175 3877 7120 7534 791 1813 7274 3053 1347 7438 6894 1299 3948 2185 3817 9816 8532 8015 4959
236 7099 1327 8912 1234 6510 5683 1754 49 7867 827 8623 5340 8491
237 8693 5801 3603 5295 4057 441 2516 9010 5541 8037 2384 8498 1017 6975 3579 6981 5865 4563 238 7949 3232 5383 8907 4855 979
238 5429 8227 9071 5348 752 609 4358 7473 7247 3764 404 5190 6564 4381 7850 828 3352
239 5129 9302 4984 3521 4031 3500 8671 9415 5121 905 6832 3599 523 5097
240 3163 3583 1256 2422 3767 9448 5042 6799 1750 1560 5308 9094 9997 5192 4416 3827 9115 3006 2744 6547 5525 239 7088
241 5277 2113 3117 1905 796 6604 4612 3715 1287 2047 9845 5986 9273 55 1582 1410 1670 7204 8958 1571 7517 79
242 4539 8078 8003 9304 9847 4787 9290 7808 5522 9627 6223 2808 8964 916 1343 1032 2972
243 7864 6470 7524 3011 153 65 2886 5412 1890 131 9772 7754 703 552 2240
244 3343 6244 8400 1674 5395 5471 2718 2128 2220 7215 236 1328 1767 6732 79 7413 4912 2615 7219
245 1979 7333 5322 489 2753 2970 7451 9964 1944 110 6565 1063 9237 7366 9788 1346 8528 4531 399 5895
246 7296 2975 1803 4194 1299 1128 6483 9603 1215 6635 1654 9032 6018 1849
247 9735 295 2962 3153 3454 9871 6530 8260 3392 5584 117 8046 7697 9340 5448 4717 3584 7438 9952
248 5880 7410 4020 8912 4161 412 2359 2790 3249 5845 9990 8898 4028 5983 330 2662 9324 1441 3004 5839 4282 6802
249 9181 4333 7509 7696 6354 666 7899 4123 5003 964 5863 4193 1476 3151 8968 450 7389 1226 9319 3277 9050
250 3441 997 8477 1270 8703 5930 3018 7437 9375 2733
251 9244 3050 2685 2413 7709 1065 8591 3242 2807 1524 8663 880 1343 3291 6800 7955 3696 9734 3528 1370 3313 8698 4372 8848 9521 8017
252 6428 7167 8844 8883 2143 5329 9080 2345 1058 7160 2499 477 3463 3977 9809 6440 8444 7745 2649 4234 7709 843 6744 8994 979 3427 7153
253 3106 6067 6153 780 427 2251 442 2064 6309 3163 9942 1848 3648 6300 5818 3811 9523 7756 528 9133 485 8934 3203
254 1496 2986 8812 2914 5709 6606 4456 8795 7383 2883 8390 928 3561 9253 761 7977 90
255 139 7992 8125 838 7048 3753 76 3771 6654 9778 7377 9545 7713 6778 6425 3563 5783 7059 1041 3270 1934 8570 798 9995
256 1137 6129 4539 1644 4697 5849 9830 3702 3856 2992 663 8876 3620 943 3127 7776 7922 7314 2867 650 6534 1524
257 2203 1242 4822 6029 264 7170 8252 4898 1952 6977 9823 5163 3271 6064 8066 4692 8832 7762 3937
258 1257 3671 5490 6136 4809 6164 2852 8105 7922 8889 5351 3839 2690 1790 3229
259 1979 1273 5437 400 6759 823 5507 1879 250 5286 7020 29 876 6036 352 8796 3103 1527 4071
260 2002 6675 2489 4574 8371 1330 3046 6996 7499 5893 4901 5450 9793 1053 8902 3453 8406 1942 7474 9007
261 4400 765 5696 5149 7405 8744 6290 2704 9527 3043 1637 3737 2779 906 450 2763 6635 6054
262 4011 5794 8109 590 2474 8462 7881 5630 8600 9265 9200 7894 2902 757 5824 1125 9160 4472 7306 3342 1496 4401 8566 4943
263 9957 6445 1079 9197 6691 8236 6492 3700 7289 3244 7779 9130 6647 4802 9275 3034 6341 3846 9965 8830 4367 7240 5340 8248 8293 935
264 2189 7210 8239 9939 7703 1224 9457 4896 6242 9589 2564 741 3885
265 8125 9129 9836 3885 8634 6094 735 6707 5583 2415 9935 2323 8320 6918 9655 14 8503 1613 3989 9325 3757 552
266 2927 340 444 9428 3304 2578 5910 7692 4070 8198 3691 8460 3894 3945 9403 226 2078 8088 1121 4399
267 3714 2240 9764 1083 8111 141 8058 9540 7153 6670 4216 6195 1247 8427 5762 3414 32 6938 4314 7654 4045 5226 6349 8387 9991 2962 4341 5862 79 9968
268 6938 9007 745 183 1415 710 2717 1455 6989 406 1632 9404 4457 546 3602 730 8810 4819 5816 3199 8131 3539 8506
269 7198 8183 6511 8770 8290 5913 4811 9510 5407 4455 1413 6267 96 2943 5821 8265 3827 9992 7042 4782 3241 9374 9777 4071 9244 8716 238
270 4069 8014 4361 2968 6608 5265 5657 5398 4323 1316 6315 3894 3981 5471 2013 2643
271 6467 1742 7687 4900 3354 3523 6938 1501 5105 2966 5567 4988 6057 6189 4002 3637 3582 7984 1339 7749 3751
272 1668 3371 4919 6489 6275 4197 6886 3288 3163 4935 9101 9654 2260 8708 2856 6084 1923 8257
273 9114 3510 1496 8176 6219 7043 6620 8543 3936 5667 9766 4653 4286 6820 238 4352 1668
274 8782 7762 5569 7232 7699 6239 2666 7186 831 4830 5529 146 1763 4020 2288
275 9898 3043 790 5798 5531 4727 83 8247 8514 8220 4469 1458 5485 9406 2427 9968 780
276 5019 6306 4539 2358 5241 8530 9932 3184 311 6264 1103 5763 6700 9078 4124 4398 1216
277 7699 9007 5340 4443 2981 8471 4625 5799 3322 9051 9175 2105 1348 5998 2164 8087 8994 5373 686
278 3521 9583 898 616 9582 6838 3748 5703 2904 9750 7789 5219 5957 4592 9585 9730 9039 5547 3982 1299 569 7652
279 6021 6692 7868 3965 9116 9938 4807 5034 8709 7161 2627 8937 7397 6469 9199 7251 8013 644 4199 6258 7883 7732
280 7820 4377 9232 7313 1821 9541 8994 9219 5934 1614 5187 8051 6942 503 234 6924 7542 7105
281 5810 7553 219 4527 5352 991 9383 169 6038 8961 6698 7875 7543 9827 1058 6765 5181 3584 9775 7438 5341 3783 412 2555 5715 9244
282 5029 7821 3837 6287 8123 8153 7506 8495 7640 3711 3693 4326 1707 1871 979
283 5880 8287 5898 3918 1598 9298 3852 748 1048 4295 5 2201 159 4356 9581 5501 610 912 2346 2407 3316 8188
284 2191 5172 4929 6507 1809 4254 3877 6074 2240 4345 8148 7314 7740 5692 3470 6170 6402 4838 925 2963 7413 9842 8125 2986
285 6938 5862 1465 2593 692 7653 2918 3650 9245 7262 3215 8042 6105 3331
286 5899 7423 7369 9487 3113 8686 2013 9190 7248 3643 3796 1299 8645 632 6672 9916 7736 4787 1238 2288 2
287 5783 4870 4531 3823 799 4665 6661 1309 4432 4619 2875 4735 301 2882 2355 7762 2416 1051 9852 7713 6216
288 935 8206 5859 3855 5147 2497 8492 1499 7240 5860 2031 1542 5772 9865 1665 9414 2240 5502
289 3405 5942 8612 6619 7747 1916 4258 2795 5038 6190 6464 6935 6568 8211 3014 3624 79 4314 1731
290 9453 6470 4670 8284 5090 1818 6431 769 9685 7029 6599 2238 5871 5762 8302 3804 4245 5838 8142 5767
291 437 3104 2791 3836 9056 4937 667 9565 1534 2389 2304 9358 3183 8026 4181 6781 1543 2555 5445 4985 2
292 4326 7438 2025 8600 984 9811 6556 2553 5870 5369 578 9994 2127 1004 321 6525
293 7732 7568 3567 4967 9842 4884 4639 4128 8215 5530 129 1720 7559 6424 4944 7537 1841 6851 1352
294 5339 5964 4342 5740 1095 5482 5257 6175 5885 3808 9153 5478 577 3941 6540 2140 5229 9436 7732
295 369 7036 7318 2917 8920 3547 6296 8488 2160 421 3560 2124 368 9968 17 5327 8348 3758 5869 108
296 2538 2192 3708 3178 6112 5368 9335 5448 7096 2399 8312 5050 6209 6658 2579 7790 6554 1822 2383
297 199 5715 1962 9465 5208 810 8411 1681 9371 4272 8505 9173 4391 1930 4106
298 2198 9216 8269 3265 2923 4150 5430 8885 4117 3840 7848 4475 3997 6000 3894 7415 2288 2439 4956 8618 6922 6404 4423 9903
299 5211 2526 6921 182 101 4714 8762 4056 5096 1153 7093 1956 7363 2481 492 2790 4976 3006 6054 6672 8487 7413
300 4962 8145 2904 4691 6022 8125 8234 8282 8499 1423 6865 7086 6519 205 1964 2210 4942 9171 2617 3665 712 7088 9224
301 971 9109 279 1638 7050 9818 2236 7798 3949 2989 5835 1688 9270 1339
302 5412 8491 3146 687 925 1979 3982 73 9937 7021 9533 5017 688 5075 1315 8842 8981 6351 4212
303 9968 3723 8894 4965 9231 3668 2850 9195 2915 8434 9873 7736 425 7787 3312 8340 6496 7267 4719 2256 1670
304 7956 1762 5386 3836 8688 13 3012 9362 9285 8345 847 9578 4587 8449 4032 768 9013 5470 2555 5175 7762 9244 1238
305 9259 9478 9645 1929 8837 5751 1984 6457 8466 9674 6410 5535 8083 3316 6014 7740 8722
306 5645 5212 6748 8816 7037 1380 2870 8004 3754 420 1647 2065 1187 6318 9626 5097 6026 7949 5677 5457 5748
307 2810 9579 9349 9755 5901 5294 172 4243 7331 9481 9178 7575 9928 1961 165 9757 707 2893 7360 5507 8725 4507 4967 7762 3885 6327
308 6385 1711 3160 5802 6526 18 8331 2601 5268 6736 202 862 63 8341 518 3550 5006 9179 5504 6270 2229 3032 269 6534 6030 8644
309 8918 2866 8789 3642 5011 9107 1672 1727 4097 9209 5273 7026 9301 4377
310 2643 4624 935 2304 9260 6500 8840 8085 3572 4132 9309 3111 2339 5596 7054 8478 5728 2319 2401 7399 6406 3227 6528 4442
311 1260 1336 695 6863 3319 8878 2884 1348 4845 8677 1697 7770 2552 8275 7153 8720 3994 6310 9120 3074 8566 9533 691 1731 6945 6327 9545
312 9834 6336 5339 130 3231 5534 6695 3016 776 8005 6776 6452 9948 8316 5094 9249 4108 321 2058 9244
313 4824 4045 7486 895 7525 2074 463 9295 2787 6458 2929 4584 6979 4051 728 1622 2079 8009 1761 3304 875 847 6538 7652
314 1940 2721 3409 7822 4326 3669 3535 1358 6477 5514 2925 7582 2837 30 9495 53 2867 3586 8624 5072 3858 4400 6538 7883
315 6666 3284 7210 745 7172 2819 5364 9524 5606 5158 6632 8965 8104 6428 5219
316 5962 863 8678 6117 2173 6855 8759 6572 7309 4933 8431 7795 7880 8067 5587 603 2107
317 4970 5737 5875 8687 5950 4340 6777 9474 3633 2638 2725 6959 6480 8811 9217 7392 1042 3012
318 6547 8711 8551 6590 7988 468 4688 9866 8518 5388 2639 2168 1978 7657 4879 1364 2983
319 9007 3885 6827 7709 935 4855 1479 4004 7355 6285 2315 7159 7736 4926 8594 1865 8864 1745 4742 742 9255 8294 6512 6141 310 6859 9159 4081 1858 376 220
320 9347 4616 1425 3743 2737 8797 2344 2591 4832 2391 851 7551 555 6793 3983 3914 4344 2962 4561 6613
321 5234 8363 4695 5150 1220 9376 7647 379 7454 7438 7393 8163 4309 2288 897 9537 2063 8609 6465 7949 7254 979 3731 9404
322 925 9615 541 7266 9970 9968 6827 1210 3200 4846 4109 6811 935 979 9526 8722 5947 3079 4453 2412
323 745 5489 4660 2983 1403 5958 9625 6725 8143 7244 2101 9676 76 2383 6712 3308 7725 3607 7013 5111
324 9211 2486 7874 3630 155 8635 7062 2314 4590 9000 7148 9972 8276 8431 8644 9007 5507
325 1779 2464 5785 6671 137 6352 4256 5876 4352 3208 9012 9607 6505 6407 7119 682 6101 6044 9453 2555
326 7736 2288 3936 4909 5446 516 525 401 2310 8952 6890 4510 4778 1552 39 6997 5623 7293 8583
327 5340 1555 3792 6467 9023 105 1042 6892 1815 1253 9145 9372 2709 2985 77 6266 8910 4884 8539 8403 1798 2029 1557 3230 9281 5193
328 709 2771 9551 9499 1859 3864 3485 6543 5734 4955 8716 6397 6538 2402 3512 6631 5359 5509 6001 8134 259 5412
329 4783 6166 2302 8287 5375 9518 1838 2195 608 440 216 1753 2437 8185 2962 9968 5677
330 2978 6770 1365 2000 3453 3298 8068 2629 9103 9763 7440 6686 6646 9930 3758 5553 9659
331 3238 7191 2232 3032 3003 9262 170 662 7831 908 8448 1669 1093 6498 6771 1934 3102 1739 4091 2340 8293 8528 979 5962
332 3004 4199 8986 2650 9013 7805 1232 5684 412 3385 7074 8086 5758 2683 9090 255 1523 7199 358
333 2439 1206 9804 2491 9775 9083 4924 390 8113 8122 1117 1772 3527 5512 970 750 3902 7204
334 7064 3675 3699 7435 3066 3877 2211 569 2197 3156 476 7865 9387 5803 1105 1668 7623 7308 3012 6611 2892 9007
335 8387 4958 9151 1324 7498 2440 9401 4664 2594 7254 8150 5169 8880 2264 5219 559 6434 5690 2986 8135
336 1625 5326 1752 9758 4438 8374 5366 4340 6712 3373 3427 9946 1832 2833 751 838 7137 5871 7719 8218
337 1774 367 8832 412 2858 5762 3424 5653 4638 4772 727 3533 4409 380 722 4667 951 575 6343 6423
338 5992 9261 7200 7185 3381 9717 2962 1746 7663 8997 3408 312 4982 1073 5917 6870 6465 8994 5962
339 9337 5797 3275 6222 8651 9436 7044 4517 2486 6436 5973 8758 6584 1903 9077 1148 2822 8988 3235 4664 4350 7087 3982 7153 8797
340 1763 1686 6149 643 2247 3363 5062 8888 3889 7569 8572 1086 5379 760 5628 881 3086 8464 8910 166 6741 2340 8293 4170 2288 4199 321
341 6482 5661 3521 4497 7452 4575 2616 7972 9984 583 116 1717 1765 4670 7846 2027 7895 2488 8118 1571 9160 979
342 2003 2652 5636 7285 7513 45 9197 5055 8882 1398 3532 1092 1567 2674 465 4327 8136 4310 5898
343 3555 9884 5341 5781 5926 4292 6824 520 720 918 9807 7949 5386
344 2986 3032 1668 3758 5381 6263 5160 1588 2301 7338 4362 5833 5170 6574 7746 8896 7796
345 3051 5546 446 7065 4736 558 2473 4483 3927 6217 7985 1625 9453 935
346 7041 6991 7291 5724 4669 8249 8129 3189 3720 7567 574 2285 4605 1136 9138 6424 7438 2555
347 5996 1454 3870 3256 9876 5431 665 3746 8372 6947 6944 7695 7565 8484 199 7949 6547
348 9908 2465 81 7851 7698 1351 3818 5880 1271 4325 9678 9705 6177 2834 4855 3182 8049 5772 4958
349 5726 3 9026 511 9370 1289 3380 1950 1091 303 3344 7395 8278 7824 5511 7844 7354 3701 6030 9654
350 8599 3456 2483 4546 7691 8084 5098 1395 3397 2618 4334 1137 8357 8887 9018 4994 7055 1542 2327 7652
351 3064 8405 1610 8333 4171 8662 6123 9060 868 393 9747 2881 3794 8438 4765 6101 2327 979 8332 9968 321
352 1956 9533 6413 5715 5600 992 3810 663 3894 3959 3431 5572 2456 2325 6490 7965 6880 1009 2877 5385 9955 9968 7598 6705 3285 896 6903
353 199 4628 3380 3697 6758 8242 3050 4613 4314 3936 3027 5997 939 8595 7298 4129 109 712 7606 8893
354 2555 8491 4786 1293 7736 5007 1925 1 2757 8212 412 878 2120 6945 2790 7637 9400 5163 6960 4677 9045 9936 756 5756 2518 3883 4661 254 1505 4269
355 921 27 4978 8851 3564 1248 5298 5255 2560 9749 8470 569 4249 3537 977 6681
356 7278 5980 9385 8907 3798 6893 4997 8659 3509 1451 7496 9708 9070 8666 4404 2669 3873 541 4988 2704
357 6810 4788 8938 4635 8908 5941 1311 8421 6628 3982 1508 6204 1349 1005 7413
358 7641 3050 7224 2673 3805 8757 1261 6076 7981 5634 212 5053 5755 1141 9218
359 8994 1638 8387 2790 8396 9199 7379 2839 7238 2708 5578 7272 2269 3832 5342 3736 5670 8852 8599 2064 7569 1219 9713
360 6178 2209 5925 6550 4946 2767 4739 2615 6709 1901 4565 9129 8661 9426 8171 7974 9223 9386 3750
361 1668 8994 4909 7517 8707 5059 6878 6597 454 9979 9286 2085 9591 4579 3876 708 6955
362 6946 4104 7260 7095 3524 1231 758 2728 6005 7439 947 3082 6404 2317 547 3561 2146 3074 9565 5775 7762 321
363 7699 4558 1042 1484 2825 5401 6312 4624 1240 8376 5951 4127 5035 7611 1145 1149 8362 467
364 9979 8987 4311 979 2735 7804 4225 677 6462 51 8310 4743 4145 1373 8936 6230 3447 8140
365 6772 8927 1920 7239 5678 3661 1179 8555 3152 223 3155 1778 9356 7414 9533 6020 3158 4786 7713
366 9848 8644 1868 8075 1670 4764 1443 7892 1611 8732 4415 5112 812 8706 5597 6768 9904 6815 8124 5434 1628 4437 8081 475
367 7240 3968 259 4535 2242 6712 8483 4153 3939 1294 8713 6413 3316 9688 7243 8406
368 2774 6028 8106 3345 324 6630 1866 2333 8045 3404 8962 9718 3577 9075 8780 139
369 9903 4004 8248 2398 2254 9492 8446 7546 213 37 6906 5850 7296 4985 5962
370 4260 7116 1884 5787 1481 7324 5168 4135 9808 7945 7246 6021 952
371 2058 3020 3704 8030 4063 5067 4641 569 2875 6614 541 305 7732 6986 5945 5436 5484 6167 7934 7234 6061 5141 5451 199 2962
372 5387 7607 5292 4324 1297 6808 6844 3219 8105 7616 640 2559 287 2149 9292 5271 1411 5201 1055 4393 9979 5885 79 321
373 79 1358 8667 5196 5508 5852 7174 5458 7323 6001 4836 7337 9368 494 8562 5855 7998 3982
374 6914 8319 2885 9244 3513 1344 4571 3148 6130 3593 813 8138 4174 8355 7267 7576 2475 6613 952 7880
375 3012 1956 7153 4958 6047 8035 8994 8010 5089 9781 6570 5183 4855 815 5868 5230 7811 6099 2583
376 2030 1846 438 7056 8231 2994 521 345 1675 7077 6086 9691 3710 2907 7275 7924 3659 7296 7861 1105
377 8193 1181 838 560 6966 2458 5209 4542 6085 5250 5906 2818 2820 1272 955 1281 5362 6683 7720 427 5270
378 9604 8830 858 6778 9167 8630 6327 3792 7880 2838 7066 4694 4215 3782 6121 4457 1079 5433 3877 9483
379 4068 2426 3425 6153 6234 4905 2369 1422 4824 3366 8808 7722 2955 62 719 4077 1238 5880
380 5349 1889 9751 1387 518 674 9544 9819 2134 762 382 5299 2469 1222 1249 183 1252 8251 6537 3894 5715
381 3074 7438 6044 9461 1126 6726 1228 198 7629 4609 8560 5715 4413 3877 1955 7951 8248 1734 3520 4302 5702
382 6470 6487 9043 3533 3069 8893 931 4441 8164 5013 9363 6278 4390 991 7553 5788
383 5869 5064 148 8284 1401 7483 7883 1194 7438 2148 398 7455 3860 4296 7554 8919 2679 1010 1296 372
384 5054 7347 6970 1941 5182 6774 1627 8746 8264 3623 6466 9519 3028 3996 5307 6692
385 7699 8431 9224 8450 4796 8948 9841 6934 2962 3976 9675 6429 1134 8535 1769 755 7728 5676 2095 6362 7082 8614 6677 1570 8189 660
386 6717 2633 208 4095 6550 8456 6773 2463 5402 951 1277 1125 4815 7438 7219 8457 1252 802 2270 2426 2566 1723 2760 2615 1710 935 9968 5715
387 1164 5365 6829 5515 7629 8644 8212 5264 88 28 1238 3132 7362 183 7226 359 9331 6488 6771 1774 9533
388 2962 1579 2240 8360 2540 8150 925 721 6818 879 7359 162 1520 4678 9968
389 6836 3789 6891 2542 3610 2844 2524 6040 4399 8176 7693 4820 7049 6917 691 9702 6474 7997 1552 9533
390 1066 8130 2752 7751 208 7340 7857 374 2630 6010 233 2115 2239 6174 9802 5677 8830 8140 1445 4705 3937 8800 554 2 6218 8392 3750 5643 6986
391 2794 3377 5156 5972 4152 6967 1679 4828 5990 1559 968 833 7132 1752 1252 7782 935 3074 9007 9075
392 6547 3936 3249 4000 2067 3489 9301 8916 2102 3296 8440 933 3819 3496 3575 300
393 3936 9224 2611 3823 8713 8064 7495 2777 9834 5107 5097 739 3894 5682 8286 7948 2 4572 7261 5177 427 1174
394 3541 2543 3806 2452 1185 321 9607 6576 6104 43 132 4377 9906 9682 3803 7121 6504 7491 9224 5326
395 321 3656 6737 4692 5161 7192 4522 948 2271 8958 6716 817 2051 702 8459 9350
396 6534 3551 2013 2024 2447 3543 8996 8447 3293 5370 9883 4965 8994 3394 5795 4234
397 7699 6749 8841 1376 8196 3327 522 8296 4449 3134 5145 5214 3657 3468 2109 5443 1050 3023
398 1984 8116 4326 1872 2569 6146 8011 580 1853 5877 9381 4757 5457 5638 8387 5355 4602 673 5995
399 3597 9600 1805 2192 4434 2125 7001 2769 2859 9423 1801 8018 3592 8756 6467 6547 79
400 9968 7252 1083 1799 5220 4689 5439 3875 4577 1177 474 8592 9720 2954 61 3159 7141 9185 5216 1719 4658 9594 6669
401 6465 2986 5412 8722 3106 9197 1446 5374 6753 9743 1652 7503 2050 8119 4257 4901 6388 8790 5902 9480 3164
402 9085 5248 2746 2580 6968 6133 7009 4786 6119 1238 5533 2480 9076 7748 6396 1922 9659 1289 9453 8406
403 5090 3025 8170 3267 7780 5082 553 4411 6364 6862 631 2366 8747 6667 3434 7233 5446 8831 2904 447 1121 4352
404 5857 4755 9208 6973 8177 2097 8033 2 4917 8615 6065 3541 5896 924 6575 5307 1510 7296 7545 7285
405 5412 732 452 5064 8946 7367 1091 2434 5326 6613 1957 2973 2799 3415 2433 79 8388 1959 9003 8935 7008 276 1436 3093 7085 683
406 8259 3395 9467 8628 8439 3375 6486 1233 2988 5317 4026 8293 4938 6873 3822 5063 9280 2106 6347 5412 321
407 4021 4047 1449 4108 5468 6594 4133 4218 7880 6025 9182 1695 3422 9043 6581 737 6923 2263 8991 5155 1956 935
408 719 7240 5727 8152 8432 9568 4940 2996 1616 5223 3562 3670 6324
409 910 9806 2533 9139 273 4054 3417 6030 1360 7969 488 4728 3337 4763 3446 3169 6819 935 5167 116 4901 2858 9842
410 6503 6049 513 4180 6311 5122 6883 2924 9177 1514 5311 4062 7510 6655 4523 3320 1256 6676 3936 3758
411 3797 9391 7549 3297 6898 1834 6618 5565 271 2872 4091 6602 6348 7552 5706 2340 7120 6482 2288
412 6588 8900 3895 8658 5695 9341 4671 4903 9833 9004 3537 9566 830 6458 2952 7856 1195 4345 3783 6731 7949 2288
413 4199 352 2643 7732 9355 5097 206 9129 1833 1159 5027 2194 7256 3871 7643 6269 9268 6984 9032 6075 8922 5143 4444 2265 5889 1939 8649 4308 6610 9968 5504 4684
414 2013 1496 7519 8212 8640 4558 9123 3202 447 1476 8969 9066 3099 2729 2066 9047 6739 9602 8899 2673 4591 9608 227 7123 3106
415 3225 1680 5656 4805 4607 4134 6478 1880 1650 7049 1541 1202 7949 7327 5874 3104 8728 8387
416 8157 5065 7356 1992 7613 2932 3690 5276 9314 5093 1895 864 5580 8702 3982 7652 9007
417 783 4159 5178 167 8660 8204 7180 634 5663 5968 8246 9222 7130 1956 7088 5340
418 9940 2038 1749 9609 2750 9352 108 7034 1026 7781 8618 9296 1715 1424 6939 8190 4042 3932 432 2630 2327 6827 7699
419 7762 5962 4362 3245 1134 7656 1840 9628 235 6150 5836 4013 4821 6701 1845 2335 246 9230 8854 8195
420 6613 6739 7699 1668 6958 1223 2013 9086 4480 1419 2590 7028 8519 2177 6225 9920 1878 714 9637 4766 7151
421 1948 4286 8815 3474 7950 9901 9008 1773 5536 1072 5677 1118 4741 7006 5869 1851 5040 637 4169 8428 761 8043 4314 2902 2322 1348 9199 3758 6613
422 5962 4203 6840 7077 6928 5359 5742 7641 802 8224 4340 9366 2240 6231 3531 3763 5056 9057 3195
423 1538 9332 7939 3100 4760 9638 9141 9460 3096 3742 4928 2407 1061 1645 2283 2272 6534 5869 352 7296 9842 8384 177 2666
424 925 5270 6785 3491 9129 7183 4502 4892 9067 7887 7810 2233 5583 7883 7893 9688 2240 6296 3821 457 7280
425 1625 5286 3111 2892 7615 9480 5880 4527 347 2536 6583 9945 2655 5438 2549 2546 7063 1647 321 930 8361 2403 2462 7178 3465 6437
426 551 3095 3991 6116 4920 449 6926 593 42 3466 2847 7895 7153 979
427 8663 7153 3961 8491 2951 8794 8079 3613 6382 2182 7457 8062 1383 2878 7806 571 2555 2294 1034 243 7448 4462 3379
428 7652 2288 3240 4134 8343 6875 4632 6041 4191 7591 3398 9290 3616 1536 1510 1381 7302 4627 3923 6842 1292 9008
429 9533 7153 2986 6584 937 1091 6021 7234 6522 7268 4199 6141 5074 9534 7436 7702 2255 860 9176 8809 8036 7652 1476 3758 3784 6280 4036 4913 7521
430 2 4176 8763 6803 6294 7017 6879 8558 8513 8202 6458 79 8140 8156 33 6549
431 2846 3865 5162 953 1412 2308 3172 7836 67 8846 9502 7493 8343 1668
432 8491 9453 7296 4034 6537 8655 2350 1396 1743 8175 3214 6940 7632 3975 8738 9803 6260 4586 7138
433 7652 2962 5437 6101 1013 9903 4650 458 9310 4762 4553 7852 8853 4039 5103 2161 6338 5643
434 456 6729 652 8049 3703 4420 3307 2480 8180 9709 8501 6447 9653 267 5705 4668 7085 563 6580 2707 1496 2900 1546 3728 2155 1668
435 4178 1937 1025 569 6722 4906 4960 8463 1361 725 849 7880 4615 7152 8462 3894 4020
436 3119 3706 1130 9091 1794 3638 2701 7668 6250 6203 3900 3752 293 8992 7816 8212 5445 5413 6021
437 7634 524 190 5026 690 6015 1369 1426 9044 9097 2368 3783 21 2969 5130 6060 5916 3074
438 4749 6778 6853 7536 2783 5793 1299 9162 2532 5905 9886 5754 3473 3074 4044 38 9842 726 3376 2458 4463 9443 7240
439 5104 4730 3863 482 1147 7597 2100 9930 7207 1105 9868 5554 7987 4512 6611 4536 2490 5807 6082 2555 3936
440 7053 5248 6011 2409 8060 2895 3088 1774 3154 4511 8712 2887 1942 7459 7862 5890 6160 1690 2043 5985 9877 9129 2327 8491
441 3707 7791 592 8610 3845 1182 6837 5154 8921 5673 4360 5761 2962 2240
442 9842 1761 3842 3491 9930 6899 5769 1662 658 4437 2920 9931 9042 5743 6356 7978 874 8461 7669 8978 9206
443 5815 9256 4580 2136 527 9805 7490 8250 8711 2264 8764 2337 7266 2812 6746 6259 8183 1343 4501 8293
444 670 9837 3792 2879 2911 8486 646 9822 1786 2906 7024 6173 2870 8914 3083 36 978 6258 9637 2240 7762
445 2806 5752 4973 2858 2135 1876 142 7652 9595 1432 3985 7301 7277 2491 4385 1353 2288
446 2555 6613 2349 7321 1121 2522 9260 1534 2225 4915 7162 9198 2445 9821 535 6603 6414 4389 6809 4529 7336 4463 5909 1898 1323 675
447 4528 5668 218 8681 792 4365 987 6103 8077 6636 7650 6249 3680 5900 2749 2340 8832 6827 6547
448 3163 1882 4552 496 3825 3250 5157 3074 7307 779 4785 8480 3683 7349 759
449 7997 7458 5635 191 5199 4912 1994 5461 1107 8995 112 6656 3495 4299 1855 5132
450 4199 5507 2643 1790 3032 2155 7786 6014 7048 1466 9146 7147 3193 1958 7991 5671 5358 6999 9635 2939 652 5872 5553 8068 6608 3004 865 1167
451 1572 3914 9947 6786 2513 332 4645 8748 9740 8337 8350 4173 3508 5817 4478 1389 1874 1489 7826 597 267 6216 9046 6196 3783 2264 3379 427 935
452 9485 4066 7350 1310 2624 8029 7169 9442 343 4702 1340 5978 9839 3888 3236 1797 155 7736 2555 3877 8711 935 5880
453 3936 5446 3728 6672 5423 3140 3264 1609 3031 2121 7381 2438 2947 8967 8054 5416 8574 4294 6889
454 3869 4300 1264 733 6073 1888 6980 6534 7721 8134 331 8804 1111 2823 1602 1589 1145
455 6652 1998 8467 5099 5236 5943 6884 7188 5043 4824 6331 7902 7484 8431 6484 6408 5730 6067 1852 6070
456 9244 2962 9539 6740 2138 1421 816 9903 3318 5928 9069 2449 8097 3460 4491 2828
457 7659 6046 3243 1077 10 7819 4176 9388 8469 7883 6327 1012 6394 9399 3253 3837 6390 1134 4352
458 7845 2817 1176 3752 3052 9563 4870 8580 7212 2111 8548 7652 8608 3012 8906 6091 6333 2006 7694 8671 3236 6030 6938 9848 2643
459 5474 8925 5884 7699 5997 8451 4527 4382 1007 4040 2158 9354 2262 7566 7025 6577 5838 2379 447 9545 8387 5543 8858 9160
460 79 935 6100 1430 1409 5749 5353 2126 52 7651 7209 1962 9149 1651 1066 7899 7604
461 1512 7039 9005 9728 6547 3999 9573 5219 8367 3292 5415 8093 4706 3694 6049 9027 8611 8520 3894
462 9842 5064 9533 3487 8994 2394 5924 7964 856 5506 8653 641 8715 5492 9433 2060 2569
463 523 8822 6731 7568 1646 6635 6487 2599 647 1459 9529 7966 6378 982 8149 321
464 2202 9569 1657 9014 8191 8301 8569 6238 3786 2119 972 1161 1396 5748
465 8055 2979 4504 2730 2773 111 1969 3098 7630 2340 4307 150 4526 1984 715 7633 7773 3518 7227 1434 4928 4317 1375 9138 3074
466 8812 8722 4752 9669 2448 1038 9641 9404 381 4643 5649 2222 5200 2313 707 6184 3007
467 3936 745 6584 8069 7083 7901 7382 3722 7562 8338 9254 9986 9555 9023 9933 3255 4397 601 770 8911 2565
468 2986 4352 3543 1524 3499 7022 6611 884 1237 633 7767 5444 6332 1301 7092 349 6673 6257 3781 5254 3234 7290
469 8256 4055 1036 7373 6941 8632 6449 1774 323 6256 9643 3280 7614 2129 8235 7204 9795 8663 5643 3074 9007
470 2555 8193 9301 7153 1655 8041 8924 7976 6983 2418 4557 2137 1337 8061 7762 9507 4771 9815 4252
471 5033 5185 126 9753 3211 5842 6899 4652 5888 8258 7305 7700 9224 6734 1495 7795 5194 374 8125
472 2643 5869 9990 8994 2048 2575 9950 6050 6082 1555 6871 328 2331 3507 9438 388 6030 8387 2711 5826 6833 550
473 395 9107 937 6053 1569 4433 3596 6473 3330 6134 8114 5356 5770 5350 152 7993 4340 6448 7469 9903 1113 3830 2413 753 2986 3012
474 4765 6650 1083 4326 6024 9885 2692 2292 1997 1521 2466 5752 3958 661 5556 3274 1181 2273 1802 8531
475 638 7511 9731 9233 915 321 4369 2890 512 8117 9618 163 9867 195 149 7285 4854 1287 7361 5307 4286 6584 3074
476 3758 772 8023 4386 1342 9592 2117 4644 7677 4464 5655 5459 4798 648 1571 1391 1020 8512
477 6063 1328 4348 6545 232 7202 9931 8949 8270 9712 5897 8928 3111 123 2545 6547 6236 4493 2661 3621 5127 7118 4999 3371 7001 6692 979 3077 745 9007
478 8994 6114 8625 1516 3273 5282 6825 6990 7143 8308 4222 4501 8723 5715 6214 5333 2382
479 9533 2555 238 6482 8907 2778 427 5723 64 2614 9344 4240 2248 1132 956 6163 8855 405 3190
480 8134 2569 9623 352 7219 5307 3012 8767 1480 9308 2541 4176 5400 3260 532 4531 5189 1124 2376 2240 3056 784 5045 8005 1868
481 8445 5397 3125 2685 7068 4537 5659 3552 8578 5716 7477 7361 5307 7133 4549 5053 6521 2406 8843 3682 805 1831 246 6019 133 5921 3509
482 7285 2322 829 4526 4166 8314 8121 5891 7642 6339 7863 5625 7732 7176 321 4199
483 6021 7699 1515 8841 901 2208 3438 4860 2125 79 9465 5936 6648 2 3141 9030 2847 8793 944 2512 3251 5418 9887
484 3885 2005 5099 6600 5573 9349 1180 789 8734 7117 8719 3149 1019 3147 4893 2873 639 9697 8814 7216 5710
485 1736 5768 2156 2144 6633 1293 6685 6728 7353 3901 4566 9971 4882 7482 4801 4703 1540 7699 3074 7001 2589 5962 7949
486 3894 3543 9677 5662 9467 7883 1784 5070 1244 8141 8994 5207 2936 1314 7386 2666 687 1807 9711 813 7259 7952 776 6698
487 9425 4343 2136 6630 4925 4774 4341 1522 8406 2235 4024 1037 7478 7480 2162 4001 9907 262 730 6054 7101 7240
488 5880 8491 6847 3507 2611 8423 2282 7061 7295 8999 6839 6229 4531 6258 5031 514 3967 6059 9087 3352 1685
489 2986 8134 7699 5010 7091 9035 2596 2802 526 6468 4148 5406 1241 731 934 1935 5462
490 5253 3081 3121 1377 2798 6908 6780 3144 4969 7608 1456 5319 4454 4402 188 6187 2643
491 3877 7669 6635 2188 8957 3382 3388 6329 1198 8711 1120 9624 2001 44 285 1354 5288
492 744 175 8528 1639 8823 7320 7638 5272 8002 5830 5376 3144 955 8092 7219
493 4752 8210 2608 1984 6476 2747 7777 4442 1236 1817 1982 1657 5589 7840 3955 6665 427 6613 3012
494 4606 7987 6482 1306 3005 8304 7391 9611 4198 9660 3042 4012 9468 114 1945 6101 5064 9333 321
495 46 5993 7206 676 8743 1750 2811 3795 2909 6045 511 7791 701 893 9545 1561 8207 256 3740 9079 2554 7193 6827
496 9930 1504 3970 8581 5860 1139 1366 1464 5343 8336 9430 4078 7321 2615 5617 4989 8696 9794 4209 2093 6095 8345 5895 1500 3936 9933 7762 4199
497 7057 8787 329 4893 9315 3987 4886 1457 2660 4027 4733 183 4853 4716 5956 4220 8879 7709 9547 1401 2518 3376 7575
498 4843 8690 3013 1624 7055 1209 5109 3336 7852 6711 6764 2840 3713 4663 8915 2155
499 2321 867 8753 8245 5654 7852 6738 2017 671 1402 8622 7504 1129 935 104 8685 319 2602 4789 2345 6978 2986
