500
0 2892 1791 9021 3261 1470 5005 7561 7474 6472 9807 3469 2645 1207 8413 8366 2404 5099 4020 979 935
1 8987 205 1924 548 8699 6205 2349 4010 2554 5790 2207 2816 9881 241 7583 1375 9968
2 3963 5085 4092 5244 6978 2643 4332 6644 1216 3608 8590 7242 1022 9580 4035
3 8251 4541 2784 1098 5300 4230 6956 5622 5827 1665 9464 2258 4076 7125
4 5232 3950 9878 3802 9993 6389 5962 1973 7481 8768 9577 4319 8832 4646 3828 8618 1668 8209 774 3982
5 5307 4341 2666 2749 7361 7206 3731 8107 9093 1444 7753 4589 7992 3087 6617 6915 7834 7467 4439 2760 5258 2396 8217 6676 9169
6 5979 2028 4958 7413 5621 2640 6412 5948 9698 1087 705 4412 6826 3660 9854 3427 7762
7 8726 9205 4223 6653 6598 4029 4744 2152 8284 7530 6325 9564 8979 6405 6258
8 321 7842 5228 3188 1452 1615 1472 5783 654 9733 8696 1183 9096 1205 5748 7997 8279 1084 5259 4909 3144 1943 3925 3678 8487 9739 7845 780 7413
9 7153 8293 533 9733 8495 4869 196 5977 3391 3176 837 6369 4226 7463 3723 622 8683 1822 6062 7669
10 6170 1299 2510 9342 4074 6986 3859 2868 7672 4851 5131 1303 2480 4569 2175 697 6762 5981
11 7153 3936 9010 9699 2471 8637 1617 128 9464 4875 9023 5652 1477 889 1728 5072 9745 8580 1157
12 3073 2288 2577 6831 389 828 4626 4435 4500 5610 7916 436 4014 3326 8512 177 8387 2962
13 8089 210 5188 8105 253 7837 490 311 4662 6433 4448 2041 4199 7516 447 2892 8634 2155 4314
14 5458 252 2342 5171 1535 88 700 304 7228 71 9303 493 8364 8277 9914 7012 4352 780 200 9930
15 2182 2652 5946 4151 8874 8028 7829 7772 945 6651 2320 7572 7344 602 9393 9019 6766 4907 6007 1731 3982 7413 5451 2240
16 3673 7888 1556 9244 9014 4336 7014 4071 3339 4776 7873 3310 7825 5629 2
17 1123 950 7431 5907 9194 2904 8068 3038 3543 1625 2243 1467 2430 1280 1591 105 3836 7732
18 2643 4539 8651 9184 1989 9465 5237 7299 9976 7120 9202 5479 7815 4213 5458 7000 4596 5064 6931 3268 9703 6502 2480
19 2598 8221 4060 8858 6696 3835 1212 6258 1133 5269 4326 2782 976 3884 6461 9036 2663 5739 5155 9601 3371 6334 1956 5784 2555
20 1031 836 7575 5880 4126 8639 4155 6694 4547 4538 4597 8007 9520 4070 3377 6486 738 8345 3877 7759
21 6400 1796 8455 1101 325 3222 5126 4954 1580 4816 215 7372 2324 297 5509 9859 9759 583 1105 8910 3757
22 3982 220 2501 8521 4904 1766 8860 1168 7605 5679 3173 7165
23 9689 5409 8754 4306 2595 9125 3418 3790 2451 2574 8293 5750 2563 5025 8431 8193 9842
24 1534 311 2984 5310 3467 9532 2937 9835 8428 454 1867 2071 1259 4176 4945 8989 1528 2123 4664
25 8863 1282 8959 2037 624 5721 1408 4687 3913 4666 3105 3719 6852 7 6652 8826 9244
26 732 8636 2155 689 6785 5303 3457 3872 4990 2245 4841 1420 5261 4907 4343 5962
27 9496 9982 4027 5069 3174 8268 2597 5834 8473 6191 1479 9135 4556 3984 3122 5572 2297 3943 617 7055 3783 7296
28 8931 834 9435 1917 4844 4486 5747 455 699 8524 8344 5278 6049 6148 8531 1806 5632 1694 439 685 8205 3827 6281 5341 9443 4784 7120 6030
29 2842 6438 1601 6702 3355 6787 8502 2234 7699 5275 9 8297 4136 7134 1173 6082 5064
30 7379 8125 2 3745 4149 9744 8048 9768 2373 139 2930 6855 1307 1661 8538 9505 9742 3612
31 6101 4107 6421 2555 307 5887 7710 774 3110 7563 4674 115 4551 1230 7890 8897 591 9004 5413 7759
32 8125 7296 2288 8812 2902 2986 8188 8307 936 1871 2240 8197 5903 9832 84 3705 5108 8523 2946 9838 6330 6532 4626 8174 3498 5166 7664 6374 8040 7335
33 4086 1737 8396 2014 4651 7885 3008 7601 6187 7281 3032 2059 2934 7358 94 6029 3393 9354 2121 200 5097 7883
34 151 2392 2077 9241 6485 4513 5417 2680 8792 3077 3360 5413 3986 3323 5939 1799 3073 2052 9199 2121
35 1774 3074 5880 9615 6470 1710 6561 2277 1747 2166 2835 8511 8137 8139 8970 2741 6993 221 5866
36 9144 9187 9409 5912 5505 7802 2322 5491 2060 3585 8689 9413 5822 4874 7933 9955 6021
37 9640 7744 5408 5982 7155 981 8784 1533 8071 7716 3687 9367 5022 6494 9664 447 755 7392 8671 6687 269 6134 7454 7296
38 872 838 7162 678 9235 7626 5338 8680 8065 2475 1468 1090 6775 1275 9990 7733 4567 4886 8910 238 9903
39 476 6699 1345 6198 6060 1953 2016 1774 4726 7980 9707 1642 2199 7033 3525 41 2205 4717 3551 6258 2240 3163 7413 2555
40 989 873 5922 5658 7681 966 3167 9538 8573 268 1966 9306 2809 9459 5862 2617 6281 4517 2904 3144 3877
41 2958 574 9522 5523 1491 557 5060 2570 5548 1397 5113 3286 4211 3686 7220 9227 7332 7722 3982
42 8593 2653 6193 2411 8905 3515 2697 6154 5009 3348 1534 8954 4199 988 3488 5524 3547 8896 7426 5149 4035 935 3936
43 8495 9846 7920 9719 8179 7864 5594 4363 3891 7311 1648 7805 6585 1638 4943 6482 199 9244 979
44 9780 4985 6964 7581 9212 7870 8269 8382 2941 566 8335 3516 412 9129
45 9829 7060 2 3047 3588 4583 7422 4931 1440 8125 2628 1014 2472 8050 9199 110 7438 7240 9025 7949 3023 9244
46 8990 8605 9152 3807 1289 4385 8162 3526 8866 9266 3854 4200 5656 4401 8880 6404
47 148 6285 6495 3679 8031 3349 861 6582 7828 7962 2564 20 4052 9754 3543 6635 7652
48 8325 2128 6528 7938 3814 2871 5384 2662 3233 9063 5180 8529 8095 3857 4482 5435 6147 7124 7230 447
49 4214 1702 3843 2175 7434 6587 9605 8600 1789 2662 523 5195 6270 1577 2240 2511 4297 3774 8542 9600 6073 450 1668
50 2613 6639 502 9528 259 6497 1162 6901 3574 1691 4488 4050 9822 7213 6082 1515 7732 4399
51 9191 7485 6301 6071 1439 9407 4966 7253 2768 626 5151 6992 5748 5557 7833 6938 408 5920 6573 8941 9615 7023 9347 1025 1375 745 935
52 9244 7586 5038 5775 9249 3350 5778 3751 4761 5106 6100 6456 2731 6248 7742 2962 82 6925 1740 7755
53 8414 4834 8343 753 8549 1666 8168 3356 3416 7517 9770 7577 9028 6363 2755 5595 443 2121 1429 2274 5014 6270 1607
54 8579 4624 9836 5440 9623 9535 6101 3461 2206 1981 2340 7031 2530 2898 1954 9915 8354 3586 6044
55 2327 753 8487 2239 116 7147 6797 9016 4073 7330 1634 7488 8144 2414 1919 2929 7855 2070 9120 4804 1110
56 6938 9731 4199 3383 4501 5887 9533 5902 9265 4096 2429 8214 7880 9336 9921 5492 1262 3566 7874 5564 8702 863 5615 2060 656 7665 6662 8090 6447 5917 9443
57 7413 9139 8599 5326 8406 4539 2106 448 4696 8199 5706 5601 1390 2361 7333 5969 2288 9716 1557
58 6137 8428 1770 469 9684 3916 9619 8756 2544 2677 3732 3565 6537 9869 4140 9450 1565 5654 1731 6980 4958 935
59 22 4035 443 600 7989 6812 6897 9840 4950 9738 8752 1774 9545 8368 3830 6902 941 4723 625 5762 9007 4801 3158 3012 8005
60 2986 3113 6109 7929 453 8173 2457 7479 3281 7903 1016 7508 6197 3386 9892
61 1105 5301 4972 2019 1122 6241 2900 364 4419 5008 939 1047 9760 2630 3894
62 6727 5224 3232 1682 6381 451 8102 1900 8346 1225 7835 3423 9900 7906 7413 1121 4035
63 1175 5390 250 6541 5497 5804 1785 4624 8953 3138 5988 7619 9148 2125 2951 4079 9075 9013
64 560 2712 5110 7442 3115 2626 6162 3759 9587 1283 1172 1734 6827 6054 3064 5762 5869 8125
65 1546 6144 842 7782 6539 1574 8582 5135 5078 4219 8813 8125 2422 2659 7783 1584 3335 4107 569 3074 183
66 6074 413 2147 1414 4156 7447 1075 5735 497 696 8527 6469 8208 7269 132 5677 3111
67 3651 3549 6168 7699 7636 5428 4849 5561 3548 8266 9960 4184 7296 1534
68 2764 3961 7115 7075 4080 2551 1892 6032 5251 7718 8305 1250 2340 1698 1476 8733 2867 7949 6672
69 8994 2327 5962 6196 3427 75 1343 7710 5493 3992 3002 3195 6801 6131 8663 3210 1400 8894 1781 7709 8729 1430 8684 1918 4951 2910
70 3505 6625 4367 8522 1586 6292 1119 2534 23 7433 8349 338 8621 1437 116 5489 5848 3316 9968
71 2897 4362 1227 286 793 8209 2863 9330 7131 921 7806 9917 6747 8508 2298 6752 9338 2432 136 326 8183 6967 5393 3166 3074 1730 1668 9968 3830 5412
72 5698 6102 7135 3540 6491 4281 3161 4459 9622 7713 9299 5544 7194 4089 8603 8431 3543 9842
73 76 75 6101 6595 9732 4837 7500 2681 2788 5053 6367 3263 168 6370 3102 336 4995 3969 4079 5503 7771 3146 1081 2184 8053
74 478 6499 164 4888 8243 1776 410 5911 5923 5631 8701 3573 7800 351 6153 2085 7517 6044 9244
75 7652 6458 9613 557 1787 6232 7593 7585 6192 3428 4704 6213 6817 4271 2476 9961 5777 9498 8309
76 3841 9470 8920 3882 7221 3120 6718 7018 8498 1788 5715 9954 7679 9736 1515 3721 76 2796 6003 7292 1083 3074 7153 2685 9848 7296
77 4890 4168 4377 8671 284 8589 8151 7432 8238 6327 8193 5449 3213 2815 6642 9959 630 7682 6962 8498 4399 3836 8601
78 8776 3049 8986 7004 247 1678 8125 9557 6054 6316 8778 251 6951 8212 2557 2611 7968 6549 4855 2986
79 2643 2349 3731 7713 4801 7429 5347 1908 7849 2252 4403 2417 6346 9075 5302 7205 56 9317 3869 585 2057 1140
80 1319 3285 9722 4831 1358 4654 214 1125 4315 1435 6710 1299 7166 8169 9889 4027 8491 8209 4314 3885 3602 3012
81 133 3048 9055 7606 1860 7304 804 9667 3747 5441 6640 7329 5456 2240 9239 7615 655 5421 2157 9677 5193 2650
82 6963 3946 9798 5124 4514 4721 9872 1626 8643 8498 826 7453 6895 8343 1534 6613
83 1780 9548 6615 7078 9299 8022 1358 72 6952 4320 2231 7771 2390 5266 4533 8740 7097 5083 8167 6765 8445 7790 7474
84 9040 4842 1044 283 9636 9188 9025 3689 3022 6280 4852 356 5532 7 7459 9962 1710 9301 249 5966 4045 2615
85 2485 4350 1106 2032 1757 1040 7590 5004 9545 7443 6210 8248 2470 8132 824 8082 3783 8105 2962 7438
86 2240 1984 7438 7285 7200 1429 4624 967 1914 7418 9944 3009 3282 6237 6110 7574 6797 2892 3958 2568 6889 4134 6734 5117 9704
87 7968 3316 3850 6052 5871 773 496 1003 8736 2295 9741 4100 1218 2496 8493 5580 5825 2307 8343
88 3877 2555 8495 4765 9506 8692 1597 3059 4229 6850 996 6730 3662 9036 9953 8145 5862 2240 5780
89 9293 2263 7919 2139 8306 8831 8373 9820 2468 7707 7545 1428 2408 5680 9422 2092 2340 7193
90 9834 1554 8904 7752 1353 5555 4847 1208 2266 4244 4175 605 148 8000 1308 9852 8895 9289 9483 1391 8716 3684 6509 935
91 2600 8836 3092 3545 1585 6403 3053 8586 5547 1356 8604 9761 4147 6221 8110 8976 2460 4094 7762 5758 1668
92 4971 4180 3553 4699 6551 4629 8516 8134 6035 2240 9129 3529 1738 8496 321 9265 1199 357 5371 6296 782 5609 7179
93 6187 3278 787 517 3717 6393 3325 9979 9421 4182 1002 8126 9797 7864 4507 9199 1117
94 2112 7090 135 1379 4056 9777 8401 9687 5537 407 1530 8801 5437 2052 9160 2013
95 4264 7233 7203 5287 788 5856 3584 9850 927 3781 2648 5451 6135 8547 8417 8794 5775 6547 7762 935
96 259 8293 3877 8210 89 7880 8749 8817 3887 2916 2997 8620 7357 7971
97 8267 4429 477 4224 1267 7108 6674 7183 712 2860 1052 1529 6613 3741 9826 9193
98 876 6631 9692 257 7429 5412 567 7164 3192 3716 8828 9108 607 2754 3012
99 5639 8104 188 3727 5483 9040 299 5446 4330 4648 6185 1080 5685 4423 7114 9038 4639 227 1134
100 1498 2212 5194 4501 1192 4280 8722 34 9252 5708 1739 7241 4364 4160 9500 6125 3445 3744 3144 6020
101 7439 8307 7276 5800 2604 6083 9681 6849 7550 9573 1492 4985 3276 9567 4025 724 8742 4346 7012 2974 9709 105 2615 9842
102 2647 9271 8074 225 4679 3755 6630 2003 8329 4871 7312 9857 8443 486 843 6286 850 5660
103 9598 8005 9787 7556 564 3241 3932 3567 969 4710 6157 6347 4986 5432 3341 2605 7234 6982 9669 5326 9720 2150 9270
104 1149 625 776 5933 3909 9357 8939 9943 6492 5240 174 5894 3522 2998 2293 4808 9530 7996 9007 9404 1289 7012 2413 7709 9043 1668
105 7320 2662 4957 7670 7586 6030 7975 9312 3290 5334 122 8465 8452 786 1829 2635 309 2118 9225 3376 1763 6613
106 3303 1117 7079 5715 1357 2582 9514 543 4519 2726 261 5412 2555 1668
107 9632 1831 5138 3254 9137 9606 2961 8391 9183 6471 3838 4290 4246 5548 9086 2209 8830
108 3144 4170 9677 7759 2741 9665 9644 5173 6380 7531 5704 540 7126 529 6126 1971 5006
109 9007 935 6744 8169 7736 7187 2864 9444 3586 7925 958 9199 6805 1461 6122 7486 5396 7858 4793 716 3718 5715 9031
110 3504 1581 8598 1112 5141 6881 7967 7429 7284 9411 8351 3490 4340 6200 9284 462 4377 7032 6467 1145 7072 9545
111 6938 8174 2422 738 621 3437 8761 4679 4991 2644 2179 113 4474 8019 9449 8300 9593 3101
112 8932 2176 4823 2634 2278 6949 2146 2018 9610 79 6373 7621 4304 1503 4750 5608 8387 1728 3023 7575 4199
113 3012 935 6962 3950 5049 2061 4396 4865 7921 3145 6251 6459 882 4102 3964 278 1839 1071
114 979 8370 8167 3130 9683 1539 6586 2803 2 504 7310 5399 9616 7874 8700 6323 7950 1633 5063 9723 4311
115 8146 538 1204 8441 9515 9124 8652 8870 7889 8765 1429 3813 1631 2218 54 2290 9111 5966 6978 3543
116 3530 6034 9746 1134 5156 396 5152 9161 7715 3501 2508 5492 7797 8883 2666 1984 6672 5788 6021 9007
117 4341 3103 2651 3024 6516 4558 6789 7001 5014 5115 2858 2734 935 5918 3143 2724 1573 6778 4352
118 6261 8027 7896 6643 2318 4939 9086 7154 4317 4840 2586 1904 3058 8295 7266 100 3835 904 9432 5636 6170 9160 3583 2704 3894
119 2739 176 2876 2537 4873 5466 505 9034 4274 5233 1298 604 1595 2922 1429 3936
120 6920 9065 2982 3184 3538 134 9494 3376 2226 9244 2643 8158 7758 2443 7742 6165 5305 3081 4985 5412
121 5247 9192 1265 4720 4277 6566 8203 4285 178 7575 7860 2571 8750 6821 4167 3521 1763 7949
122 5245 9178 668 468 7912 4633 5318 6560 2932 9912 3451 7501 7558 8159 434 8887 9877 2494 1625 9197 5340 3894
123 6251 6258 5788 4490 7288 80 24 5929 2818 2279 3320 6313 9431 7053 1478 6578 8891 1593 3158 7706 9988
124 2019 1933 1722 6896 5917 2058 8951 7157 3981 79 7072 2723 811 7122 6621 5419 352 3602 5948 6054 1534
125 5052 7314 8848 9786 5386 8154 6900 8674 5662 2889 1362 1152 7927 6875 4314
126 4780 5500 7684 3364 3240 2165 4941 1290 5442 501 366 9874 1454 2643 4649 8289 2657 3017 7341 2052 2699 9139
127 6376 6978 9073 9451 1668 5746 4020 4170 1724 4883 6613 2099 8241 4082 6624 3993 2517 4035 8134
128 2607 1850 6262 960 1223 4948 3631 6954 6743 118 4813 3157 8977 8491 3137 7557 657 6882 955 7883 9968
129 9007 3163 6920 6938 9891 5073 4734 3243 8091 6181 9694 3830 1988 9404 965 2 385 8233
130 5198 9089 9533 4901 1295 5316 5330 9174 487 353 713 4481 8985 8410 270 8644 9327 6936 3578 6463 2128 1289 6945 2
131 2327 2480 4864 8718 8617 7949 1042 1693 9679 4573 2926 6282 6155 5519 4977 84 4450 9989 8423
132 7545 4484 8839 1911 8827 3972 360 1144 4375 8724 4087 5593 4188 7579 9380
133 545 8062 9576 2150 9323 7425 325 745 3365 1896 4672 2227 5176 4835 6212 2999 3194 9848 1105 9230 925 1121 9244
134 2088 6115 6427 7513 7639 8365 7751 3481 6134 7609 6514 3622 3528 9693 6454 2521 8069 9555 4985 7521
135 3653 6044 7820 9461 9861 7769 5477 1317 3568 2034 78 25 6375 5664 7624 9584 6938 308 3958 7683 7429 3877
136 5340 2155 8933 6235 201 7283 9345 2196 781 8515 7930 4777 1721
137 4880 1105 9911 5367 6613 2761 423 8587 8253 9049 4008 7150 3521
138 647 8710 8056 8181 7444 4107 9114 2103 7153 2687 5386 5559 7699 2142 4770 7649 5372 7762
139 2288 3602 9301 8716 9037 1968 7917 4388 4121 8890 7628 929 6937 5748 4470
140 3664 3590 1907 1469 7792 5219 9282 818 2848 2459 3628 6778 1164
141 7069 6048 5637 8012 1186 3047 843 5346 6916 7995 7438 5267 8950 1274 4957 952 5715 427 9545
142 6387 2736 7852 1156 4614 4639 6089 4731 4314 7472 1667 7408 4107 9517 4112 6428 6271 7201 8470 6030 9848
143 7936 6790 6303 2431 6724 7179 5293 7180 2773 8476 2098 5144 1028 1279 1465 1353 8722 8406
144 6982 3476 7461 240 8585 7714 5949 4328 4116 4779 8711 2175 7600 450
145 6750 6909 5607 6961 2393 3044 7101 6139 5687 7708 8044 9615 4647 3411 4099 8186 5028 2960 7507 5323 4985 3012
146 3012 6292 8043 9673 1490 2213 1431 1562 9110 8408 3084 6170 8172 3831 5846 6355
147 5605 820 7146 3630 7351 782 8554 9791 5112 1963 2896 6113 9207 7694 3753 4521 7743 891 1042 8947 2611 9965 5322 4985 1117
148 9652 2183 3054 1696 4707 1950 2215 4053 7325 3728 6518 5002 5612 778 6515 9844 60 1085
149 8462 1984 6592 7599 4407 7631 8358 4803 8766 2670 9710 7547 3060 8646 229 9156 800 7289 6827
150 5401 6523 7762 3580 8263 8025 822 3061 9990 887 2169 8228 4767 7741 3045 6778 6744 9852 3602 5412 1668
151 3672 6321 7219 5558 6919 3261 9102 5437 2007 2908 1546 2805 6807 6276 7587 1524 4035 2558 9848 5003 3753 5762
152 1912 8775 4043 1335 4347 5660 9139 2785 5744 2289 7487 4993 7379 8043 8845 4921 6141 2705 1454 6153 7153 7699
153 367 9374 8425 8862 9831 8386 9164 6470 9305 8298 2365 983 7854 2421 1640 3907 2979 663 5340 1121
154 9316 2414 5840 5086 2965 6291 3158 8433 1663 5858 4312 5528 9795 3799 4941 9397 7653 4377 2615
155 4923 7610 7960 6305 1142 6404 2855 4093 8980 6283 6390 281 3776 7765 9160 2933 411 5023 7517 5908 7734 7533 4619 9007 9533 2986
156 9351 6895 3629 3885 5280 5068 7979 5507 4341 8484 9424 3482 8597 9418 3041 4144 839 3877 2074 569 4129 3982
157 3163 4787 3393 7795 4352 7044 5204 3733 9112 2869 1188 316 926 6360 5467 135
158 321 3103 7948 1580 4423 3240 9075 7001 3783 1138 7992 7235 2036 4237 4562 120 854 4908 8671 3012 3021 7688 1049 7400 5880 7961 5989 7759
159 420 993 871 5674 5335 145 7673 3036 5784 1756 3739 6460 5038 7428 5263 1600 2838 2182 527 6161 8711 9129 7762
160 8552 1476 4241 9013 1471 729 365 3494 1531 238 2550 8780 6379 4812 6351 8805 9562 7001 6327 6910 8125 3023 4855
161 3576 5713 7367 2190 1195 1056 2341 69 6547 1039 914 7652 6715 2100 7225 1927 9510 4357 2715 7511 9160 2962 2986
162 4378 718 1169 238 472 8821 3600 9011 8194 6152 649 7762 7652 3877
163 9398 2630 2128 3935 2943 8998 7413 8803 7127 3634 8134 7173 1299 321 3259 3509 1263 2121 8057 6506 9408 6888 6688 6020 7787 7438 2240
164 4352 9075 9013 1986 3395 6675 6949 3108 7249 2187 888 5688 1871 1383 4505 6680 9048 8887 5465 1987 3326 7861 9476 7410 7163 7365 5389 917 7932 9132
165 3432 2682 3998 1394 1683 4206 3920 766 7762 8717 491 5326 1812 7949 9270 1375
166 5867 5732 3926 5134 4948 3338 6088 3966 2716 3383 5999 6756 1544 8716 3434 569 2288
167 6359 9463 7519 6377 3772 684 3880 7213 2286 6 1708 777 949 4588 480 348 6671 8022 5304 5775 9615
168 7087 9671 6254 2792 6567 7541 6087 6140 1608 6401 1873 973 3089 4914 6905 2437 1548 6609 4664 1731 2028 9461 9765 3905
169 2676 7807 1981 9015 4799 5044 1363 2446 5186 2049 3368 8406 291 8227 7730 6742 1091 2679 7856 8439 9444 2340 6258
170 397 3486 3089 2752 5251 5097 8850 9549 7733 2204 260 8272 6337 3625 1453 2249 7193 6360 8116 650 3543 7088 6054
171 5609 1605 4791 5814 7237 1904 1064 1353 9789 9501 3015 6092 6622 1341 2326 6861 58 4797 3374 4622
172 6196 5964 2299 6002 2004 717 5954 8561 2800 932 147 5960 925 1668 7949
173 4354 4698 2696 9843 901 5552 354 6627 79 7919 9858 3050 7071 8773 5647 4266 4712 1160 369 8668 2766 7029 5704 4168
174 9621 4311 1619 6134 1972 3316 1534 3606 5077 1576 9706 3632 5047 5320 2698 9483 3079 3074 7652 6584
175 6409 7737 9970 6843 8416 8103 7156 6176 952 2595 2515 3458 4604 3677 3536 4909 3468 3521 321
176 2898 5961 1800 3429 3990 4532 9862 193 4236 2531 5582 809 5242 2193 1343 4901 2945 321 9842
177 4232 4359 4610 8829 835 4379 8526 7294 3655 8130 867 8155 1196 510 3584 4506 3012 935
178 2693 1869 8133 1606 4975 2329 1246 1960 3113 2699 5412 6145 8834 5538 2420 9113 7915 6226 9666 7902 2
179 7456 5831 7197 9543 3116 6706 2453 6426 8731 8557 4353
180 5520 6188 6416 4337 8794 8442 7968 7859 6795 5321 9392 5331 4228 1782 3071 8490 3075 9659 6737 3079 650 7992 5869
181 2444 9649 3665 2008 9348 6834 6735 8676 3904 1760 7886 5779 3502 6481 5849 155 412 3758
182 5715 1145 5412 5029 3926 7182 5048 7806 2527 6460 7688 2377 2529 9825 203 6358 1213 4487 7675 5260 5921 1289 4033 1741 719
183 2986 6938 6827 1134 1150 7833 5915 2087 7352 3329 9484 7630 5153 1043 3309 9991 5053 7739 8824 3432 5494 3812 2732 1571 3820
184 5445 1276 6953 499 5962 7045 5738 8947 8021 7902 2096 4284 5345 2467 2332 9812 8741 9669 3894
185 1641 355 56 2349 2519 431 1393 1596 9650 1810 8468 1000 8489 9196 7005 8386 2114 5412 1299 6327
186 9848 8043 4818 3012 3279 8324 4708 5796 4559 5119 1587 7355 2343 6867 1607 4974 857 2857 1658
187 5885 866 8092 6616 6798 6555 794 2505 427 3910 8230 507 2404 4242 2630 9661 7689 435 9062 6454 9757 7606 8495 4314 2288
188 5030 7040 8714 66 2116 7110 7027 9270 1550 1127 7680 7678 427 6386 139 7023 9714 6332 9444 5323 9347 8812 1625
189 1583 1367 8313 4253 7775 6334 6326 4795 6151 1371 4781 6458 6299 4276 7683 9669 7419 7652 79
190 5715 2437 259 4728 7839 5309 8200 2246 2621 5215 734 5164 6274 7489 3269 1332 221 6623 4866 3942 9800
191 2223 7136 3666 5651 7864 2503 7076 8799 6713 5650 2727 2698 4352
192 7476 9313 1986 6417 3497 3220 1463 8078 771 9186 8147 5843 7413 7983 1102 7544 1750 1833 5064
193 7788 3072 3207 3766 1383 5481 321 9379 6538 7385 7801 154 7449 4953 7454 2387 935
194 8008 9219 5666 1814 1396 7727 5854 9902 694 7944 1488 4647 5448 7652 4326 3877
195 1552 6453 6509 9311 5771 1495 3981 4963 4858 8966 9656 6014 4385 2804 8402 3077 106 8711 5864 1104 6554 8487 3261 8498 7652 9848
196 6201 3314 3853 6014 417 2612 2704 9896 4195 3676 3370 9155 1700 8912 8344 4923 8116 321 1752 4199 3894
197 7622 5964 2010 7474 1482 4690 4259 6912 6227 3995 736 508 259 6390 3894 4352
198 8930 3226 3493 1932 447 4828 7409 8254 7153 3897 3109 1067 2186 5581 7407 3756 6224 8912 3146 7627 5689 732 8644 2892 1557 6538
199 7526 6369 8533 6186 1154 9657 5962 9558 9416 4293 2970 5101 2237 5517 1146 2666 4189 4093 5239 7699
200 3135 6875 2745 3240 7177 7055 8556 362 2353 1383 5383 5142 5080 6058 475 3061 483 9977 7666 6545 7709 6236 6464 7762 6095 1216 5412
201 4286 2121 5458 2577 9083 3379 2495 2987 8389 4489 3745 2141 199 9580 7686 2539 952 3427 5772 1125 8973 7570 8342 7602
202 2423 1060 519 5125 3609 5313 267 9701 3775 3735 1193 4594 2346 4679 6584 2183 5848 4356 7266 7438
203 1150 7419 2894 2424 4878 9279 819 2005 7933 2562 8871 4686 1656 9771 7434 5041 4278 2768 2957 3964 6067 2121
204 177 1705 3403 6869 9918 2865 6051 4468 3114 2062 1623 7841 6933 7596 8220 2735 7676 1843 4909 6115 5064
205 8507 9493 4431 272 4693 7030 3479 8431 6641 8751 3097 1035 8613 9027 466 2623 3005 6258 6327
206 4520 2858 3080 4037 5391 4210 7560 450 4534 7217 1893 5099 19 7698 1109 8494 3452 2533 6677
207 2740 4709 2668 9236 7364 8121 985 4289 4564 4154 8672 2288 4177 6233 1808 6558 7153 2986 5340 3675 673 7740 1668 745 3012
208 4418 5322 3305 6044 5566 4065 4034 8453 2707 4544 6302 4060 2827 1590 269 9104 3334 3543 3635 7105 7929 726 457 5821 5507 5411 6178 2327
209 5218 1835 4496 5328 8942 4979 6987 627 8654 3877
210 3944 4313 300 9633 7618 5304 3842 9668 1611 8982 900 4084 3035 8481 4891 1368 9412 2375 4745 3410 9270 6020 8005
211 8881 374 2125 2781 4680 9041 8069 7564 8491 8686 3885 9247 2026 8315 6404 8785 3363 8332 8819 3435 8812 9139 6938
212 1153 9248 7904 6295 6479 394 6860 5861 3762 296 8470 3777 8705 1178 3862 7671 7012 8287 8780 9615
213 1668 9013 6584 4199 2327 8650 8647 5066 6202 5360 4567 2104 5217 9405 8332 2414 5848 1784 2305 5719 9238 7007 2603
214 3581 613 244 9721 8571 4162 4983 4737 4035 9453 6659 1407 2228 26 4949 3513 9265
215 7252 2651 3784 2713 5953 5179 8841 2167 1191 4151 3703 9466 1045 4814 7907 2643 9244
216 8728 352 935 6344 7104 2770 9098 2722 9318 9168 1985 3506 4110 1877 7486 7038 5445
217 1763 9586 4414 79 883 3729 1775 9029 625 9559 3847 8474 7762 7370 5882 4760 797 1484 7055 6986 8387
218 6913 3362 8185 5773 5061 8069 8733 1542 8673 3129 9050 1197 6289 9491 2935 6531 79 8788 4967 8982 4362 1555
219 9283 4636 4007 5239 157 3172 4192 2055 2668 138 1564 3652 5873 598 7320 1190 8781 2080 7756 7053 6672 3012
220 9395 9374 6451 3681 8223 6298 8856 2938 4129 4548 4402 5813 6365 6042 8670 1864 1216 7946 7342 6621 3641 745 9462 8539 5775 4787
221 979 6269 7481 7940 2109 8631 2610 3626 1288 3779 4199 698 5454 3165 4916 3128 6415
222 9172 8609 8601 2072 7909 9119 7368 5841 245 6395 4376 205 9299
223 9842 9713 9075 8908 4855 9975 3543 6733 9353 9969 6211 4792 2214 979 7406 6418 8798 1097 8807 4494 6391
224 6767 79 5095 6544 1059 1931 4857 7950 6077 7617 9511 7813 9783 5020 5764 7426 4326 1116 1999 6613
225 1405 8332 140 6693 5560 2555 4368 4740 450 3065 986 4339 9213 2175 9551 7790 4539
226 7142 3905 4238 2275 8838 3557 211 4015 9027 1847 6124 5219 850 542 3554 8327 4326 2033 1401 2264 7050 1763 8284 3077 4199 3894
227 2555 2240 1085 7429 1465 1560 6360 9402 6557 1105 6161 9300 3866 3753 3877 4077 1979 9359 1255 4179 2797 5088 8859 1566 3801 207
228 6141 2990 4349 402 1793 7786 8429 2903 9291 8867 5563 6357 3833 5296 2565
229 9646 4045 3262 9364 8685 9377 767 425 1826 1562 2244 8450 1201 9666 6778 9215 1828 2959 9001 7254 8176 1139 3320 2121
230 6482 949 8375 7396 606 7126 6143 7970 5904 3956 6547 642 5206 8098 8975 7884 3023 2962 5283 265 6161 4222 7 4843 6465
231 9842 6054 131 238 9088 6796 7505 5677 4623 1406 7270 2699 7575 5248 5543 8728 5693 102 9440 3726 6398 1329 8418
232 6320 5526 3186 155 6537 9369 9163 8564 6922 3433 9926 5120 2874 2500 5539 5445 9003 8160 5869 3032
233 1383 946 8377 2454 1980 5592 8235 7852 2576 7762 4746 9518 7817 581 4187 640 342 1246 8844 6938 5326 935 2288
234 935 3586 1668 8794 5437 8559 5203 415 1442 4421 9384 5880 8419 7316 2650 9264 9215 8052 7219 3700 9758 5700 5604 9138 4660
235 4959 8015 8532 9816 9138 3817 2185 3948 6894 1347 3053 7274 1813 8188 791 7534 7120 4314 6613
236 7099 1327 1234 6510 5683 1754 49 7867 827 1070 8491 5340 5899 8663 2340
237 7949 1774 1790 8907 5383 3232 4563 5865 6981 3579 6975 1017 2384 8037 9010 5541 2516 441 4057 3603 5295 5801 8693
238 5429 8227 9071 5348 752 609 4358 7473 7247 3764 404 5190 6564 4381 7850 828 3352
239 5129 9302 4984 4031 3500 9415 5121 905 6708 980 5097 8671 1134 5762 7120 8462 5715
240 7949 6547 3146 200 2422 9512 3767 9448 1560 5042 6799 1256 5308 9094 9997 5192 4416 9115 3006 2744 8832 3827 5525 239 7088
241 5277 2113 9273 1905 796 6604 4612 3715 1287 7204 2047 9845 5986 55 3117 1582 1410 1670 8958 199 2533 9842 3877
242 2972 1032 1343 916 8964 2808 6223 9627 5522 7808 9847 9304 8003 9290 8078 7289 5748
243 9129 8994 5762 5412 6470 7524 3011 153 65 2886 1890 131 9772 2240 7754 703 552
244 3343 6244 1524 8400 1674 5395 5471 2718 6082 2220 7215 2128 236 1328 1767 6732 79 4912 4199
245 7333 5322 489 2753 2970 7451 9964 1944 2171 6565 399 1063 9237 7366 9788 1346 8528 1956 1979 5412 5895
246 3371 1299 7240 2975 1803 4194 1128 6483 9603 1215 1654 9032 6018 1849
247 9533 5099 4077 1571 4717 5448 9340 7697 8046 117 5584 3392 3543 8260 6530 2412 9871 3454 3153 295 2962 9735
248 3249 6802 4282 9347 5839 3547 412 1441 9324 330 6331 5983 4028 8898 5845 2790 2359 4161 9545 9990 4020 9615
249 1476 9181 7899 4333 7509 7696 6354 666 4123 5003 964 5863 4193 3151 8968 7389 1226 9319 3277 9453 9050 9545
250 2733 9375 7437 3018 5930 8703 1270 8477 997 3441
251 9244 1293 2413 6827 2685 1065 3172 8591 3242 2807 880 1343 3291 6800 7955 3696 9734 1370 3313 8698 4372 8848 9521
252 3463 7167 6428 8844 2143 5329 9080 2345 7160 2499 477 6744 3977 9809 6440 8444 7745 2649 4234 843 979 1058 1731 8994 3207 7153 2986 9007
253 427 3106 6153 780 6537 6067 2251 442 2064 6309 9942 1848 3648 6300 5818 3811 9523 7756 528 9133 485 8934 3203
254 7732 8193 2914 5709 6606 8812 4456 8795 7383 2883 8390 928 3561 9253 761 90 7977
255 3885 6011 7048 3771 6654 9778 7377 6425 3563 5783 7059 1041 9545 3270 1934 8570 798 9995
256 6129 1644 4697 5849 9830 3702 663 3856 2992 8876 3620 943 3127 7776 5507 7922 3107
257 2203 4822 6029 1242 264 7170 8252 4898 1952 6977 9823 5163 3271 6064 8066 4692 1916 3894 7762
258 9294 3671 5490 6136 4809 6164 2852 1790 7922 8889 5351 8105 3839 2690 5589 3229
259 5286 1273 400 5437 352 6759 823 1979 1879 250 7020 29 876 6036 8796 1527 5507 4071 3103
260 9007 450 3453 8902 1053 9793 5450 5893 7499 6996 3046 1330 8371 4574 2489 6675 2002 5896
261 8293 5219 2763 2704 906 6635 2779 3737 1637 6054 3043 9527 6290 8744 7405 5696 5149 765 4400
262 4011 5794 8109 590 2474 7881 5630 8462 9200 7894 2902 757 5824 4472 7306 3342 5527 9265 5340
263 7289 9957 6445 6492 1079 9197 7240 6691 8236 3700 3244 7779 9130 6647 4802 9275 3034 6341 3846 8830 4367 9965 8248 8910
264 2189 8239 7210 9939 7703 1224 9457 4896 6242 9589 741 565 3885 6817 5962 5715
265 2643 7699 780 9836 6094 735 6707 5583 2415 9935 2323 3885 8320 930 6918 9655 14 3757 8503 1613 3989 9325 552
266 2927 340 444 9428 3304 2578 5910 7692 8092 8198 3691 4958 8460 3945 9403 226 2078 8088 3894 1121 4752 2114 2892
267 3714 2240 9764 8111 141 8058 7153 9540 8387 6670 4216 6195 1247 8427 9930 3414 4045 32 7654 4341 1083 5226 6349 2962 4728 9991 9968 4314
268 183 139 4457 8644 1415 710 2717 1455 6989 406 1632 3602 546 730 8810 4819 5816 3199 8131 3539 8506
269 7198 6511 9777 8770 8290 5913 4811 9510 8183 5407 4455 1413 6267 96 2943 5821 8265 9992 7042 4782 3241 9374 4071 4784 6547
270 4069 8014 4361 2968 6608 5265 5657 5398 4323 4344 1316 3981 7082 5471 3830 4176
271 1339 3751 7749 7984 3582 3637 4002 6189 6057 4988 5567 2966 5105 1501 3354 6938 3523 4900 7687 1742 6467
272 7517 4919 6489 6275 4197 6886 3288 4935 9101 3163 9654 2856 8708 6084 1923 8257 2260
273 9114 238 3510 4286 1496 6219 7043 6620 8543 5667 9766 4653 8509 5029 3936 1668
274 8782 7699 7762 5569 7232 6239 7186 831 4830 5529 146 8284 1763 2288 9842
275 9898 3043 790 5798 5531 8235 4727 83 8247 8514 8220 4469 1458 5485 9406 2427 9968
276 5019 2358 5241 8530 9932 6306 3184 311 6264 1103 5763 6700 9078 4124 1625 4539 5423
277 1348 686 5373 8087 2164 5998 2105 9175 9051 3322 5799 4625 8471 2981 4443 8994 2013
278 3982 7652 5547 9039 5446 9730 9585 4592 5957 7789 3521 9750 5703 3748 6838 9582 616 898 2904 9583
279 6692 7868 3965 9116 9938 4807 5034 8709 7161 2627 8937 7397 6469 7251 8013 6021 644 9199 6258 7883 5307
280 7105 7542 6924 234 503 6942 8051 5187 1614 5934 9219 8994 9541 1821 7313 9232 8491 7820 2013
281 5810 7553 219 4527 3004 5352 991 9383 169 6038 8961 6698 7875 7543 9827 6765 5181 1058 9775 3584 8134 5341
282 7821 3837 6287 8123 8153 7506 7640 3711 3693 1707 1871 3251 569
283 2346 912 610 5501 9581 4356 159 2201 5 4295 1048 748 3852 9298 1598 3918 5898 6228 2643 3111 1668
284 7740 2191 5172 4929 6507 1809 4254 4345 8148 5692 3470 8534 6402 4838 723 3877
285 6938 352 2593 420 692 5862 7653 2918 3650 1248 9245 7262 3215 8042 6105 3331
286 5899 7423 7369 9487 3113 8686 7736 9190 5862 8068 7248 3643 3796 8645 632 1238 9916 1299 7699
287 5783 4870 3823 799 4665 6661 1309 4432 4619 4531 9852 2875 4735 301 2882 2355 2416 1051 7762 6216 7713
288 5502 9414 1665 9865 2240 2031 7240 5860 1499 8492 2497 5147 3855 5859 2145 7153 6327 7438
289 8994 4020 6584 5038 79 8716 3624 3014 8211 6568 1916 6935 6464 6190 2795 4258 7747 6619 8612 5942 3405
290 5767 8142 7285 5838 4245 3804 8302 2238 6599 7029 9685 6920 769 6431 1818 9129 9276 7732 3377
291 437 3104 2791 3836 9056 4937 667 2555 9565 1534 2389 2304 9358 3183 8026 4181 6781 1543 5445 7736
292 935 6534 2025 984 9811 6556 2553 5870 5369 578 9994 2127 1004 6525 321 8600
293 4531 9007 1352 6851 1841 7537 4944 6424 7559 1720 129 5530 8215 4128 4884 4967 3567 5122 8125 3752
294 5339 4342 5740 1095 5482 5257 6175 3808 9153 5478 577 3941 6540 2140 5229 9436 4230 1145
295 8134 9244 9968 108 7087 9007 3758 7210 8348 5327 17 368 2124 3560 421 2160 8488 6296 2917 7318 8920 7036 369
296 7790 2192 3708 3178 6112 5368 9335 5772 5448 7096 2399 8312 5050 6209 6658 2579 6554 1822 1900 6827
297 4106 1930 4391 9173 8505 4272 9371 1681 8411 810 5208 9465 1962 5715 1117
298 7413 3521 7296 1601 2288 2704 6922 5340 8618 4956 2439 7415 3894 6000 3997 4475 7848 3840 4117 8885 5430 4150 2923 3265 8269 9216 2198
299 1299 6672 2383 2412 4056 3006 4976 2790 492 2481 7363 7093 5096 8762 4714 101 182 6921 2526 5211
300 4962 8145 8125 4691 6022 8234 8282 8499 1423 6865 7086 6519 205 1964 2210 4942 6635 9171 2904 2617 712 3665 9224 5307 8994 5748
301 971 9109 1638 7050 9818 5477 2236 7798 3949 2989 7296 5835 1688 2670 8491
302 4212 427 6351 8981 8842 1315 8484 5112 5075 688 5017 9533 7021 9937 73 8609 1979
303 1670 2256 4719 6496 8340 3312 7736 7787 425 9873 8434 2915 9195 2850 3668 9231 9834 4965 30 8894 7267 2340 5412 9968
304 5175 1762 7956 3836 8688 13 847 9362 5386 9285 8345 9578 4587 8449 4032 768 2555 6467 5470 6547 3012 3023
305 9259 9478 9645 1929 8837 5751 1984 6457 8466 9674 4787 6410 5535 8083 3316 6014 2327 3125
306 5645 6748 8816 7037 1380 2870 5097 8004 420 3754 1647 2065 1187 6318 9626 6026 5677 2774 650 3830
307 2810 707 9579 9349 9755 5901 5294 172 4243 7331 9481 9178 7575 9928 1961 165 9757 2893 7360 4352 8725 4507 7762 6687 2986
308 6385 1711 3160 5802 3032 6526 18 8331 2601 5268 6736 7456 202 862 63 8341 518 3550 5006 9179 5504 6270 2229 1353 2537 6534 6827 3012
309 8918 2866 8789 7026 3642 5011 9107 1672 1727 4097 6547 9209 5273 9301 7997
310 4442 6528 3227 6406 7399 2401 2319 5728 8478 7054 5596 2339 9309 4132 3572 8085 8840 6500 9260 2304 935 3111 2666 2155
311 1260 1336 695 6863 3319 8566 8878 2884 1348 4845 8677 1697 7770 2552 8275 7153 279 8720 3994 6310 9120 3074 9533 5869 3684 2
312 776 6336 5339 130 3231 9834 5534 6695 3016 8005 6776 6452 9948 8316 5094 4108 3070 1979 6938 447
313 4020 3982 7652 1020 875 3304 1761 8009 2079 1622 728 4051 6979 7 4584 847 2787 9295 463 2074 7525 895 4824
314 1940 2721 3409 7822 30 4326 3669 3535 6477 5514 2925 7582 2837 2867 9495 53 8624 5072 3858 4400 6538 7883 3586 1496 9842 5341
315 3074 2892 6428 4352 8104 4561 8965 6632 5158 5606 9524 745 5364 2819 7172 3284 6666
316 2107 603 5587 7880 8067 7795 8431 4933 7309 6572 8759 6855 2173 6117 8678 863 5962
317 8687 4970 5737 5875 5950 4340 6777 9474 3633 2638 2725 6959 6480 8811 9217 7956 925
318 2983 1364 4879 7657 1978 2168 2639 5388 8518 9866 6938 4688 468 7988 6590 8551 3012 8711
319 2327 1339 7438 4004 7736 6285 2315 7159 5090 4926 8594 1865 8864 1745 4742 7355 742 9255 220 8294 6512 310 6859 9159 4081 6141 1858 376
320 8797 4616 1425 3743 2737 2344 2591 4832 2391 851 7551 555 6793 3983 2881 2962 3914 7055 5643 5962
321 7652 2240 3795 2900 9637 2063 9537 897 6465 2288 4309 8163 7393 379 7647 9376 1220 5150 4695 8363 2407 5234
322 8722 4453 5947 7997 9526 5848 935 6827 6811 4109 4846 3200 1210 9970 8470 3117 541 979 9968
323 5111 7013 3607 7725 2486 3308 6712 6054 9676 2383 76 2101 7244 4660 6061 155 8143 6725 9625 5958 1403 2983 405 5748
324 5248 9211 4170 3630 8635 7062 2314 4590 9000 7148 9972 8276 7874 1963 1774
325 1779 2464 5785 6671 137 9453 6352 4256 5876 3208 9012 9607 6505 6407 7119 682 259 6101 205 2555
326 8583 7293 5623 6997 39 3584 4778 1552 4510 6890 8952 2310 4909 401 525 516 5446 3936
327 5193 9281 1557 3230 2029 1798 8403 8539 4884 6266 77 2985 2709 9372 9145 1253 8910 1815 9199 6892 2856 9023 1042 105 3792 3584
328 709 2771 9551 9499 1859 3864 9848 3485 6543 5734 4955 5359 6397 2402 3512 6631 8716 5509 247 6538 259 3982
329 4783 6166 2302 5375 2962 9518 1838 2195 608 440 216 1753 2437 8185 8287 9968 5869 8491
330 2978 6770 1365 2000 3453 3758 7413 3298 9930 2629 9103 9763 7440 6686 6646 4967 6139 9659 5869 7949
331 3238 7191 2232 3032 3003 9262 170 662 7831 908 8448 1669 1093 6498 6771 1934 9270 2155 3102 1739 4091 8528
332 358 7199 1523 255 5758 9013 9090 412 2683 8086 7074 3385 5684 1232 1170 4199 979
333 2439 1206 9804 2491 9775 9083 4924 390 8113 8122 1772 3527 5512 970 750 3902 1117 9461 8830 935
334 6692 7064 3675 3699 7435 3066 2211 1105 2197 3156 476 3012 569 7865 4377 9387 5803 7623 7308 1668 6611
335 8135 2986 5690 6434 559 2264 5169 8150 2594 4664 2440 7498 1324 9151 2338 7782 4180
336 8218 1625 7719 7137 751 2833 4340 1832 9946 4377 3373 6712 5366 8374 4438 9758 5871 838 1752 3427 745 7153
337 6423 6343 575 4667 722 380 2171 8832 4409 3533 727 4772 4638 5653 3424 2858
338 3408 5992 9261 7200 2962 7185 3381 9717 1746 7663 8997 312 4982 1073 6465 6870 5917 7949
339 9337 5797 3275 1542 8651 6222 9436 148 7044 4517 2486 6436 6584 5973 8758 1903 9077 1148 2822 8988 3235 4664 4350 5053 7153 7949 3074
340 1686 6149 643 2247 3363 5090 5062 8888 3889 7569 8572 1086 5379 760 5628 881 3086 2340 8464 166 6741 4901
341 4670 5661 4497 7452 4575 2616 7972 6482 8663 9984 583 1717 1765 7846 2027 7895 2488 8118 3521 5099 116 1058
342 5898 4310 8136 4327 465 2674 1567 9197 1092 3532 1398 8882 5055 45 7392 7513 7285 3377 5636 2121
343 7949 9807 5341 918 720 520 6824 4292 5926 6778 5781 9884 7133 3555
344 4362 7796 8896 7746 6574 5170 5833 7338 2301 1588 5160 6263 5381 1668 3758 6538
345 5005 7709 1083 3528 2951 3051 7545 6217 3927 4483 2473 558 4736 7065 446 4070 5546
346 7438 6424 3720 6534 3074 1136 4605 2285 574 7133 7567 3189 8129 8249 4669 5724 7291 6991 7041
347 5996 1454 3870 3256 9876 8484 5431 665 3746 8372 6947 6944 7695 7565 3936 935 7219 7949
348 9908 2465 81 7851 1351 3818 1271 4855 4325 5880 7698 9678 9705 6177 2834 3182 8049 367 9007 1560
349 5726 3 9026 511 9370 1091 3380 1950 303 3344 7395 8278 7824 5511 7844 7354 3701 6030 2114 9654 3936
350 3456 2483 4546 7691 8084 5098 1395 8599 3397 2618 4334 8357 9018 4994 9137 5054 1058
351 8405 4765 3064 1610 8333 4171 8662 6123 9060 868 393 9747 3794 8438 3599 901 5869 6101 427 7456 3032 9968
352 8293 1956 4558 9533 3894 5715 3163 9968 5600 896 992 3810 3959 6413 9244 3431 2456 2325 9955 6490 7965 6880 2538 1009 2877 5385 7598 6705 6903 5572
353 1601 4628 3380 3697 6758 8242 1710 4613 3027 199 4129 5997 8595 7298 109 8640
354 4269 1505 254 4661 3883 2518 5756 756 9936 6945 9045 412 4677 6960 5163 9400 7637 2790 279 2120 878 2757 1 1925 7736 5007 4786 8212 3074 2555 7949
355 569 921 1248 27 4978 8851 3564 5298 5255 2560 8470 9749 4249 3537 977 6681
356 7278 5980 9385 8907 3798 6893 4997 8659 1451 7496 9708 9070 8666 4404 2669 3873 541 4988 6306 5412 1496
357 6810 4788 8938 4635 8908 5941 1311 8421 6628 1508 6204 1349 1005 3982 7413
358 9218 1141 5755 212 5634 7981 6076 5053 1261 8757 3805 2673 7224 7641 1571 6258
359 935 3936 6170 2790 7379 8396 8599 2839 7238 2708 5578 7272 2269 3832 5342 3736 5670 8852 2064 7569 1219 9713 7026
360 5925 6550 2209 4946 2767 4739 6709 1901 4565 8661 9426 8171 7974 9223 9129 9386 6178 3750 2615 6613
361 9979 6955 708 3876 4579 9591 2085 9286 454 6597 6878 4909 5059 8707 9968 1668 4985
362 321 3163 3074 9565 925 2146 3561 547 2317 3082 947 7439 6005 2728 758 1231 3524 7095 6404 7260 4104 6946
363 467 8362 1149 7611 5035 4127 5951 8376 1240 6312 2825 3988 1145 3830 7699
364 4311 8140 3447 6230 8936 1373 4145 4743 8310 51 6462 677 7304 4225 7804 2735 979 2013
365 6772 8927 1920 7899 7239 5678 3661 1179 8555 3152 223 9533 3155 1778 9356 7414 6020 6054 321 3894
366 8081 4437 1628 5434 8124 6815 8883 1868 9904 6768 8922 5597 8706 812 4415 8732 1611 7892 1443 4764 1670 8075 1043 3074
367 1642 3968 259 4535 2242 6712 8495 5412 8483 4153 3939 1294 8713 450 9688 7243
368 6028 8106 3345 2774 324 1866 2962 2333 8045 3404 8962 9718 3577 847 5848 9560
369 4004 9903 2398 2254 9492 8446 7546 213 37 6906 5401 5850 7296
370 6692 4260 7116 2858 1884 5787 1481 7324 5168 4135 9808 7945 6021 7246 8134
371 2058 3704 8030 4063 6061 5067 4641 2013 3020 2875 6614 541 305 7732 5945 5436 5484 6167 7934 1625 7234 7101 6986 2962 2288
372 5387 7607 5292 4324 1297 6808 6844 3219 8017 7616 640 2559 287 2149 9292 5271 1411 5201 1055 4393 1496 6538 79
373 6001 7998 5855 8562 494 3982 9368 7337 9688 4836 7323 4624 5295 7174 5852 5508 5196 1243
374 6130 6613 6914 8319 2885 3513 1344 4571 3148 3593 813 8138 4174 8355 7576 2475 7267 5156 1774 399 9007
375 8994 4855 6047 8035 8010 647 5089 9781 6570 5183 815 5868 5230 1956 7811 6099 2583
376 2030 1846 438 7056 8231 2994 521 345 1675 7077 6086 9691 3710 2907 7275 7924 3659 7296 7861 447 3894
377 7438 3936 7179 1181 560 6966 2458 5209 4542 6085 5250 5906 2818 2820 1272 955 5270 1281 5362 6683 7720
378 9604 858 9167 7880 8630 3792 6327 7066 4694 4215 3782 6121 8216 1079 4457 1942
379 4068 2426 3425 6234 4905 719 2369 1422 4824 3366 8808 2955 62 6857 1238 2340 8491
380 5349 1889 183 9751 1387 518 674 4401 5677 9544 5880 9819 2134 762 382 5299 2469 1222 1249 1252 5715 5848 7652 2288
381 5702 4302 3520 7951 1955 7314 1734 4413 9461 8634 8560 4609 7629 198 1228 6726 8248 2732 3723 5715 3783 3877 3074
382 8893 6487 9043 3533 3069 931 6470 4441 8164 5013 9363 6278 4390 991 7553 5788
383 372 1296 1010 2679 8919 7554 4296 3860 7455 398 2148 1194 8284 7483 9301 1401 7883 5064 745 8994 6613 5715
384 7347 6970 1941 5182 6774 1627 8746 8264 3623 6466 9519 3028 3996 5054 8722 3012 935
385 7699 1134 8450 8431 9224 7082 6677 4796 8948 9841 6934 755 2962 3976 9675 6429 8535 1769 7728 5676 2095 6362 8614 1570 8189 660
386 6717 2633 951 208 4095 6550 8456 6773 2463 5402 1277 1125 4815 8457 1252 802 2270 935 2426 2566 1723 2760 7219 8387 1710 2615 9968
387 5365 6829 5515 7629 183 5264 88 28 3132 7362 1164 7226 1238 359 9331 6488 8994 6771 8212 1774 8644
388 1579 8360 2540 8150 721 6818 879 7359 162 1520 1126 5400 6790 9533 9968
389 6836 3789 6891 2542 3610 2844 2524 6040 7693 4820 7049 6917 9702 6474 5916 4399 9301 2288
390 5643 7751 3750 8392 6218 554 8800 1445 8140 2 9802 6174 2239 2115 233 6010 2630 8830 7857 7340 6986 208 4705 2752 1066 3937 2407 1956
391 6967 2794 5156 7782 5972 4152 1679 4828 5990 1559 968 3377 833 7132 1252 5437 1752 935 9007
392 300 3575 3496 3819 933 8440 3296 2102 8916 3489 2067 919 1993 3936 5917 4855
393 1174 5177 7261 4572 8286 5682 739 2 427 5107 3894 2777 7495 8064 8566 8713 3823 6326
394 6021 9828 6504 7121 3803 9682 9906 9224 43 6104 6576 9607 1185 2452 3806 2543 3541
395 321 3656 6737 4692 5161 7192 4522 948 2271 8958 6716 817 2051 702 8459 9350
396 4180 8994 6075 5677 7491 2024 2447 8996 8447 3293 5370 9883 4965 3394 5483 5795 4234
397 1050 5443 8841 2109 3468 3657 5214 5145 3134 3023 4449 8296 522 3327 8196 1376 6749 7699
398 5995 2569 673 4602 5355 5457 5638 8387 4757 9381 4326 5877 8116 1853 580 8011 6146 7438 1872
399 3597 9600 1805 2192 4434 2769 2859 9423 6467 1801 8018 3592 8756 183 3491 5457 79
400 6669 9594 4658 1719 5216 9185 7141 3159 61 2954 9720 8592 474 1177 4577 3875 5439 4689 5220 1799 8193 8017
401 3164 9480 5902 8790 6388 4901 4257 8119 2050 7503 1652 9743 6753 5374 1446 6547 8722 3106 8910 9197 6258 2986
402 5248 1238 9085 4786 2746 2580 84 6968 6133 7009 9453 6119 5533 9076 7748 6396 1922 9659 1289 6547
403 5433 3025 8170 3267 7780 5082 553 4411 6364 6862 631 2366 8747 6667 3434 7233 9795 8644 1256 2986 2555 5880
404 7296 1510 8702 5307 6575 924 3541 9573 6065 8615 4917 3783 8033 2097 8177 6973 5762 2 9208 4755 5857
405 683 7085 3093 1436 276 7008 8935 9003 1959 8388 2433 3079 3415 2799 5064 2973 1957 2434 7367 8946 452 5326 732
406 8259 9467 8628 8439 3375 2929 6486 1233 2988 5317 4026 4938 3395 6873 3822 5063 9280 3195 6347 8858 8293 321
407 4021 4047 1449 4108 5468 6594 4133 4218 6025 9182 1695 3422 7880 6581 737 6923 9043 6584 6044 2263 8991 5155
408 8130 3670 3562 5223 6324 1616 2996 4940 9568 8432 8152 1750 5727 7240
409 910 9806 3784 273 4054 3417 1360 7969 488 3337 4728 2533 4763 3446 3169 6819 9139 5167 4901 2013 935 1238
410 6503 6049 513 6311 5122 4901 6883 1256 2924 9177 1514 5311 4062 7510 6655 4523 4180 3320 6676 3936
411 3797 9391 7549 3297 6898 1834 6618 5565 271 2872 4091 6602 6348 7552 9401 7120 2327
412 79 5386 6731 4345 1195 2952 7856 830 9566 3537 9004 9833 4903 4671 9341 5695 8658 3895 8900 6588
413 4199 7732 3914 9129 9007 2643 321 352 9355 9968 8922 206 1833 1159 5027 2194 7256 3871 7643 6269 9268 6984 9032 6075 5143 4444 2265 5889 1939 8649 4308 6610 5504 4684
414 2 3830 1496 9160 2001 3022 7519 227 1473 9123 3202 2589 4558 8969 9066 3099 2729 2066 9047 9602 8899 2673 4591 9608 7123 1305 3106 6739
415 9443 9483 8387 3104 5874 7327 1202 1541 7049 1650 1880 6478 4607 4805 5656 4134 7949 1680 3225
416 2962 9007 8812 3720 3982 8831 3728 5580 864 1895 5093 9314 5276 3690 7613 1992 7356 5065 8157
417 783 4159 5178 167 8660 8204 7180 634 7088 5663 5968 8246 9222 7130 1956 5340
418 9940 2038 1749 9609 2750 9352 108 7034 1026 7781 8618 9296 1715 1424 6939 8190 4042 3932 5307 432 6465
419 8195 8854 9230 246 2335 1845 6701 4821 4013 5836 6150 235 9628 1840 7656 3245 7751 5962 5437 2327
420 7151 4766 9637 714 1878 9920 6225 6413 2177 8519 7028 2590 1419 1668 4480 1223 6958 2005
421 8830 5677 4314 7457 761 8043 4169 637 5040 1851 7006 4741 1118 1072 5536 1773 9008 9901 4893 3474 8815 5869 1948 4286
422 5359 4203 5962 6840 7077 6928 5742 7641 802 8224 4340 1137 9366 6231 3531 3763 6021 5056 9057 4457 7949 2240
423 4176 7296 523 352 8384 9842 8711 2272 2283 1645 1061 4928 3316 3742 2407 3096 9460 9141 9638 4760 3100 7939 6534 9332 1538
424 7280 2240 457 951 9688 3821 6296 7893 7883 5583 2233 7810 7887 9067 4892 4502 979 7183 5029 6785 5270 7055 4314 6030
425 6437 3465 7178 2462 2403 652 8361 321 1647 7063 2546 2549 5438 2655 9945 6583 2536 3111 347 4527 9480 7615 930 5880 2666 1979 3936
426 551 3095 3991 6116 4920 449 6926 593 42 3466 2847 7895 7153 9842
427 3379 2555 4462 7448 243 1034 2294 7457 571 7806 2878 7153 8062 6382 3613 7997 8079 3961 8531 90 6613
428 2 1385 116 4632 6041 4191 7591 3398 3616 1536 1510 1381 7302 4627 3923 6842 1292 9008
429 7521 860 4913 4036 6280 7652 3758 8036 6584 8809 9176 2255 110 7702 7436 9534 5074 7268 6522 7234 1091 937 9533 6613
430 6549 33 8156 8140 79 8202 8513 8558 6879 7017 6294 6803 8763 4176 6458 321
431 2846 3865 5162 953 1412 2308 7732 7836 67 8846 9502 8667 9228 6030 1668
432 6537 7138 4586 6260 9803 8738 3975 7632 6940 3214 8175 1743 9290 2350 8655 4034 2013 4340 3371
433 6338 2161 5103 5643 4039 6101 8853 4553 4762 9310 458 4650 1013 2962 5099 9903 6327 2288
434 6729 8049 267 3703 4420 3307 8180 9709 8501 3958 6447 456 7053 652 9653 5705 4668 7085 563 6580 2707 1496 7254 374
435 5340 569 8359 4615 849 4020 725 1361 8463 2274 4960 4906 6722 1025 1937 4178
436 3119 3706 6250 1130 9091 1794 3638 2701 4561 7668 6203 3900 293 8992 9731 7816 5445 3752 8212 3103 1534
437 7634 524 190 2538 5026 690 6015 1369 1426 9044 9097 2368 21 2969 5130 6060 2932 3937 3354 1117 3074
438 9968 9955 4463 2458 3376 9842 726 38 4044 3473 5754 1299 9886 5905 2532 9162 5793 2783 7536 6853 4749
439 5104 4730 3863 482 1147 7597 6082 2100 7207 9868 5554 7987 4512 6611 4536 2490 5807 8711 2555 8134 3982 5880
440 1774 2409 8060 2895 3088 1942 3154 4511 8712 2887 9244 7459 7862 5890 6011 6160 1690 2043 5985 399 6920 691 1479 2327 6324 3758 9007
441 3707 7791 592 8610 3845 1182 6837 5154 8921 5673 4360 5761 2962 6613
442 9206 8978 7669 8461 874 7978 6356 5743 9042 9931 2920 3491 4437 6899 658 1662 5769 9139 3842 1761
443 5815 527 9256 4580 2136 79 9805 8130 7490 8250 2264 8764 9199 2337 2812 6746 6259 8183 6613 6938 1343 1042 838 3936 2555
444 670 9837 3792 2879 2911 8486 646 9822 1786 2906 5212 7024 6173 2870 8914 3083 36 978 6687 2240 979 8406 9244 5715
445 3012 9129 7267 4385 2491 7277 7301 3985 1432 9595 7652 142 1876 2135 4973 5752 2806
446 675 1323 1898 5909 4463 7336 4529 6809 4389 6414 6603 535 9821 2445 9198 6458 6613 7162 4915 2225 9260 2522 7321 1534 3753 1121 8644 2555
447 4528 5668 218 8681 792 4365 987 6103 8077 6636 7650 6249 3680 5900 2428
448 759 7349 79 3683 8480 4785 6458 779 7240 7307 5157 3250 3825 496 4552 3216 3074 3163 838 7949 1668
449 7997 7458 5635 191 5199 4912 1994 5461 1107 8995 112 6656 3495 4299 1855 5132
450 5553 1167 865 6608 5872 2939 9635 6999 5358 5671 7991 1958 3193 7147 9146 1466 7048 3004 6014 2155 7786 8068 896 4199 925
451 9842 427 8711 3379 2264 9993 6196 9046 6216 597 7826 1489 3914 1874 1389 4478 5817 3508 4173 8350 8337 9740 8748 4645 332 2513 6786 9947 1572
452 9485 4066 7350 1310 2624 8029 7169 9442 343 4702 1340 5978 9839 3888 9086 3236 1797 8644 6153 9404
453 3728 2158 4398 6778 3140 3264 1609 3031 7381 2438 2947 8967 8054 5416 8574 4294 6889
454 3869 4300 1264 733 6073 1888 6980 7721 331 8804 1111 8134 2823 1602 1589 925 9013 6534 745
455 6652 1998 4035 8467 5236 8284 5943 6884 7188 4824 7902 7484 8431 6484 6408 6331 5730 6067 1852 6070 5043
456 7438 2962 9539 6740 2138 1421 816 9903 3318 5928 9069 2449 8097 3460 4491 2828
457 7659 6046 3243 1077 10 6327 7819 9388 8469 5212 1012 6394 9399 7883 3253 4176 1134 7949 3837 8406
458 1625 7481 3236 2006 6333 6091 8906 7652 8608 8548 2111 4786 3752 7212 8580 8125 4870 9563 3052 1868 1176 2817 7845
459 321 447 5543 8387 2379 5838 6577 7025 7566 2262 9354 4040 1007 4382 475 2158 4527 7699 8451 5997 5884 6281 8925 5474
460 79 1979 6100 1430 1409 5749 5353 2126 52 7651 7209 1962 9149 2003 1651 1066 7604
461 1512 7039 9005 9728 6547 3999 8880 8367 3376 3292 5415 8093 4706 3694 6049 9573 8611 8520 5219 5507 9270
462 6044 2422 7943 2394 5924 7964 856 2537 5506 8994 8653 641 8715 3050 2240 9433 2962 2569
463 6635 321 8149 982 6378 7966 9529 1459 2599 6487 1646 6731 523 8822 647 7568
464 5748 1161 972 2119 3786 6238 8569 8301 8191 9014 1657 1396 9569 2202
465 5451 5788 4317 4928 1984 1625 1434 7227 3518 7773 7633 715 150 4307 7630 3098 1969 111 4526 2730 2773 4504 2979 8055 9075
466 9404 3020 8722 2448 1038 9641 412 381 4643 5649 2222 5200 2313 707 6184 3007
467 8911 770 601 8883 4397 3255 9933 9023 9555 9986 9254 8338 7562 3722 7382 7901 7083 2565 2121
468 7290 3234 5254 3781 6257 6673 349 7092 1301 6332 5444 7767 633 1237 884 1524 6611 7022 8406 3499 5677
469 9007 9533 8116 3074 8235 2129 7614 3280 9643 7204 6256 323 6449 1137 1774 8632 6941 7373 1036 4055 8256
470 3012 2555 7153 7713 1655 8041 8924 7976 6983 2418 4557 2137 9301 1337 8061 9507 4771 9815 4252
471 5033 6899 5185 126 9753 3211 5842 9224 374 4652 5888 8258 7305 7700 6734 1495 7795 5194 8125
472 6938 9990 6692 8994 2643 2048 2575 9950 6050 6871 328 2331 1555 3507 6030 9438 6082 388 8387 2711 5826 6833 550
473 3012 2986 9903 2413 3830 753 1113 7469 6448 4340 7993 152 5350 5770 5356 8114 6134 3330 6473 3596 4433 1569 6053 937 9107 395
474 6650 8352 6024 4326 9885 2692 2292 1997 1521 2466 4765 5752 661 5885 5556 5762 3274 1181 2273 1802
475 9139 456 5307 9731 7285 1287 4854 149 195 9867 163 9618 8117 512 2890 4369 321 915 9233 7511 638
476 8512 1391 648 4798 5459 5655 4464 7677 4644 2117 9592 1020 1342 7709 4386 8023 1995 1752 3758
477 6063 1328 4348 6545 232 7202 9931 6482 8949 8270 9712 5897 8928 123 2545 6236 4493 2661 3111 3621 5127 7118 4999 3371 979 9224 3077 745 4199
478 2382 5333 6214 8723 4222 8308 7143 6990 6825 5282 8994 3273 1516 4501 8625 6114 5715
479 3190 8855 6163 956 1132 2248 4855 4240 9344 2614 9533 64 5723 2778 8907 6482 427 405 5762 2555
480 1242 9623 352 3012 8767 1480 9308 2541 4531 6672 3260 532 7266 5400 5189 5307 1124 2376 3056 784 5045 8005
481 732 5921 133 6019 246 1831 805 3682 427 8843 2406 7361 6521 4549 3125 3509 7477 5716 8578 3552 8445 5659 4537 2685 7133 4728 7068 5397
482 2322 829 4526 7285 4166 8314 8121 5891 7642 6339 7863 5625 7985 1668
483 3251 9887 5418 2512 944 8793 2847 9030 3141 6648 5936 2 4860 3438 2208 6240 79 412
484 5710 7216 8814 9697 639 2873 3147 1019 3149 8719 7117 8734 789 2005 1180 9349 5573 6600 9669 4893 2555 4314
485 1736 5768 2156 2144 6633 6685 6728 7353 3901 4566 1293 9971 4882 7482 4801 4703 1540 3074 2589 2288 7699 7949 5962 745 979 5869
486 687 6698 7952 7259 813 9711 1807 7386 1314 2936 5207 8141 1244 5070 1784 3376 7883 712 9467 9265 8994 5662 5219
487 7240 730 6630 262 9907 4001 2162 7480 7478 1037 4024 2235 132 1522 8406 4774 6054 4925 9842 2136 4343 9425
488 1429 5880 6847 3507 8423 2282 7061 7295 8999 6839 6229 2611 5031 514 3967 6059 9087 3352 1685 4531
489 2986 9490 7091 9035 2596 2802 526 6468 4148 8176 5406 1241 731 934 1935 5462
490 5253 3081 3121 1377 2798 6908 6780 3144 4969 7608 1456 5319 4454 4402 188 6187 2643
491 5288 1354 285 44 6635 9624 1120 2001 1198 6329 3388 3382 8957 2188 8043 7669
492 744 175 8528 1639 8823 7638 5272 8002 5830 5376 7210 8841 5141 7791 3830
493 4752 2608 3285 1984 6476 2747 7777 4442 7948 1236 1817 1982 1657 3783 7840 3955 6665 8210 427 6613 321
494 4606 7987 3395 1306 3005 6226 8304 7391 374 9611 4198 6101 9660 3042 4012 9468 114 1945 7438 5064 139 3601 3885 8293
495 46 5993 676 8743 7206 2811 7791 3795 2909 6045 511 701 893 1561 8207 256 3740 9079 8130 2554 1750 7193
496 8293 3144 9933 7762 3936 1500 8345 5895 2093 4209 9794 8696 4989 5617 7321 4078 9430 8336 1139 5343 1464 1366 6095 9930 5860 8581 3970 1504
497 7057 8787 183 329 4886 9315 3987 1457 2660 4027 4733 4853 4716 5956 1125 4220 8879 9547 1401 6250 7709 2518 8812 3982 8644
498 8690 3013 1624 1209 5109 4843 3336 7852 6711 6764 2840 3713 4663 8915 6258 183 7438 2288
499 2321 867 8753 8245 2857 7852 5654 6738 2017 671 1402 8622 7504 1129 935 104 8685 319 2602 7258 7694 2345 4705 6258
