500
0 1791 9021 3261 1470 7561 7474 5005 6472 9807 3469 2645 1207 8413 8366 2892 2404 4020 5099 6827
1 8987 205 1375 2349 1924 548 8699 6205 4010 2554 5790 2207 2816 9881 241 7583
2 6978 9453 1216 1022 7242 8590 3608 457 6644 4332 2643 5244 4092 5085 3963
3 8251 4541 2784 1098 5300 6956 5622 5827 1665 9464 2258 4076 5010 8893 925 8134
4 6613 2555 2114 8832 8618 139 3828 4646 4319 9577 7698 1668 8768 1973 5962 9993 7481 6389 199 3802 9878 3950 5232
5 9169 6676 8217 2396 5258 2760 4439 7467 7834 6915 4356 6617 7361 3087 4589 7753 1444 9093 8107 2508 2666
6 5948 5979 2028 4958 7413 5621 2640 6412 9698 1087 705 4412 6826 3660 9854 412 2704 3936 4020
7 8726 9205 4223 6653 6598 4029 8284 4744 2152 7530 6325 9564 8979 6405 6827
8 9244 780 4909 8487 7845 3144 9739 3678 3925 1943 5748 321 5259 1084 8279 1205 9096 1183 8696 9733 654 5783 1472 1615 1452 3188 7997 2240 5228 7842
9 1822 7669 3723 6062 8683 622 7463 4226 6369 837 3176 3391 5977 196 4869 9733 533 753
10 9842 4079 2510 9342 4074 3859 2868 7672 4851 5131 1303 4569 2175 697 6762 6986 5981
11 1157 8580 6292 9745 5072 1728 889 1477 5652 9023 4875 9464 128 1617 1042 8637 2471 9699
12 3073 2577 6831 389 828 2288 4626 4435 4500 5610 7916 436 4014 3377 3326 8512 4399 2555 2962
13 4199 2264 8947 447 7516 2041 4448 6433 4662 352 5677 311 4855 490 7837 253 8105 5188 210 8089
14 5458 252 2342 5171 1535 88 700 4352 304 7228 71 9303 493 8364 8277 9914 7012 780 8235 9930
15 4907 2182 2652 5451 5946 4151 8874 8028 7829 7772 945 6651 2320 7572 7344 602 9393 9019 6766 3761 1668
16 3673 7888 4071 1556 9014 4336 7014 3339 4776 7873 3310 7825 5629 9244
17 1123 950 7431 5907 9194 8068 3038 2243 1467 2430 1280 1591 2904 3836 6744 5880
18 2480 6502 9703 3268 5064 6931 4596 7000 7120 5458 4213 7815 5479 9202 9976 7299 5237 9465 1989 9184 6082 5400 2121
19 2598 8221 4060 8858 6696 3835 1212 1133 5269 6258 2782 976 3884 4326 6461 9036 2663 5739 5155 9601 3371 1956 6334 6196 2962
20 1031 1668 836 1942 3377 7575 4126 8639 4155 6694 4547 4538 4597 8007 9520 4070 4639 6486 1986 4286 7762
21 6400 1796 8455 1101 325 3222 5126 4954 4816 215 7372 2324 297 5509 7732 7426 9859 9759 583 1105 5341
22 7165 3173 5679 220 7605 1168 8860 1766 4904 8521 2501 2121
23 9689 5409 8754 6534 4306 2595 9125 3418 3790 2451 8193 935 2574 5750 2563 5025 8431
24 4664 2123 4176 1528 8989 4945 1259 2071 1867 454 8428 9835 2937 9532 3467 5310 2984 311 3830
25 7 795 4377 6852 3719 3105 4666 3913 4687 1408 5721 624 2037 8959 1282 8863
26 6785 732 8636 2155 9004 689 5303 3457 3872 4990 2245 4841 1420 5261 3602 925 5784 8832
27 9496 9982 4027 5069 3174 8268 2597 7055 5834 8473 6191 9135 4556 1479 3984 3122 5572 2297 3943 617 3783 4020
28 4784 8931 834 9435 1917 4844 4486 5747 455 699 8524 8344 5278 6049 6148 8531 5341 1806 5632 6281 1694 439 685 8205 9443 3827 7120 8125 4199 321
29 1601 2842 6438 6702 3355 6787 8502 2234 79 5275 9 8297 4136 7134 7413 7699 1173 5064 8812 6613
30 5962 2 4501 6584 8167 3830 4149 9744 8048 9768 139 2373 2930 569 6855 1307 1661 8538 9505 2060 9742 3612
31 774 6421 5887 307 6101 7710 3110 7563 4230 4674 115 4551 1230 7890 8897 9004 591 4107 2555 8125 3982
32 7335 8040 6374 7664 5166 3498 8307 4626 6532 6330 9838 2946 8523 5108 3705 9832 5903 2001 1871 8197 936 84 8174 8188
33 7652 3023 2480 2121 3393 6029 6187 94 7358 2934 2059 3032 7281 7601 7883 3008 7885 5492 4651 2014 1737 4086 200
34 5413 151 2392 9836 2077 9241 6485 4513 5417 2680 8792 3360 3986 3323 5939 1799 3073 935 7699
35 5866 221 2741 6993 8970 8139 8137 8511 2835 2166 1747 2277 9615 6561 1710 8043 569 3602 3982
36 9144 9187 9409 5912 5505 7802 2322 2060 5491 3585 8689 9413 5822 4874 7933 9955 8644
37 9640 7744 6687 5408 5982 7155 981 8784 447 1533 8071 7716 3687 9367 5022 6494 9664 755 7392 3586 6226 8671 269
38 872 678 9235 7626 5338 8680 8065 2264 1468 1090 6775 1275 3427 838 4454 9968
39 6534 3551 6258 4717 2205 41 3525 7033 2199 9707 1117 7980 4726 2016 1953 6060 6198 1345 6699 1642 476
40 8812 4517 2617 5862 6281 9459 2809 9306 1966 268 8573 9538 3167 966 7681 5658 5922 873 5322 989
41 2958 574 9522 5523 1491 557 5060 2570 5548 1397 5113 3286 4211 3686 7220 9227 7332 7722 2643
42 4531 3547 6281 8593 2653 6193 7426 1534 2411 8905 3515 2697 6154 5009 3348 8954 988 3488 5524 8896 9301 7949
43 5962 7949 1638 1797 1979 6585 7805 1648 7311 3891 4363 5594 7864 8179 9719 7920 9846
44 9780 6964 7581 4985 9212 7870 9129 8269 8382 2941 566 8335 3516 8134 4199
45 7438 110 8050 2472 1014 2628 1440 4931 7422 8634 4583 3588 3047 2 7060 9829
46 5656 8990 8605 9152 3807 1289 3526 8866 9266 3854 4200 7471 4401 9659
47 5340 9754 4052 20 2564 7962 7828 6582 861 3349 8031 3679 6495 6285 148 6482
48 8325 2128 6528 7938 3814 2871 5384 2662 3233 9063 5180 8529 8095 6327 3857 4482 5435 6147 7124 7230 8994
49 1238 4214 1702 6270 3843 7434 6587 9605 8600 1789 2662 523 5195 1577 2240 2511 4297 3774 8542 9600 6073 6920 6327
50 2613 6639 502 9528 4399 6497 1162 6901 3574 1691 4488 4050 7606 9822 7213 352 259 7732 6082
51 6938 7023 9027 9615 8941 6573 5920 5748 408 7833 5557 6992 5151 626 4071 2768 7253 4966 9407 1439 6071 6301 7485 9191
52 6100 7755 1740 6925 82 7742 2962 6248 2731 6456 5106 4761 3751 5778 3350 919 9244 8910
53 8414 4834 2121 8343 8549 1666 8168 2274 3356 3416 7517 9770 7577 9028 6363 2755 5595 443 1429 8880 5014 3877 9404 6938
54 935 8043 6101 8354 9915 1954 2898 2530 7031 6492 8579 1981 2206 3461 9535 5440 4624 9623
55 1110 4804 9120 2070 4923 7855 2929 1919 2414 2239 8144 7488 1634 7330 4073 9016 6797 7751 7147
56 7519 4199 9533 3342 5902 4096 2429 9265 8214 9336 9921 7880 1262 3566 7874 5564 863 5615 656 6030 9443 7665 6662 8090 6447 8702 5917
57 259 8149 3894 6013 448 4696 8199 5601 1390 2361 1557 7333 5969 9716
58 2986 935 4958 6980 5654 1731 1565 9450 4140 9869 6537 3565 3732 2677 2544 8756 9619 3916 9684 469 1770 8428 6137
59 22 443 4035 600 7989 6812 6897 9840 4950 9007 9738 8752 2121 8368 3830 6902 941 4723 1774 9848 9545 625 8908
60 9892 3386 6197 7929 7508 1016 7903 3281 7479 2457 8173 453 6109 3113 2986
61 3894 6692 9760 1047 939 5008 4419 364 2900 6986 6241 1122 2019 4972 6547 5301
62 6727 5224 3232 1682 1900 6381 838 451 8102 8346 1225 7835 3423 9900 7906 9533
63 8994 7219 2106 79 9148 7619 5988 3138 8953 4624 1979 1785 5804 7736 5497 6541 250 5390 1175
64 560 2712 5110 7210 7442 3115 2626 3759 4176 9587 1283 1172 3076 2340
65 7120 3783 3335 1584 7783 2659 6360 8813 8125 4219 5078 5135 8582 2422 1574 6539 1546 842 6144 7782
66 6074 413 2147 1414 4156 7447 1075 5735 497 696 8527 6469 8208 7269 132 205 5677
67 3651 3549 6168 5428 4849 5561 3548 8266 6014 9960 7738 2327
68 2764 3961 7115 7075 4080 2551 1892 6032 2340 5251 7718 8305 1250 1058 1698 8733 1833 6672 5748
69 3074 3783 1812 1343 7710 5493 3992 3002 6801 6131 3210 1400 7709 1781 8894 8729 1430 8684 1918 4951 2910
70 3505 6625 8522 1586 1119 2534 23 7433 8349 116 338 8621 1437 2702 5848 9968 7153
71 921 2897 1227 286 793 2863 4362 9330 8209 7131 7806 9917 6747 8508 2298 6752 9338 2432 136 326 8183 6967 5393 3166 1730 5412 1668 3521
72 9842 5762 8431 9299 7949 8603 4089 7194 5544 7713 9622 4459 3161 4281 6491 3540 7135 6102 5698
73 1731 6101 5053 6595 9732 4837 7500 2681 2788 6367 3263 168 3146 6370 3102 7699 336 4995 3969 5503 7771 4079 75 1081 2184 8053
74 478 6499 164 4888 8243 1776 410 5911 5923 5631 8701 3573 7800 351 6044 2085 7517 6153 9842
75 8309 9498 5777 9961 2476 4271 6817 6213 4704 3428 6192 7585 7593 6232 1787 557 9613 1524 935 7652
76 3074 6153 1083 7292 6003 2796 76 3721 9736 7679 9954 1788 7018 6718 3120 5715 8498 7221 3882 8920 9470 3841 1515
77 4890 4168 3758 284 8589 8151 8193 7432 8238 4399 5449 8671 3213 2815 6642 9959 630 7682 6962 8498 3836 8601 4909
78 8776 3049 8986 247 7004 1678 8125 9557 6316 8778 251 6951 2557 8248 3207 5003 9139 2986
79 1140 2057 3731 585 1476 3869 9317 7205 5302 6346 2417 9075 4403 2252 7849 1908 5347 7713 753 4801 9551 5445 79 9007
80 1319 9722 4831 4654 214 8209 1125 4315 1435 6710 7166 1117 1299 8169 9889 3285 4027 3885 4314 8491 4801 3012
81 133 3048 9055 1860 7304 804 9667 3747 5441 3163 6640 7329 5456 8841 9239 7615 655 5421 2157 5193 1465 2240 2052 3144
82 6963 3946 9798 5124 9669 4514 4721 9872 1626 826 7453 7527 5446 7786 5412
83 1780 9548 1358 6615 7078 8167 8022 72 6952 9299 4320 2231 7771 2390 5266 4533 8740 7097 5083 6765 8445 7790 7474
84 2615 9040 4842 1044 283 9636 9188 3689 9025 3022 9301 6280 4852 356 7 5532 7459 9962 1710 249 5966 4045
85 2485 4350 1106 2032 1757 1040 4884 7590 5004 7443 6210 2470 8132 5029 824 8082 9545 6327
86 2892 9704 5117 6734 4134 6889 2568 3958 6797 7574 6110 6237 3282 3009 9944 7418 1914 967 4624 1429 7200 1871 7883
87 8343 2307 5825 5580 8493 2496 1218 4100 5871 9741 2295 8736 1003 496 773 6052 3850 3316 7968
88 5780 5862 8145 9953 8495 9036 3662 6730 5412 996 6850 4229 3059 1597 8692 9506 2986 4765
89 9293 2263 7919 2139 8306 7193 8373 9820 2468 7707 1428 2408 5680 8831 9422 2092 7545 2340
90 9834 9483 5006 1554 8904 7752 4893 5555 4847 1208 2266 4244 4175 605 1790 1353 148 8000 1308 9852 8895 2643 9289 1391 6920
91 2600 8836 3092 3545 1585 6403 3053 8586 5547 1356 8604 8345 9761 4147 6221 8110 8976 2460 4094 7762 5821
92 4180 782 4971 4699 6551 4629 5401 8516 6035 3553 9129 3529 1738 8496 1199 357 5371 8912 6296 9265 6021 321 1534 3877 2240
93 6187 3278 787 517 3717 6393 3325 9979 9421 8495 4182 1002 8126 9797 7864 4507 7699
94 9545 3074 2013 1546 7949 8801 1530 407 5537 9687 8401 4056 1379 2052 9086 135 7090 2112
95 4264 7233 7203 5287 788 5451 5856 9850 927 3781 2648 3584 6135 8547 8417 8794 6054 5775 1668
96 7179 7240 6044 4943 9573 8540 7206 8749 8817 2916 2997 8620 7357 7971
97 7949 9193 9826 3741 1529 1052 2860 712 7183 6674 7108 1267 4224 477 6613 4429 8267
98 3012 2754 607 9108 8828 3716 3192 7164 567 7429 2240 257 9692 6631 876
99 7296 3074 5446 1500 9038 7114 4423 5685 1080 6185 4648 4330 299 5483 9040 3727 188 5639
100 8722 1498 2212 5194 4501 1192 4280 34 9252 5708 1739 7241 4364 4160 3144 9500 6125 3445 3744 6020
101 7439 7162 7276 5800 2604 6083 4985 9681 6849 7550 1492 3276 9573 9567 4025 724 8742 4346 7012 399 2974 8663 8439 3074
102 2647 9271 8074 225 4679 3755 6630 2003 8329 4871 7312 9857 8443 486 843 6286 850 5660
103 3567 9598 9787 7556 564 3241 3932 969 6347 4710 6157 4986 5432 3341 2605 7234 7012 6982 5326 8005 9720 2150 4020
104 1149 625 776 5933 3909 9357 8939 9943 5240 174 5894 2413 3522 2998 2293 4808 9530 7996 9007 1289 9404 6584 7709 7101 5762
105 7586 7320 2662 7670 4957 7975 9312 3290 5334 122 8465 8452 786 1829 2635 309 2118 9225 6030 3376 1763 6613
106 3303 7079 5715 1117 1357 205 2582 9514 543 4519 8697 261 1668 5412 2555 321
107 9137 9632 1831 5138 1774 3254 9606 2961 8391 9183 9777 6471 3838 4290 4246 5548 1299 9731
108 8134 9639 9665 9644 5173 6380 7531 7759 540 529 6126 1971
109 8169 7413 4567 3586 7187 2864 9444 7925 8293 958 6805 1461 6122 5396 7858 4793 9199 716 3718 5715 9031
110 5141 3504 1581 8598 1112 6881 6115 8396 7967 7284 9411 8351 3490 7429 6200 9284 462 7032 1145 9669 1121 4340 1752 4326 935
111 3894 2422 3146 8284 621 3437 8761 4679 4991 2644 2179 113 4474 7732 8019 9449 8300 9593 738 3101
112 3023 7575 1728 5608 4750 1503 4304 8387 7621 6373 2121 9610 2018 2146 6949 2278 2634 4823 2176 8932
113 6251 1071 1839 278 4102 882 6459 3753 205 3145 7921 4865 4396 2061 5049 3950 1668 6962
114 4311 9723 5063 1633 6323 8700 7874 2 9616 5399 7310 504 2803 6586 1539 9683 3130 3887 979 412
115 9244 5748 1401 5966 9111 2290 54 2218 1429 1631 3813 8765 7889 8870 8652 9124 9515 8441 1204 538 8146
116 1134 3530 5492 6034 9746 5156 5788 396 5152 9161 7715 3501 1774 7797 8883 3583 1984 6672 2666 6021
117 6613 935 6778 1573 2724 3143 6327 5918 2858 2734 5115 3103 5014 6789 4558 6516 3024 7001 2651 4341
118 6261 8027 7896 6643 2318 4939 7154 4317 9160 4840 2586 1904 3058 8295 100 3835 904 9432 2 5636 9086 7266 2240 8643
119 2739 176 2876 2537 4873 5466 505 9034 4274 5233 1298 604 1595 2922 1429 3936
120 9065 2982 3184 3538 134 1293 9494 3376 2226 2643 8158 7758 2443 7742 8725 6165 6920 8716 9244 2986
121 7949 7153 2666 4167 7883 6821 8750 2571 9199 7860 7575 178 4285 8203 6566 4277 4720 1265 9192 5247
122 5245 9178 668 468 7912 4633 5318 6560 2932 9912 3451 7501 7558 8159 434 8887 1625 9877 2494 3521 9199
123 7706 1593 8891 3320 6578 1478 9988 7053 9431 6313 2279 2818 5929 24 6258 3158 80 7288 4490 552 9354 2340 6613
124 7072 2019 7922 1933 1722 6896 5917 352 8951 7157 3981 2723 811 7122 6621 5419 4957 9615 6467
125 5662 5052 7314 8848 9786 8154 6900 8674 2889 1362 1152 7927 6875 4314 4107 3877
126 4780 5500 7684 3364 3240 2165 4941 1290 5442 501 366 9874 1454 4649 8289 2657 3017 2643 7341 2699 2052 9139
127 6376 9073 1668 6978 9451 5746 4035 4020 8134 1724 4883 2099 8241 4170 4082 6613 6624 3993 2517
128 2288 955 7883 6882 657 7557 3137 8491 8977 3157 4813 118 6743 6954 3631 4948 1223 960 6262 1850 2607
129 2288 1534 9404 3830 9891 5073 4734 3243 8091 6181 9694 1988 2 6938 965 4385 385 8233
130 2 9533 1289 2128 6463 8644 3578 6936 9327 270 4901 8410 8985 4481 713 353 487 9174 5330 5656 5316 1295 9089 5198
131 9989 4450 8423 4977 5519 6155 6282 2926 4573 9679 1693 8617 8718 139 5984
132 9380 7579 4188 5593 4087 8724 4375 1144 360 3972 8827 1911 8839 4484 4352 3982 7055
133 6258 2327 9230 9848 745 3194 2999 6212 1105 4835 5176 2227 4672 1896 3365 325 7425 9323 2150 9576 7219 8062 545
134 2088 6427 6454 7513 3547 7639 8365 3481 6134 7609 7751 6514 3622 3528 9693 4985 2521 8069 177 5149
135 3653 7820 9861 7769 5477 1317 3568 2034 8832 78 25 6375 5664 7624 9584 2569 308 3958 726 76 352 2155 1763 2
136 1721 4777 7930 8515 781 2196 9345 7283 201 6235 8933 2155 8406
137 4880 1105 9911 5367 6613 2761 423 8587 8253 9049 4008 7150 5307
138 5386 647 7153 8710 8056 4107 8181 7444 9114 2103 2687 5559 2142 4770 7649 5372 7699 2986
139 4470 5748 6937 929 7628 8890 4199 4121 4388 7917 1968 1731 9037 2615
140 3664 1164 3590 1907 1469 7792 9282 818 2848 2459 3628 5219 6778 3982
141 5340 3894 4129 8950 5267 7995 5706 6916 5346 7438 843 3047 7762 1186 8012 5637 6048 7069 427 5715
142 6387 2736 4314 7852 1156 4614 5006 6089 4731 7472 1667 7408 9517 6428 4112 6271 7201 4639
143 6790 7936 7179 1465 6303 2431 6724 5293 7180 2773 8476 2098 5144 1028 1279 8722 1353 8406
144 6982 3476 7461 240 8585 7714 5949 4328 2175 4116 4779 7600 8711 450
145 3012 4985 7101 7507 2960 5028 8186 4099 3411 9007 4647 6139 9615 8044 7708 5687 5323 3044 2393 6961 5607 6909 6750
146 6355 5846 3831 8172 3936 3084 6170 8408 9110 1562 1431 2213 1490 9673 7454
147 3830 9933 7483 891 7743 4521 2611 7694 9207 6113 2896 5112 9791 8554 7351 3630 7146 820 1963 5605
148 1085 9652 2183 3054 1696 4707 1950 2215 4053 7325 3728 6518 5002 5612 778 6515 9844 60
149 9580 3877 800 9156 229 8646 3060 7547 9710 2670 8766 4803 8358 7631 4407 7599 8462 6592 1984
150 79 5412 9852 3982 6101 6790 6744 7762 6778 3045 7741 4767 8228 2169 887 3061 822 8025 8263 3580 6523 9990
151 3672 6321 5558 6919 3261 9102 5437 2007 2908 2805 6807 6276 7587 2188 9848 9199 6938
152 7379 1912 8775 6153 4043 1335 7153 4347 5660 2785 5744 2289 7487 4993 8845 9139 4921 6141 2705 1454 8043 3936
153 7699 5507 1121 5340 9453 2979 3907 1640 2421 6470 7854 983 2365 8298 9305 6331 8386 9164 9831 8862 8425 9374 367
154 9160 3163 3158 7653 9397 4941 3799 9795 5528 4312 5858 1663 8433 6291 2965 5086 5840 2414 9316
155 6390 7610 7960 7517 9160 2426 6305 1142 2855 4093 8980 6283 281 3776 7765 2933 411 5023 5908 7734 7533 4619 925 6635
156 6895 9351 3629 4660 3885 5280 5068 7979 4341 8484 5507 9424 3482 8597 9418 3041 4144 839 2074
157 135 5467 7044 4787 6360 926 316 7429 1188 2869 9112 3733 5204 7795 4352 3393
158 3379 8671 4423 3240 7001 1138 7235 2036 4237 1396 4562 120 854 7992 4908 3021 1358 7688 1049 7400 3783 5880 7961 5989 3012 7759
159 5038 993 871 5674 5335 145 5784 7673 7044 3036 420 1756 3739 6460 7428 5263 1600 2838 2182 6161 979
160 3251 238 6910 9562 8805 6351 4812 6379 4855 8780 2550 3023 9013 1531 3494 365 729 1471 4241 8552
161 3576 5713 7367 2962 2190 1195 1056 2341 7652 69 1039 914 6547 6715 2100 7225 1927 9510 4357 2715 7511 9160 2986
162 4378 718 1169 472 8821 3600 9011 8194 6152 238 649 7762 3982
163 2240 8043 321 7787 6020 6688 7413 6888 9408 6506 8057 1263 3509 3259 8134 7173 3634 7127 8803 8998 2943 3935 2128 2630 9398
164 9132 7861 7932 917 5389 7365 7163 7410 9476 1871 3326 1987 5465 7606 9075 8887 9048 6680 4505 1383 5688 888 2187 7249 3108 6949 6675 4855
165 3432 2682 3998 4345 1394 5326 1683 4206 3920 766 8717 491 673 9270 8713 3491
166 3383 5867 8716 5732 3926 5134 4948 3338 6088 3966 2716 5999 6756 1544 5054
167 1774 6584 7519 5304 8022 6671 5775 348 480 4588 949 777 1708 6 2286 7213 3880 684 3772 6377 9463 6359
168 3905 1731 9765 2028 4664 6609 1548 2437 6905 4914 3089 973 1873 6401 1608 6140 6087 7541 6567 9461 2792 6254 9671 7087
169 2676 7807 1981 9015 4799 5044 1363 2446 5186 2049 3368 291 8227 7730 6742 1091 2475 2679 7856 9444 8406
170 3543 5097 7088 7733 2249 1453 3625 6337 8272 260 2204 9549 8850 650 6360 5251 2752 3089 3486 7193 447 8116 397
171 5609 4622 3374 4797 58 6861 2326 1341 6622 6092 3015 9501 9789 1064 1353 1904 7237 5814 4791 1605
172 6196 5964 2299 6002 2004 5762 717 5954 8561 2800 932 5960 723 8406 3012 2209 4660 2685 6827
173 4168 7029 9842 2766 8668 369 1160 4712 2288 4266 5647 8773 7071 3914 935 9858 7919 79 5704 6627 354 5552 901 9843 2696 4698 4354
174 183 9621 2698 1534 4311 1619 1972 9483 6134 3606 5077 1576 9706 3632 5047 5320 7652 3079 3584
175 6409 7737 952 9970 6843 8416 8103 7156 6176 2595 2515 3458 4604 3677 3536 3521 3468 4909 321
176 2898 5961 1800 3429 3990 4532 9862 4901 193 4236 2531 5582 809 5242 2193 2945 3936 1343 2555
177 4232 4359 4610 8829 835 4379 8526 2327 7294 3655 867 8155 1196 8130 510 3584 9249 3012 2986
178 4199 8994 6847 7915 9113 2420 5538 5412 8834 6145 2699 3113 1960 1246 2329 4975 1606 8133 1869 2693
179 4353 8557 8731 6426 2453 6706 3116 9543 7197 5831 7456
180 5520 6188 7968 6416 4337 8794 8442 7859 6795 5321 9392 5331 4228 1782 3071 8490 9659 3075 6737 3079 8343 5386
181 2444 9649 673 2008 9348 6834 5772 6735 8676 3904 1760 7886 5779 3502 6481 3795
182 6613 5962 5412 1145 5715 3926 7182 5048 7806 2527 6460 7688 2377 2529 9825 203 6358 1213 4487 7675 5260 5921 1289 6687 4033 1741 719
183 1343 1134 1150 7833 5915 2087 7352 3329 9484 7630 5153 3309 9991 5053 7739 8824 3432 5494 3812 2732 3820 1571 1043
184 5962 3894 8741 9812 2332 2467 5345 4284 2096 9669 8021 8947 5738 7045 499 5445 7902 6953 1276
185 745 6646 9196 8489 1000 8468 1810 9650 1596 1393 431 2519 355 1641
186 9848 1607 1658 2857 857 4974 6867 2343 3012 7355 1587 5119 4559 5796 4708 8324 3279 4818 8043
187 5885 866 6616 6798 6555 794 2505 427 3910 8230 507 2404 4242 9661 7689 435 2630 5097 3026 9025 3757 2892
188 5030 7040 9138 8714 66 2116 7110 2875 7027 9270 7486 1550 1127 7680 7678 8812 427 6386 6095 7023 9714 6332 9444 1900
189 1583 6326 7683 9669 1367 8313 4253 7775 6334 7652 4795 6151 1371 4781 6299 6162 5175 3074
190 9800 3942 4866 6623 221 1332 3269 7489 6274 5164 734 5215 2621 2246 8200 5309 7839 4728 2437 5848
191 105 2223 7136 3666 5651 663 7864 2503 7076 8799 6713 5650 2727
192 7476 9313 1750 6417 1986 3497 3220 1463 8078 771 9186 8147 5843 1102 3541 1875 7413 9497 5064 6613 7153 6101
193 2288 2387 3207 4953 7449 154 7801 7385 9379 321 5481 1383 6538 3766 3072 7788 7454
194 8008 9219 5666 1814 7727 5854 9902 694 7944 1488 2741 7652 4647 3877
195 2962 3936 3261 8498 8711 8487 1104 5864 106 8402 6014 2804 3077 9656 8966 4858 4963 4385 3981 1495 5771 8307 9311 6509 6453 6554
196 3316 321 753 1752 8579 8344 1700 2704 9155 3370 3676 4195 9896 2612 417 3853 3314 6014 6201
197 3894 2902 508 736 3995 6227 6912 4259 4690 1482 7474 2010 5964 7622 259
198 4828 8930 3226 3493 1932 3146 7409 8254 3897 7153 3109 1067 8644 2186 5581 7407 3756 6224 732 7627 5689 8912 4909 6978
199 7526 6369 8533 6186 1154 9657 5962 9558 9416 4293 8332 2970 5101 2237 5517 1146 4189 4093 7545 2666 3830
200 3135 6875 2745 3240 7055 7177 8556 362 2353 1383 5383 5142 5080 6058 6115 3061 483 9977 7666 6545 8212 7709 6236 9988 79 5412 7762
201 79 7438 199 3427 5458 2577 3379 4362 9083 952 2495 2987 8389 4489 2141 7686 9580 2539 5772 1125 8973 7570 3745 8342 7602
202 838 2423 1060 519 5125 3609 5313 267 9701 3775 4356 5848 3735 1193 4594 2346 6584 4679 2183
203 7419 1150 2894 3964 2424 4878 9279 819 7933 2562 8871 4686 1656 9771 7434 5041 4278 2768 2957 2005 6067 2121
204 7949 9637 1843 7676 2735 8220 7596 6933 7841 1623 2062 3114 177 4468 6051 2865 9918 6869 3403 1705
205 8507 9493 4431 272 6170 4693 7030 3479 8431 5307 6641 8751 1035 8613 466 2623 315 6258 9244
206 6677 3452 8494 1109 2533 19 1893 7217 5099 4534 450 7560 2858 4210 7698 5391 4037 3080 4520
207 2740 4709 2668 9236 7364 2986 8121 985 4289 4564 4154 8672 4177 5340 6233 1808 6558 7880 7153 9560 3316 3074
208 4418 3305 5566 4065 4034 8453 2707 4544 6302 4060 2827 1590 269 9104 3334 3635 3543 9062 7105 6044 7759 745 3074
209 5218 1835 4496 5328 8942 4979 6987 627 8654 6938
210 6020 9270 3410 4745 8005 2375 9412 1368 4891 8481 3035 4084 900 8982 1611 9668 5304 7618 9633 300 4313 3944 3842
211 3885 8881 374 2781 4680 9041 8069 7564 2125 8812 8686 9247 2026 8315 8785 3363 8332 8819 3435 6404 7133
212 1153 9248 7904 6295 6479 394 6860 5861 3762 296 3777 8705 1178 3862 8470 7671 7012 8287 8780 9615
213 2603 7007 9238 5719 2305 1784 2858 5848 3050 2414 9405 4567 5217 2104 5360 6202 5066 8647 8650 9848 5412
214 3581 613 244 9721 8571 4162 4983 8134 4035 4737 6659 1407 2228 26 4949 3513 9265 4020 9842
215 7252 2651 3784 2713 5953 5179 2167 1191 4151 3703 9466 9677 1045 4814 7907
216 5445 7038 1877 7486 4110 3506 1985 9168 9318 2722 9098 2770 7104 6344 935 352 8728
217 9586 4414 883 3729 1775 9029 625 7762 9559 3847 8474 7370 5882 4760 797 1484 79 7055 1763 7266 8387
218 6913 3362 8185 5773 5061 8069 4967 8733 1542 79 8673 3129 9050 1197 3077 2274 6289 9491 2935 6531 8788 2643 8982 3936
219 9283 4636 4007 5239 157 3172 4192 2055 2668 138 1564 3652 5873 598 7320 1190 8781 2080 7756 7053 8711 3012 935
220 9107 9395 9374 6451 3681 8223 6298 8856 2938 4548 4129 5813 6365 6042 8670 1864 4402 7946 7342 6621 5775 3641 9462 8539 745 1216 3543
221 7481 979 6269 7940 2109 8631 2610 3626 1288 3779 4199 698 5454 3165 4916 3128 6415
222 4376 6395 245 5841 7368 9119 7909 2072 8601 8609 2175 9172
223 6391 4494 8807 1097 8798 6418 979 7406 2214 4792 6211 1761 9969 9353 6733 3543 8406 9975
224 6767 5095 6544 1059 1931 4857 6077 7617 9511 7813 9783 4326 5020 5764 79 1116 1999 7950 6613 7733 3877
225 1405 2175 140 6693 5560 4368 4740 8566 7883 450 3065 986 4339 9213 8332 7790 2555
226 8284 7949 7050 1668 8104 1401 2033 8327 5219 3554 542 850 4326 6124 1847 9027 4015 211 1763 3557 8838 2275 4238 3905 7142
227 207 3801 1560 1566 8859 5088 3877 2797 4179 1255 9359 4077 3753 3866 9300 6161 1105 9046 6557 9402 2555 9013
228 6141 2990 7786 4349 402 1793 8429 2903 9291 8867 5563 6357 3833 5296 8386 838 7699
229 9646 9666 3262 9364 8685 9377 767 8450 425 1826 1562 2244 8176 7254 1201 6778 9215 1828 2959 9001 5895 4045 8994 5448
230 949 8375 7396 2058 6161 606 6465 6143 7970 7126 5904 3956 642 5206 5507 8098 3023 8975 7884 238 5283 1670 265 2962 7 4222 6547
231 8418 1329 6398 3726 9440 102 1942 5693 8728 5543 5248 238 7575 2699 5677 7270 1406 4623 7505 6796 9088 1396 7652
232 6320 155 5526 3186 5869 9369 9163 8564 6922 3433 9926 5120 6537 5445 2874 2500 5539 9003 8160 7240
233 5880 4901 2288 9224 6938 8844 1246 342 640 4187 581 7817 9518 4746 2576 935 7852 5592 8235 1980 2454 8377 946 1383
234 2650 5604 5700 9758 9138 3700 7219 8052 9215 9264 7316 8419 9384 5437 8104 4421 1442 415 5203 8559 8491 5880 8794 1668 6635
235 2240 4959 8015 8532 9816 3817 2185 3948 6894 1347 3053 7274 1813 8188 791 4314 7534 6827 7120 8716 7438 1625
236 8910 3395 5340 1070 827 7867 49 1754 5683 6510 1234 8491 8663 1327 7099
237 9010 8693 8092 1790 5801 3603 4057 441 2516 5541 8037 2384 1017 6975 3579 6981 5865 4563 3232 5383 1025
238 5429 8227 9071 5348 752 609 4358 7473 7247 3764 404 5190 6564 4381 7850 828 3352
239 5715 1134 4965 980 6832 905 5121 9415 3500 4031 4984 9302 8711 5129
240 7088 239 5525 3827 2744 3006 9115 4416 5192 9997 9094 5308 1560 1256 6799 5042 9448 3767 9512 6492 2422 200 6938
241 5277 2113 9273 3117 1905 796 6604 4612 3715 7204 9933 2047 9845 5986 1287 55 1582 1410 1670 2589 745
242 3982 8078 9290 7289 8003 9304 9847 1343 7808 5522 9627 6223 2808 8964 916 1032 2972
243 703 552 7754 131 9772 1890 2886 2240 65 153 3011 7524 4377 6470 5412 2288
244 9007 5322 4912 79 6732 1767 1328 236 2128 7215 2220 6082 2718 5395 1674 8400 6244 5471 3343
245 5322 7333 489 2753 2970 8528 5895 7451 9964 1944 2171 6565 1063 9237 7366 9788 1346 399 8212 8193
246 1849 6018 9032 1654 1215 9603 6483 1128 4194 1803 2975 7736 3371
247 2240 3543 9533 4077 4717 5099 9340 7697 8046 117 5584 3392 8260 6530 5448 2412 9871 3454 3153 2962 295 9735 1571
248 4020 5412 8352 5239 4161 2359 5845 7699 2790 8898 4028 5983 412 330 9324 1441 5839 9347 4282 6802 9990 3249
249 9181 7899 4333 7509 7696 6354 666 4123 964 5863 4193 3151 8968 7389 1226 5003 1476 9319 3277 9453 9050 4035
250 3441 997 8477 1270 8703 5930 3018 7437 9375 2733
251 9521 6827 8848 4372 8698 3313 1370 9734 3696 7955 6800 3291 880 2807 3242 8591 3172 1065 1293 1343 2413 2685 4199 7153
252 6428 3463 7167 1058 8844 2143 5329 9080 3320 321 2345 7160 8994 2499 477 3977 9809 6440 8444 7745 2649 4234 979 843 6744 1979 5219 7153
253 3203 8934 485 9133 528 7756 9523 6153 3811 5818 6300 3648 1848 9942 6309 2064 780 442 2251 6067 6537 3106 427
254 7977 90 761 9253 3561 928 8812 7732 8390 2883 7383 8795 4456 6606 5709 2914 8193
255 9995 798 8570 1934 3270 6464 1041 7059 5783 3563 6425 7377 9778 6654 3771 6044 7048 3792 9545
256 6129 1644 4697 5849 9830 3702 3856 2992 8876 663 3620 943 3127 7776 3097 3877
257 3074 7762 3894 4692 8831 8066 6064 3271 5163 9823 6977 1952 4898 8252 7170 264 6029 4822 1242 2203
258 7429 4581 3671 5490 6136 4809 6164 2852 8889 8105 5351 3839 2690 5589 3229
259 5286 1273 2480 400 6759 5437 823 1879 352 250 7020 5507 29 876 6036 8796 1527 6187 3103
260 5896 2002 6675 2489 4574 8371 1330 3046 6996 7499 5893 6458 5450 9793 1053 8902 3453
261 4400 5149 765 5696 7405 8744 6290 9527 3043 1637 3737 1121 2779 906 2704 6054 2763 4199 6635
262 9545 1355 5527 7306 4472 5340 5824 757 7894 9200 5630 7881 8462 2902 2474 590 8109 5794 4011
263 9965 9957 6445 1079 7289 6691 8236 9197 4367 3700 3244 7779 9130 6647 5386 4802 9275 3034 6341 3846 6492 8248 9244 2555
264 2189 8239 7210 9939 7703 1224 9457 4896 6242 9589 741 565 5962 6817 3885 5715
265 7699 8043 6094 735 6707 5583 2415 9935 6458 9836 2323 8320 930 6918 1375 9655 14 3757 8503 1613 3989 9325 3885
266 2927 340 444 9428 3304 2578 5910 8092 7692 5483 8198 3691 4958 8460 3945 9403 1625 226 2078 8088 3894 1121 8209
267 3982 9991 4728 2962 8387 6349 5226 1083 5762 4341 7654 32 4045 3414 9930 8427 1247 6195 4216 6670 9540 7153 8058 141 8111 9764 2240 3714
268 139 8506 3539 8131 3199 5816 4819 8810 730 546 3602 1632 406 6989 9990 1455 2717 710 1415 8470 8671 6327 2555 9007
269 7198 6511 8770 8290 5913 4811 9510 8183 5407 4455 1413 6267 96 2943 8265 9992 7042 4782 3241 5821 4507 9374 9777 847 3877
270 4069 8014 4361 2968 6608 7082 5265 5657 5398 4323 4344 1316 1734 3981 3830 412 8994
271 1339 3354 3751 7749 7984 3582 3637 6938 4002 6189 6057 4988 5567 2966 5105 6467 1501 3523 4900 7687 1742
272 8257 1923 6084 155 8708 3163 2856 9101 4935 3288 6886 4197 6275 6489 4919 2260 7517 3144
273 9114 3510 6219 7043 3936 6620 8543 4286 5667 9766 4653 8509 6424 1496 7652 1668
274 7762 8782 220 5569 7232 6239 7186 831 4830 5529 7106
275 9898 3043 790 8235 5798 5531 4727 83 8247 8514 8220 4469 1458 5485 9406 2427 9968
276 5019 6196 2358 4539 5241 8530 9932 6306 3184 311 6264 1103 5763 6700 1625 9078 4124 935 2558
277 9007 2013 8994 4443 2981 8471 4625 5799 3322 9051 9175 2105 5998 2164 8087 5373 686 1348
278 9583 898 3521 616 9582 6838 3748 5703 2904 9750 7789 5957 4592 9585 9730 9039 5547 6534 7652 8711 7438
279 1557 6692 7868 3965 9116 9938 6021 4807 5034 8709 7161 2627 8937 7397 6469 7251 8013 644 79 6054
280 2013 7820 9232 7313 1821 9541 9219 5934 1614 5187 8051 6942 8491 503 234 6924 8994 7542 7105
281 5810 7553 219 4527 5352 991 9383 169 6038 8961 4035 6698 7875 7543 9827 9933 6765 5181 5448 5849 5715
282 5762 9842 1707 3693 3711 7640 7506 7240 8153 8123 6287 7821 8049 3837
283 2346 912 610 5501 9581 159 2201 5 4295 1048 748 3852 9298 1598 3918 8830 5898 8623 3023
284 2327 3877 2963 4838 6402 8534 2240 3470 5692 7740 8148 4254 1809 6507 4929 5172 2191
285 5869 8994 2593 692 5862 7653 2918 3650 1248 9245 7262 3215 8042 6105 6404 3331
286 2288 9916 632 8645 3796 1299 3643 7248 5862 1238 9190 8686 8068 3113 9487 7736 7369 7423 5899
287 5783 4870 799 4665 6661 1309 4432 4619 4531 9852 4735 7762 301 2882 2355 2416 1051 2875 6216 3823 7713
288 6482 5502 9414 1665 9865 2240 2031 5860 1499 8492 2497 5147 3855 5859 2145 7153
289 3405 1916 5942 8612 7669 6619 7747 4258 2795 5038 6190 6935 4302 6568 8211 3014 3624 6584 321
290 5767 8142 5838 4245 3804 8302 2238 6599 7029 9685 6920 769 6431 1818 9129 9276 6470 5326 2327
291 9565 437 3104 2791 3836 7992 9056 1534 4937 667 2389 2304 9358 3183 8026 4181 6781 1543
292 8600 321 6525 1004 2127 9994 5307 578 5369 5870 2553 6556 9811 984 2025
293 4884 9007 1352 6851 1841 7537 4944 6424 7559 1720 129 5530 8215 4128 707 4967 7457 8125 9244 4199
294 5339 4342 5740 4230 1095 5482 5257 1145 6175 3808 9153 5478 577 3941 6540 2140 5229 9436
295 369 7036 8920 7318 2917 9654 6296 8488 2160 5869 421 3560 2124 368 17 5327 8348 3758 8134 7087 108 9968 1668
296 7790 2192 3708 3178 6112 5368 9335 7096 2399 8312 5050 6209 6658 2579 7949 5489 3914
297 4106 1930 4391 9173 8505 4272 9371 1681 8411 810 5208 199 9465 1962 5715
298 2198 9216 8269 3265 2923 4150 5430 8885 7296 4117 3840 7848 4475 3997 6000 3894 7415 2439 4956 2288 8618 1287 7413 2704 6922 4901
299 6672 2383 2412 4056 3006 4976 2790 492 2481 7363 7093 5096 8762 4714 101 182 6921 2526 1299 5211
300 3982 979 8994 6635 4286 712 2617 9171 4942 2210 1964 6519 7086 6865 1423 8499 8282 8234 8125 3665 6022 4691 2904 8145 4962
301 5748 2670 1688 5835 7296 2989 3949 7798 2236 5477 9818 7050 1638 9109 971
302 1979 4212 6351 8981 8842 1315 8484 5112 5075 688 5017 9533 7021 9937 73 8609 9007
303 2256 1670 4719 6496 8340 3312 7787 425 9873 8434 2915 2850 3668 9231 9834 1474 3720 7413
304 7956 1762 3836 8688 8345 13 2555 9362 9285 847 8910 9578 4587 6467 8449 4032 768 5175 5470 5386 3012
305 9259 9478 9645 4787 1929 4286 8837 5751 8049 1984 6457 8466 9674 6410 5535 8083 3885 2643
306 5645 6748 8816 7037 1380 2870 5677 8004 420 3754 5097 1647 2065 1187 6318 9626 6026 2774 3285 321
307 2810 9757 9579 9349 707 9755 5901 5294 172 4243 7331 9481 9178 7575 9928 1961 165 2893 7360 4352 6708 4967 7762 2986
308 6385 1711 3160 3032 5802 6526 18 8331 2601 5268 6736 7456 202 862 6270 63 8341 518 3550 9179 5504 3543 2267
309 8918 2866 8789 9107 7026 3642 9301 5011 6547 1672 1727 4097 9209 5273 7997
310 4442 6528 9260 3227 6406 7399 2401 2319 5728 8478 7054 5596 2339 9309 4132 3572 8085 8840 6500 3877 1625 3111 3316 2304
311 1260 1336 8566 695 3684 6863 3319 8878 2884 1348 4845 8677 1697 7770 2552 8275 7153 3074 279 8720 3994 6310 9120 9533 2013
312 776 6336 5339 130 3231 9834 5534 6695 3016 8005 6776 6452 9948 8316 5094 4108 3070 1117 9244
313 4824 895 7525 2074 463 9295 2787 4584 6979 4051 728 1622 2079 8009 8162 3304 847 7652 4302 6538
314 7429 1496 4400 1524 7240 30 3858 5072 8624 53 9495 2837 7582 2925 5514 3586 6477 3535 2867 3669 6538 7822 3409 2721 1940
315 4352 8005 745 4561 8965 6632 5158 5606 2892 9524 5364 2819 7172 1299 7077 3284 6666
316 5962 2107 603 5587 8067 7795 8431 4933 7309 6572 8759 6855 2173 6117 8678 7880 863
317 8687 4970 5737 5875 5950 4340 6777 7126 9474 3633 2638 2725 6959 6480 8811 9217 1353 3012 9013
318 9007 8125 8551 8711 6590 7988 468 4688 9866 8518 5388 2639 2168 1978 7657 4879 1364 2983
319 376 1858 6141 4081 9159 6859 310 6512 8294 9255 742 7355 4742 1745 8864 1865 8594 4926 5090 7159 2315 6677 6285 4004 7438 188 2986 79
320 8797 4616 1425 3743 2737 2344 2591 4832 2391 851 7551 555 6793 3983 4457 2881 2962 7055 2155 6258
321 5234 2288 2240 8363 4695 5150 1220 9376 7647 379 1580 7393 8163 4309 6465 6095 897 9537 2063 7949 4705 4901 8495
322 935 6827 8722 8470 7997 4453 5947 9526 5212 6811 4109 4846 3200 1210 9970 2125 5848
323 2 6054 4343 2983 1403 5958 9625 6725 8143 4660 6061 7244 2288 2101 2383 76 9676 6712 3308 2486 7725 3607 405 7013 5111
324 5248 9211 3630 8635 7062 2314 4170 4590 9000 7148 9972 8276 7874 6139 6170 2630
325 259 4352 8491 8644 682 7119 6407 6505 9607 9012 3208 5876 4256 2555 9453 6352 137 6671 5785 2464 1779
326 1552 8583 7293 3584 5623 6997 39 4778 4510 6890 8952 2310 4909 401 525 8495 5916 3158
327 5193 9281 3230 2029 1798 8403 8539 6266 77 2985 2709 9372 9145 1253 1815 6892 3584 2114 2856 9023 1479 5446
328 709 2771 9499 1859 3864 6538 3485 6543 9848 1164 5734 4955 5359 6397 9551 2402 3512 6631 5775 5509 1763
329 4783 6166 2302 5375 9518 1838 2195 608 440 216 1753 2437 2892 8185 8287
330 2978 6770 1365 9930 2000 3453 3298 2629 9103 3236 9763 7440 6686 1399 9129 7949
331 4199 8907 4091 1739 3102 1934 6771 6498 1093 9270 1669 8448 908 7831 662 170 9262 3003 3032 2232 7191 3238
332 5758 358 7199 1523 255 412 9090 2683 9013 8086 7074 3385 5684 1232 1170 5340
333 2439 1206 84 9775 183 9804 2491 9083 4924 390 8113 8122 1772 3527 5512 970 750 3902 9265
334 6611 1668 3012 569 7308 7623 5803 9387 7865 476 3156 2197 1105 2211 3675 3066 7435 3699 183 7064 6692
335 8135 5690 6434 1979 2986 559 1042 5169 2264 8150 2594 4664 2440 7498 1324 9151 2338 8116
336 1105 8218 7719 6054 7137 751 3427 2833 1832 9946 4340 1752 3373 6712 5366 8374 4438 9758 56 4377
337 2858 8832 3424 5653 4638 4772 727 3533 4409 2171 380 722 4667 575 6343 6423
338 5992 9261 7200 7185 3408 3381 9717 1746 8994 7663 2962 8997 312 6465 4982 1073 6870 5917 5962
339 9337 8651 5797 3275 1542 6222 9436 148 4517 2486 6436 5973 7153 8758 1903 9077 1148 2822 8988 3235 4664 4350 6652 6538 3074
340 1686 6149 643 2247 2340 3363 5090 5062 8888 3889 7569 8572 1086 5379 760 5628 881 3086 8464 166 6741 569
341 7895 4670 5661 3521 4497 7452 4575 2616 7972 9984 583 1717 1765 7846 2027 2488 8118 116 8174 9842 2962
342 5898 4310 7285 8136 4327 465 2674 1567 1092 3532 1398 8882 5055 9197 45 1956 7392 7513 2121 5636 2288
343 9807 7949 918 5341 720 520 6824 4292 5926 6778 5781 9884 7133 3555
344 7796 8896 7746 6574 5170 5833 7338 2301 1588 5160 6263 5381 3758 2260 1668
345 3051 5546 2951 4070 446 7065 3521 4736 558 7709 2473 4483 3927 6217 3528 1083 9555 7545 3830
346 3720 7041 6991 7291 5724 4669 7438 8249 8129 3189 7567 574 2285 4605 1136 7133 5122 9197 8005
347 5996 1454 3870 3256 9876 8484 3936 5431 665 3746 8372 6947 6944 7695 7565 199 7296
348 9908 2465 81 7851 4855 1351 3818 1271 4325 5880 9678 9705 6177 2834 3182 875 367 9007 4340
349 3936 6030 3701 7354 7844 5511 2114 7824 8278 7395 3344 303 1950 3380 1091 9370 511 9026 3 5726 9654
350 8599 3456 2483 4546 5054 7691 8084 5098 1395 3397 1524 2618 4334 8357 9018 4994 2900 3543 7880 2790
351 3064 8405 4765 1610 8333 4171 8662 6123 9060 868 393 9747 3794 8438 3599 901 5869 6101 427 527 321
352 6903 896 6705 7598 9955 5385 2877 1009 2538 6880 7965 6490 2325 2456 5572 3431 6413 3959 3810 992 5600 5715 9533 4558 9443 9968 3894 9244
353 1601 4628 3380 3697 6758 8242 1710 4613 4129 3027 5997 8595 7298 109 8640 199
354 4269 1505 6945 254 7736 4661 3883 2518 5756 756 9936 9045 4677 6960 5163 9400 2790 7637 279 2120 878 2757 1 1042 1925 5007 4786 412
355 6681 977 569 3537 4249 9749 8470 2560 5255 5298 3564 8851 4978 27 7929 1248 4035
356 8907 6306 4988 1496 3873 2669 541 4404 8666 9070 9708 7496 1451 8659 4997 6893 3798 9385 5980 7278
357 6810 4788 8938 4635 8908 5941 1311 8421 6628 3982 1508 6204 1349 1005 2962 7413
358 8125 3012 2847 952 1145 7224 2673 3805 8757 1261 6076 7981 5634 212 5053 5755 1141 9218 4539
359 9713 7026 1219 7569 2064 8599 8852 5670 3736 5342 3832 2269 7272 5578 2708 7238 2839 7379 3731 7699 9968 7883
360 5925 6550 4946 2767 4739 6709 1901 4565 2209 8661 9426 9129 8171 7974 9223 9386 3750 6178 3111
361 9979 6955 708 3876 4579 9591 2085 9286 454 6597 6878 5059 8707 4985 9968 4909 1668
362 6946 4104 6404 5401 7260 7095 3524 1231 758 2728 6005 7439 3163 947 3082 2317 547 3561 2146 925 3074 7762
363 467 8362 1149 7611 5035 4127 5951 8376 1240 6312 2825 8359 3753 4377
364 5219 2735 7804 4225 7304 677 979 6462 51 8310 4743 4145 1373 8936 6230 3447 8140 4311
365 6772 8927 1920 7899 7239 5678 3661 1179 8555 3152 223 3155 1778 9356 7414 6054 9533 6020 321 3894
366 8081 4437 1628 5434 8124 6815 5295 8883 1868 9904 6768 8922 5597 8706 812 4415 8732 1611 7892 1443 4764 8075 4170 3074 3936
367 3434 5412 3968 4535 2242 259 6712 8483 4153 3939 1294 8713 450 9688 7243
368 6028 8106 3345 2774 324 1866 2333 8045 3404 8962 9718 3577 5887 847 5848 3553 9573 6258
369 4362 9903 4004 2398 2254 9492 8446 7546 213 37 6906 5850 7296 8105 4199
370 6692 4260 7116 1884 5787 1481 7324 5168 4135 9808 7945 7246 7791 9139 979
371 3020 3704 8030 4063 541 6061 5067 4641 2013 6614 8663 305 2349 5945 5436 5484 6167 7934 2554 7234 5053 5917 2962 2288
372 8017 5387 7607 5292 4324 1297 6808 6844 3219 7616 640 2559 287 2149 9292 5271 1411 5201 1055 4393 732 6538
373 6001 7998 5855 8562 494 9368 7337 9688 4836 5295 7323 4624 7174 5852 5508 5196 1243 3982
374 6130 7267 2475 6914 8319 2885 4326 3513 1344 4571 3148 3593 813 8138 4174 8355 7576 399 5156 6613
375 2583 6099 7811 1956 8994 5230 5868 815 5183 6570 9781 5089 647 8010 8035 6047 4855 2240
376 2704 1134 6739 5340 7296 8491 3659 7924 7275 2907 3710 9691 6086 1675 345 521 2994 8231 7056 438 1846 2030
377 2458 5270 7720 6683 5362 1281 955 1272 2820 2818 5906 6547 5250 6085 4542 5209 6966 7179 560 1181 7949
378 9604 858 9167 8630 7880 2340 6327 7066 4694 4215 3782 6121 8216 3792 9968 1079 247
379 4068 7285 3425 183 6234 4905 719 2369 1422 4824 3366 1625 8808 2955 62 6857 1238 8212 2340
380 5349 1889 9751 1387 518 674 4401 5677 9544 9819 2134 762 382 5299 2469 1222 1249 1252 5715 6134 6537 4199
381 5702 3520 9461 552 1734 7951 1955 7314 4413 8560 4609 7629 198 1228 6726 3877 1126 5715
382 9043 6470 6487 3533 8893 3069 931 4441 8164 5013 9363 6278 4390 991 7553 5788
383 372 8284 1296 2239 1010 8634 2679 8919 7554 4296 3860 7455 398 2148 1194 450 6178 7883 5869 5064 9299
384 7347 6970 1941 8176 5182 6774 1627 8746 8264 3623 6466 9519 3028 3996 3936 935
385 7699 9224 8431 4796 7983 8948 9841 6934 755 2962 3976 9675 6429 8535 1769 7728 5676 2095 6362 8614 1570 8189 660
386 9968 1710 8387 2615 2760 1723 2566 2270 802 1252 8457 935 4815 1125 1277 5402 2463 6773 8456 6550 4095 208 951 2633 7219 6717 2426
387 5365 6829 5515 7629 5264 88 28 3132 7362 8644 7226 8498 359 9331 1238 6488 1774 6771 9533 7641
388 4678 1520 2340 162 9968 7359 879 4314 6818 721 8150 2540 8360 2240 2962 1579
389 6836 3789 6891 2542 3610 2844 2524 6040 7693 4820 6327 7049 6917 9702 6474 1993 9301
390 6534 1956 9007 5472 208 6986 7340 7857 2630 6010 233 2115 6174 9802 8140 1445 6467 8800 554 2 6218 8392 3750 7751 8830 2407 5643
391 6967 2794 3377 5156 8212 5972 4152 1679 4828 5990 1559 968 833 7132 935 1252 7782 8293 321 3074
392 569 4886 1058 4000 9075 420 2067 3489 8916 2102 3296 8440 933 3819 3496 3575 300
393 1174 5177 7261 4572 2 8286 3894 5682 8284 739 427 5107 5762 2777 7495 8064 4506 2288
394 4377 2543 3541 3806 2452 1185 6292 9607 6576 6104 9224 43 9906 9682 3803 7121 6504 954 3012
395 8958 3656 6737 4692 5161 7192 4522 948 2271 6716 817 2051 702 8459 9350 321
396 4234 5795 4965 3394 9883 5370 3293 8447 8996 2447 2024 7491 6075 2752 1625 9968
397 1050 5443 2109 3468 3657 5214 5145 3134 4449 8841 8296 522 3327 8196 1376 6749 3023 7699
398 4457 5995 7438 2569 4602 5355 5638 8116 8387 4757 9381 5457 4326 5877 1853 580 8011 6146 2229 2327 2158 1343 5715
399 3597 9600 3964 1805 3195 2192 4434 2769 2859 9423 1801 8018 3592 8756 183 5412
400 6669 9594 4658 1719 5216 9185 7141 3159 61 2954 9720 8592 474 1177 4577 5880 3875 5439 4689 5220 1799 5005
401 3164 9480 5902 8790 6388 4257 8119 2050 6547 7503 4901 1652 9743 6753 5374 8910 1446 9197 8722 3106 6258 2986
402 5248 9085 4786 2746 2580 9453 6968 6133 7009 6119 9659 5533 9076 7748 6396 84 7240 1922 9075 1289
403 5433 3025 8170 3267 7780 5082 553 4411 6364 6862 631 2366 8747 3434 6667 8663 7233 8644 9795 2904 2555 5880
404 5857 4755 9208 6973 8177 2097 8033 4917 8615 6065 3783 924 9573 5081 5762
405 683 7085 3093 1436 276 7008 8935 9003 1959 8388 2433 3079 3415 2799 5064 2973 1957 2434 7367 8946 5326 452 732
406 8259 9467 8628 8439 3375 2929 6486 1233 2988 5317 4026 4938 3395 6873 3822 5063 3195 1299 9280 3675 2732 3316
407 6044 5155 6584 8991 2263 6923 737 6581 3422 1695 9182 6025 4218 9043 4133 7880 6594 5468 4108 1449 4047 4021
408 7413 5727 8152 8432 9568 4940 2996 1616 9731 5223 3562 8130 3670 6324
409 910 9806 3784 273 4054 3417 1360 7969 488 3337 4728 4763 3446 3169 6819 2533 9139 1238 5167 6021 2013
410 6503 6049 1256 513 4180 6311 5122 3665 6883 2924 9177 1514 5311 4062 7510 6655 4523 9842 6676
411 3797 9391 7549 3297 6898 1834 7120 6618 5565 271 2872 4091 6602 6348 7552 9401 2327
412 6588 8900 3895 8658 5695 9341 4671 4903 9833 4345 3537 9566 830 7856 2952 1195 6731 2533 6347
413 4684 5504 6610 4308 8649 1939 5889 2265 4444 5143 6075 9032 6984 9268 6269 7643 3871 7256 2194 5027 1159 206 1833 8922 9842 9355 4071 9129 9968 321 8910
414 3106 1305 7123 227 9608 4591 2673 8899 6739 9602 2589 9047 2066 2729 3099 9066 2001 8969 4558 3202 9123 1473 3022 1139 9968 2
415 3225 1680 4134 4805 4607 6478 1880 1650 7049 1541 1202 7327 5874 9086 3104 8858 8387 9968
416 8157 5065 7356 9007 1992 7613 3690 5276 9314 5093 1895 864 131 5580 3728 1496 3982
417 5340 7130 9222 8246 5968 5663 7088 634 7180 1956 8204 8660 167 5178 4159 783
418 9940 2038 1749 9609 2750 9352 108 7034 1026 7781 8618 9296 1715 1424 6939 8190 4042 3932 432 6170 9244 7652
419 8671 3245 7656 1840 9628 235 6150 5836 4013 4821 6701 1476 1845 2335 246 9230 8854 8195
420 7151 4766 714 1878 9920 9637 6225 6413 2177 8519 7028 2590 1419 2005 4480 1223 6958 1668
421 1948 8815 3474 4314 9901 9008 5869 1773 5536 1072 1118 4741 7006 1851 5040 637 4169 1540 761 2327 3982
422 5359 7077 4203 5962 7641 6840 6928 5742 802 8224 4340 6021 1137 9366 6231 3531 3763 5056 9057 7267
423 6687 523 30 8384 2272 2283 1645 1061 3742 3096 9460 9141 9638 4760 7296 3100 7939 6534 2407 9332 1538
424 7280 457 5029 951 9688 3821 6296 7893 7883 5583 2233 7810 7887 9067 4892 4502 935 7183 979 9775 8068 6134 2240 9533
425 6437 3465 7178 2462 2403 652 8361 321 1647 1979 7063 2546 2549 5438 2655 9945 6583 2536 3111 347 4527 9480 7615 930 2666 5880 9968
426 551 3095 4367 3991 4928 6116 4920 449 6926 593 3012 42 3466 7153 4985 4199
427 6613 90 8531 3961 8079 7153 7997 3613 6382 8062 2878 7806 2555 571 2294 7457 1034 243 7448 4462 3379
428 1510 9008 1292 6842 3923 4627 7302 1381 1536 3616 3398 7591 4191 6041 4632 116 1385
429 9533 937 1091 7234 6522 6584 7268 2986 5074 9534 7436 7702 110 2255 9176 8809 8036 3758 7652 6280 4036 4913 860 7521
430 6549 33 8156 8140 8202 8513 8558 6879 7017 6294 6803 79 6458 4176 8763 2
431 2846 3865 9347 7 5162 953 1412 7732 2308 412 7836 67 8846 4276 9502 8667 1668
432 3371 4340 2013 4034 8655 2350 9290 1743 8175 3214 6940 7632 3975 8738 9803 6260 4586 7138 6537
433 5643 6338 2161 5103 4039 8853 6101 8293 4553 4762 9310 458 4650 9903 1013 2962 5099
434 9709 456 6729 267 3703 4420 3307 8180 8501 3958 6447 7053 652 9653 5705 4668 7085 563 6580 2707 1496 374 8894 2643
435 8462 7152 4615 569 849 725 1361 8463 4960 4906 6722 2615 1025 1937 4178
436 1534 3103 5445 8212 7816 8992 293 3752 3900 6203 7668 4561 2701 3638 1794 9091 1130 9731 6250 3706 3119
437 3937 7634 524 190 2538 5026 690 6015 1369 1426 9044 9097 2368 21 2969 8423 5130 7001 8193 6060 2932 3982
438 4749 6853 7536 2783 5793 2569 9162 726 7922 2532 5905 9886 5754 7736 3473 4044 38 3376 7254 3877 1299 9842 8994 3074 9968
439 5104 4730 3863 482 6082 1147 7597 2100 7207 9868 5554 7987 4512 1042 6611 4536 2490 5807 2962
440 6011 691 2409 8060 2895 3088 3154 9244 4511 8712 2887 7459 7862 5890 6160 1690 2043 5985 516
441 3707 7949 592 8610 3845 1182 6837 5154 8921 5673 4360 5761 7791
442 6547 1761 3077 6464 5769 1662 658 6899 4437 5880 2920 9931 3491 9042 5743 6356 7978 874 8461 8978 9206
443 5815 9256 4580 2136 9805 8130 527 447 7490 6938 8250 2264 8764 2337 6454 2812 6746 6259 8183 9199 6613 9968
444 670 9837 5212 2879 2911 8486 646 9822 1786 2906 7024 6173 2870 3792 979 8914 3083 36 978 780 7968
445 2806 5752 4973 9461 2135 7267 1876 3163 142 7652 9595 1432 3985 7301 7277 2491 3103 321
446 4463 675 1323 1898 5909 7336 4529 6809 4389 6414 6603 7162 535 9821 2445 2349 9198 4915 2225 2522 1534 8248 7321 6458 7732 9129
447 4528 5668 218 8681 792 8396 4365 987 6103 8077 6636 7650 6249 3680 5900 2749 8125 3982
448 759 7349 3683 8480 4785 779 7240 7307 5157 3250 3825 6827 496 4552 1882 3074
449 5132 1855 4299 3495 6656 112 8995 1107 5461 1994 4912 5199 191 5635 7458 2155
450 5553 1167 865 6608 5872 2939 9635 6999 5358 3004 5671 7991 1958 925 1557 3193 7147 8716 9146 1466 7048 7082 2155 8830 9007 4855
451 1572 9947 6786 2513 332 4645 8748 9740 8337 8350 4173 3508 5817 4478 1389 1874 7361 1489 7826 597 7636 6216 3032 427
452 8293 9404 6884 3888 9839 5978 1340 4702 343 9442 7169 8029 2624 1310 7350 4066 650 9485 105
453 6889 4294 8574 5416 8054 8967 2947 2438 7381 3031 1609 3264 3140 6778 5423 3728 7429 9299 2121
454 7949 1589 1602 2823 9013 1111 8804 331 7721 6980 1888 6073 733 1264 3004 8134 4300 3869
455 9842 2493 1998 8467 5236 5943 7188 4824 6331 7902 7484 8431 2240 6484 6408 5730 6067 1852 6070 5043
456 5748 2962 9539 6740 2138 1421 816 9903 3318 5928 9069 2449 8097 3460 4491 2828
457 7659 6046 3243 1077 10 4176 6014 7819 9388 8469 9260 1134 1012 6394 9399 3253 3408 8487 4985
458 2555 4107 9139 6938 8125 2006 6333 6091 8906 8608 3012 7652 8548 2111 4786 7212 3236 8580 4870 9563 3052 1868 3752 1176 2817 7845
459 5474 8925 427 5884 5997 8451 475 4527 4382 1007 4040 2262 7566 7025 2158 6577 5838 2379 9545 447 8387 9354 5543 1546 3074
460 1066 7604 1651 2003 9149 1962 7209 7651 52 2126 5353 5749 1409 5097 1430 707 79
461 9270 5099 8520 8611 6049 3694 7240 4706 8093 5415 3292 3376 8367 8880 5219 3999 9728 9005 6547 7039 1512
462 1552 3050 9433 8715 641 8653 2537 8994 5506 856 259 7964 5924 2394 7943 2422 4901
463 7568 647 8822 523 6731 1646 6635 8907 6487 2599 1459 9529 3753 7966 6378 982 7005 321 6938
464 2202 9569 4341 1657 9014 9199 8191 8301 8569 6238 3786 2119 972 1161 7296 5871 6938
465 8055 2979 4504 4928 2773 2730 4526 9075 1984 111 1969 3098 7630 4307 150 3914 715 7633 7773 3518 7227 1434 4317 5788 2643
466 3007 6184 2313 5200 2222 5649 4643 381 2288 1774 9641 1038 2448 2867 4752 8722
467 2565 8911 770 601 8883 4397 3255 9023 9986 9254 8338 7562 3722 7382 7901 7083 8293 9555 8125 7519 9075
468 7290 3234 5254 3781 6257 6673 349 7092 1301 6332 5444 7767 633 1237 884 6611 7022 8406 1524 3499 5677
469 4923 8256 4055 1036 7373 6941 8632 1137 6449 1774 323 6256 7204 9643 3280 7614 2129 3074 9007
470 7762 7153 7713 1655 8041 8924 7976 6983 2418 4557 2137 9301 1337 8061 9507 4771 9815 4252
471 5033 6899 5185 126 9753 3211 9224 5842 374 4652 5888 8258 7305 7700 6734 1495 7795 5194 8125
472 550 6833 5826 2711 6030 8387 1555 388 9438 3507 2331 328 6082 6871 6050 9950 2575 2048 3586 2643 5869 2327
473 395 937 6053 1569 4433 3596 3830 6473 6134 3330 8114 5356 5770 5350 152 7993 56 4340 6448 7469 9903 1113 3012
474 5762 8352 1802 2273 1181 3274 5556 5885 661 4326 5752 4765 2466 1521 1997 2292 2692 9885 6024 6650
475 638 7511 1580 782 9233 915 5307 4369 2890 7285 512 8117 9618 163 9867 195 149 4854 2005 3586 3936
476 8512 1020 1391 648 4798 5459 5655 4464 7677 4644 2117 9592 1342 7709 4386 8023 1752 1995 3758
477 745 3077 9224 3371 3936 4999 7118 5127 3621 979 2661 4493 6236 3111 2545 123 8928 5897 9712 8270 8949 6482 9931 7202 232 6545 4348 1328 6063
478 2382 5333 6214 8723 4222 8308 7143 6990 6825 4501 5282 3273 1516 8625 8994 6114 5715
479 3190 8855 6163 956 1132 2248 4240 9344 2614 238 9533 64 5723 147 6482 427
480 9224 8450 8767 1625 1480 9308 2541 5400 4314 7266 475 3260 6672 532 6054 5189 1124 2376 3056 784 352 5045 8005 5307 5446 4531
481 5397 3125 4728 7068 2685 7133 4537 5659 8445 3552 8578 5716 7477 3509 4549 6521 427 2406 8843 3682 805 1831 246 6019 133 5921 9993 1216 6613 2240
482 1668 7985 5625 7863 6339 7642 5891 8121 8314 4166 7285 4526 829 2322
483 9887 5418 2847 2512 944 8793 3251 9030 3141 2 6648 5936 4860 3438 2208 6240 79 447
484 2555 6600 5573 9349 1180 7949 4893 789 8734 7117 8719 3149 1019 3147 7950 2873 639 9697 8814 7216 5710
485 5437 1736 5768 2156 4801 2144 6633 6685 6728 7353 3901 4566 9971 4882 7482 650 4703 7699 6007 9301 979 745 5962 2288 4901 8830 7438 935
486 687 6698 7952 7259 813 9711 1807 7386 1314 2936 5207 9265 8141 1244 5070 1784 3376 7883 712 9467 4402 8994 3543
487 9425 4343 2136 4925 4774 6054 1522 8406 132 2235 4024 1037 7478 7480 2162 4001 9907 262 6630 730 8711
488 4531 1685 9677 3352 9087 6059 3967 7699 514 2611 1750 5031 6229 6839 8999 5704 1429 7295 7061 2282 5880 3507 7992 5457 79
489 5462 1935 934 731 1241 5406 4148 6468 526 2802 2596 9035 7091 5766 7481 6030 7296
490 5253 3081 3121 1377 2798 6652 6908 6780 4969 7608 1456 5319 3144 8541 8130 3894
491 3316 5788 7544 8957 3382 3388 6329 6635 1198 1120 9624 44 285 1354 5288
492 8528 744 175 1639 8823 7638 5272 8002 5830 5376 8841 7740 8722 2413 9139
493 7948 4752 8210 2608 1984 6476 2747 7777 4442 1236 1817 1982 3783 1657 7840 3955 6665 3285 427 6613 321
494 4606 3005 7987 3395 1306 5064 8304 6101 6226 7391 374 9611 4198 9660 3042 7438 4012 9468 114 1945 3601 1979 4539 8293
495 46 5993 676 8743 2058 2811 7791 7206 2909 6045 511 701 893 1561 8207 256 3740 3795 9079 8130 1555 2611
496 8293 321 2555 3144 6613 7762 1139 6258 9195 2093 4209 9794 8696 4989 5617 7321 4078 9430 8336 5343 1464 1366 9930 5860 8581 3970 1504
497 7057 8787 329 4886 9315 3987 1457 2660 4027 4733 1401 4853 4716 5956 1125 4220 8879 9547 7709 6250 8812 2518 5326
498 4843 8690 3013 1624 1209 5109 3336 7852 6711 6764 2840 3713 4663 8915 1117 6258 2643
499 2321 867 8753 8245 2857 7852 5654 6738 2017 671 1402 8622 7504 1129 104 8685 935 319 2602 4705 7258 7694 2345 6258
