500
0 1207 2645 5005 3469 1470 7561 9021 9807 1791 8413 7474 2892 2404 8366 4020 979 6021 3261 148 3012 6472
1 548 1924 241 8699 2816 6205 5790 4010 2207 7583 9881 2554 8987 2349 205 1375
2 3963 4332 2754 5085 7218 3608 5244 6644 4092 8590 8396
3 2784 2258 4541 5300 4230 6676 3453 1665 5827 4076 1020 6956 9464 6464 8251 1098 6692 6613 1476 2 3894 5775 5622
4 5232 9577 1973 9878 6389 3828 1498 3802 4646 9993 8768 3950 8618 2413 4319 8832 1668 7438 2555 732 5962 4314
5 6915 7467 7753 8217 9169 4589 9093 2396 3087 5258 7834 1444 2760 6617 8107 6676 1396 3453 3731 7206 4439 7361 155 7606 6986 7992 7709 8343 952
6 2640 6826 6061 5621 4412 5948 9698 2028 705 5979 6412 132 7419 1625 8797 5887 7413 3660 4958 5848 7296 3936 1087
7 6325 6653 7530 4744 8979 4223 2152 4029 6598 9564 6405 9205 3758 8726 8284
8 1452 3188 5259 3678 1472 1943 9096 654 1183 7842 9739 1205 1084 3144 1615 8279 5228 7845 5783 7997 8696 321 4326 9733 780 3925 5748 8487 2986 7413
9 8683 9613 3391 837 622 7463 4869 4226 5977 3176 6062 1822 3723 7266 196 8498 8716 8495 7762 3113 9733 8352 8883
10 2868 4074 1303 697 4569 2510 6762 3859 5981 4851 5131 7672 9342 2175 2480 1299 6170 6986
11 2471 1157 1477 889 9745 5652 128 1617 7026 4875 9464 9699 8637 1728 5072 8580 5064 9023 4170
12 4435 6831 7916 4014 389 4500 5610 2577 436 828 3326 3073 4626 2565
13 490 4448 6433 253 8089 5188 210 7837 8634 2041 7516 4662 311 2986 1343 1956 3521 2892 4314
14 304 7228 71 9303 8277 493 5171 700 1535 252 8364 4352 2342 9914 780 88 5458 9930 7012 6967 7699
15 9393 6651 9019 7344 5946 8028 7772 6766 602 8874 4151 2320 7829 945 5451 6007 2652 4311 1668 3982 2182 2240 7413 4907 7572
16 7014 3673 1556 4336 3339 7825 7888 3310 7873 4071 4776 9244 5629 9014
17 950 1280 1591 1467 5907 2243 3038 9194 2904 2430 1123 3836 7431 8068 2437 105 9007
18 9184 1989 4213 7000 3268 6502 9703 4596 9202 5237 8332 9465 5479 4728 9976 6931 7299 7815 7120 5307 5458 9842 712 5064
19 5739 8221 2782 976 5269 6461 2663 1133 5155 3835 3884 6696 6334 2598 1212 8858 9601 4060 3371 5005 4326 776
20 4547 1031 6694 4126 8007 836 4538 4155 4597 4070 9520 3377 3320 3285 8639 7001 5880 8125 738
21 4954 1796 5126 6400 2324 3222 8017 4816 215 9859 7372 9759 297 583 5509 6306 1101 1580 2986 8455 4020
22 8521 1168 4904 1766 8860 3173 7605 7165 5679 6699 2501
23 3418 4306 2451 8754 5750 9689 2563 9125 9760 5409 200 8193 3790 2574 9545 2595 5715
24 8989 1867 3467 1528 2071 2937 1259 4945 2984 9835 311 9532 4176 454 4400 2123 5310 8994 4664 9713
25 624 3913 2037 8863 1282 8959 4666 4687 6652 5721 3719 8267 6852 1408 843 8210 7 3105 1858 2904 3584
26 4990 3872 1420 689 5303 4841 3457 2245 732 5261 8636 4907 8462 6785 3032 2155 6187
27 5069 8473 9982 2297 9496 4556 9135 2597 3174 3122 6191 8268 617 3022 3943 3984 5572 5643 9244 5834 8830 7296 7055 4027
28 4486 1806 455 1917 9435 5747 1694 439 834 8931 4844 5632 8205 6281 4784 9443 5278 685 8344 8531 6049 6148 8524 7120 5341 2858 7713 4199 4909 9968 1429 699
29 5275 4136 6787 9 7134 6702 8502 6438 2234 2842 8297 6063 7216 9114 6920 3355 1601 2209
30 9744 9505 8538 4149 2930 9768 1307 3612 1661 2373 9742 139 7379 6855 3745 8048 2
31 591 8897 115 1230 7563 774 4551 7890 6421 3110 307 4674 5887 5413 9004 7710 6101 7759 4107 2555
32 5108 6374 936 7664 9838 5903 5166 8197 3498 3705 6532 2946 9832 8523 6330 8040 2902 8307 7335 8812 84 1871 4626 8174 9043 1763 8922 4985 4341
33 7358 2059 4086 3008 4651 1737 7281 7601 7885 2934 200 9354 4399 7883 2014 3393 6187 3032 2121 94 6029
34 6485 3986 151 9241 4513 2392 5417 5939 5413 2680 3323 3360 8792 2077 1799 3073 3077 6538 4176 9930 935 1534
35 8139 8137 6561 2835 8970 2166 2741 8511 2277 5866 1747 6993 221 1710 9615 6827 8284
36 4874 9144 5912 9187 9413 5491 5505 9409 5822 2322 7802 8689 7933 3585 9301 5307 4923 2437 9955 6467
37 5982 9664 7155 5022 7744 5408 1533 9640 8071 6494 3687 981 8784 7716 9367 802 6687 755 7296 3316 7392 269 6134
38 7626 6775 8680 1468 5338 9235 8065 7162 691 872 1090 1275 7733 678 5762 9834 5006 838 238 2475
39 7033 476 2199 41 7980 6198 1953 1642 4726 6060 4717 2016 7906 6699 9707 3525 7751 8716 2205 3958 1345 6258 2240 5762 1763 6827 4377 9244
40 3167 268 5658 9306 9538 7681 873 1966 966 8573 5922 2809 2617 9459 6281 989 4517 7053 5219
41 5523 7220 3686 1397 2958 7332 9522 4211 5113 5060 3286 1491 2570 9227 557 1355 574 3111 1353 5548
42 3515 8905 8954 2653 5524 988 8593 5009 3488 2697 3348 8896 6154 3547 6193 2411 7426 1534 5149 3936 745 4199
43 1648 7920 4363 9719 9846 8179 1638 3493 3891 7311 7805 7864 6585 3728 8491 5594 5880 199 2121 4494
44 8382 7581 7870 3516 2941 566 6964 9212 8269 8335 9129 4985 6584 9780
45 4583 3588 4931 7060 2628 1014 1440 2019 2472 9829 7422 6492 3047 8050 9199 9025 7438 8125 9834 2 7949
46 8866 3526 4200 9266 9152 8990 3807 816 8162 5656 5412 3854 8605
47 3679 861 6582 8031 6495 4052 20 9548 1081 3349 7828 148 7962 6447 6285 8470 1450
48 9063 7938 5180 3233 4482 5384 8529 2871 3857 7230 6147 8325 7124 3814 5435 8095 139 9968 2662 6327 8994 1375
49 5195 4214 3843 8542 3774 6587 9605 7434 1702 6270 4297 1577 2511 523 1934 6139 2240 6073 8491 9600 8284 1789
50 6497 2613 6639 4050 9528 1691 4488 502 1162 7213 6901 3574 9822 7732 3792 259 5359 5748 9036
51 6992 8941 4966 5557 408 5151 7253 626 7833 7485 1439 5920 9407 4401 9191 7023 6573 7992 6547 2768 6071 6301 5748 9615 647 7949 6101 6938
52 3350 82 2731 1740 6248 9249 5106 6456 5778 4761 7755 6925 7742 5038 7586 6100 8910 3751 9244 2962
53 1666 9770 4834 2755 7577 8549 2274 3416 9028 6363 1607 5595 5014 443 8168 6938 221 8134 8414 6270 3356 2414 447 6613 7699
54 1954 1257 9836 5440 2206 2530 6492 5885 8579 9535 3461 838 2898 7031 6376 3758 6101 2892 9915 9623 2052 3103 935 3586 4624
55 4073 1634 7855 7330 1919 8144 4804 9016 1110 2239 2929 7204 7488 9120 2070 7147 6797 8487 2414 4035 6044
56 5564 9443 3566 9336 9921 4096 863 8090 7665 5615 7874 656 6662 8214 3047 321 4787 4501 5917 5492 8702 6938 1752 1262 6447 4199 3383 9533 9265 6672 2429 5902 7880
57 448 5601 1390 6013 5969 2106 9716 9688 7333 2361 4696 6739 8199 4539 5507 1557 8994 9270
58 6137 1565 4140 9450 8756 3732 3565 9619 2544 9684 3916 7864 1770 9869 8428 5654 4311 2677 469 7709 5412 6537 6980
59 6897 600 22 7989 6812 6902 4723 4950 8368 8752 9840 941 1774 9007 9738 8005 3158 443 1105 625 9545 3012 4035 4801
60 6197 453 7508 3386 9892 7479 7929 2457 3113 1016 3281 7903 8697 9443 2 8173 8491 412 4527 2704
61 1122 6708 5301 5008 4419 6241 4430 1047 364 7791 3894 1979 7652 2900 4972
62 1682 451 8346 5224 9900 7835 1900 3070 3423 6727 3232 6381 8102 7413 1121 1225 2662
63 1785 6541 8953 5988 9148 1175 3138 250 5497 5804 4079 4624 7861 9518 7619 2951 8116 79 6054 5390
64 3115 9587 2712 7442 5110 2626 6162 3759 1172 560 5340 8431 1283 6054 1916 1790 6170
65 842 6539 1584 8813 6144 1574 7783 5135 4219 2569 2659 8582 3335 5078 1546 7782 2422 8125
66 1414 7447 696 413 5735 497 6074 8208 7269 5794 8527 1075 4156 6071 935 2147 6458 3877
67 7636 4849 6168 3549 3548 5428 5561 7738 3651 9960 5748 7296 9848 1383
68 1892 8305 7075 6032 2764 7115 2551 7718 3961 1250 4080 8733 1698 2340 6301 5251
69 1781 5493 4951 6801 3002 6131 8729 3992 1430 8684 1918 8894 2910 3210 7710 405 1343 3195 75 1400 8663
70 3505 2534 8349 1586 1437 8621 8522 1119 4367 7433 6625 116 6859 338 6292 76 7736 5386 23
71 2897 2863 793 2432 1227 286 3166 9338 326 8508 6752 5393 136 6747 6978 2298 9330 9917 8887 5917 8183 7289 8043 1429 7179 7806 4362 1668 921 8209 3074 7131 8406 9968 5412 9852
72 4281 3161 4459 5544 2564 9622 6102 3540 9993 6491 7135 4457 7194 4089 8431 8293 9299 5698 2437
73 8053 4995 6370 5503 4837 336 7500 3969 9732 2788 3263 6367 6595 7771 2681 4079 168 8812 2184 6889 4199 3584 3102 4985 1081 75 5053
74 8243 5631 7800 351 478 5923 4888 164 5911 410 8701 6499 6044 3573 1776 7652 3543 2114 2085 7517 7438
75 2476 6213 9961 9498 6192 1787 4704 3428 8309 6232 5777 7956 7593 6817 1734 3513 6537 6482 4271 557 7585 3408
76 3721 3841 7679 7292 9954 2796 7018 6718 3882 9736 1515 1788 3120 8920 7221 9470 76 1763 8498 2240 9848 3074 1083 6003
77 7432 8238 630 6642 9959 5449 7682 4168 8589 8396 284 3213 8151 2815 6962 8193 8671 4890 5848 5219 4399 8345 84 6327 3836 3371
78 1678 7004 6951 2557 9557 8778 8986 251 3049 6316 6011 247 6054 8776 7968 4855 5762
79 2417 2057 5347 7849 5302 1908 2252 9317 4403 6346 4784 1140 56 3731 4801 585 7429 7205 9075 7652 6258 374
80 9722 1319 4654 4315 214 1435 6710 7166 4831 3285 9889 2005 8169 4027 8209 1125 8491 6584 1299 352 4765 4314
81 3048 7329 3747 9239 5456 655 5441 6640 2157 9667 9677 1860 133 9055 7606 5421 2240 804 7615 7304 5193 2650
82 1626 3946 9872 6963 8643 4721 7453 826 5124 9798 4514 2662 8233 5869 4035 1534
83 4320 72 2390 8740 5083 7078 8022 4533 5266 2231 6952 7097 9548 6765 8445 6615 1358 7669 7771 9299 8644 1780 8167 7474 1429 7709
84 1044 356 9962 7459 1710 3022 3689 4852 9636 249 9040 5532 4842 9188 9025 6280 2615 9301 5966 283 5053 7 6537 5962
85 7443 2032 1757 5004 1040 6210 1106 8132 824 2470 2485 8082 4350 7590 8248 7545 6672 2962
86 7574 5117 2568 6110 967 3009 9944 6797 7418 7200 3282 4134 4890 2892 3958 6237 1914 9704 6734
87 5825 1003 773 1218 4100 8736 3850 8493 2295 6052 9741 496 2496 3316 2307 5580 7968 8343 5871
88 4229 1597 9953 6850 3059 5780 996 3662 5097 6730 3251 2555 9506 5412 8692 7949 8145 5862
89 9293 2468 7707 8306 5680 9422 8373 2139 2092 2263 1428 8498 6044 8831 7545 2408 9820 3111 9461 2340
90 4244 4175 8904 1208 1554 7752 9289 5555 2266 8895 4847 1391 8000 605 1308 9010 9483 3684 1984 4377 9852 148 1353 9834
91 1585 1356 8586 8110 4094 8976 8836 4147 9761 3053 6221 2460 6403 8604 2600 1134 3092 2128 3545 447 7240 2121 8716 5547
92 5371 357 8496 3529 6551 6035 4699 7233 3553 782 1199 1738 9265 4629 4971 4180 8516 6296 321 9129 6101 7699
93 3325 1002 3717 517 3278 8126 183 9421 9797 753 4182 6393 787 3783 6187 4507 5412 5862
94 7090 9687 1530 407 1379 5537 8801 2112 135 8401 5437 4056 2052 6611 3371 2662 8491 8284
95 6135 927 7233 8547 5287 9850 5856 788 7203 2648 1496 8417 5451 4264 5775 3781 6547 5341 1668
96 8817 7357 2997 3887 8540 8620 7971 2916 89 8293 6537 7438
97 6674 2860 4224 7108 3741 8267 9193 1267 1052 1529 9826 6613 4429 477 7183 8722 3533
98 7164 257 607 876 8828 6631 3716 567 5766 7429 5295 569 3012 9692 8671 9108 3192 6075
99 299 4648 7114 6185 5685 4330 8104 5639 188 3727 227 9038 5122 1080 148 5483 4639 9852 4423
100 3445 3744 1192 5708 4160 7241 9500 6125 4280 9252 34 2212 1498 1739 4501 5194 3144 6020 8722 4364
101 6849 4025 5800 724 7550 2604 9681 8742 6083 7439 7276 3276 1492 2974 9709 8307 5397 4346 9573 2013 9567 4985 2615
102 2647 9857 8443 8074 486 7312 3755 225 8329 9271 5660 850 2003 6630 4679 843 4871 6286
103 6157 5432 3241 3341 7556 6347 3932 564 969 7234 2605 4710 9598 6982 4986 9720 8134 2327 2150 9787 8005 3567 1079
104 3909 8939 9530 9357 7996 5933 5240 9943 174 2293 5894 625 2413 4808 3522 7709 2998 4567 9903 1289 1149 3584 9007 7012
105 5334 786 8452 2118 2635 3290 4957 7975 122 9312 7586 5862 7320 6030 8465 427 205 8722 6101 309 9225 7670 1829
106 1357 2582 4519 543 2726 9514 261 7079 5412 3303 5715 1117 4199
107 9606 9632 8391 5138 3838 6471 2961 4290 4246 3254 9137 1299 9183 1831 5548 9086 5758
108 1971 5704 9644 540 5173 9665 3842 529 6126 6380 5006 7759 7531 5043 2741 3144 8212
109 6805 958 1461 7925 6122 4793 2864 7858 5396 716 7187 3718 9444 3586 9031 8005 2327 1454 7486 1476 935 8169
110 9411 3490 7967 8351 1581 7284 8598 1112 9284 3504 6881 6200 5053 5141 462 7240 4340 7032 5899 3190 1145 7429 4855
111 113 621 3437 9593 2644 8761 4991 4474 738 2179 9449 8019 4679 8300 7481 5458 2422 4958 3101
112 9610 1503 4750 7621 2018 5608 4304 2176 6949 4823 1728 6373 2121 7575 8387 6331 2634 2278 8932
113 2061 278 5049 882 7921 4865 1071 4396 1839 6459 6962 4102 450 3145 3950 6251 4352 1238
114 504 2803 5399 6323 9616 6586 3130 9723 1633 8700 1539 9683 5063 4108 8370 7310 2260 7133 2288 8167 9545 2
115 8870 8146 538 8652 8765 3813 2290 54 9111 1631 2218 8441 9515 6528 7889 9124 1204 5966 1429
116 9746 6034 9161 7715 5152 3530 7797 396 3501 2508 5156 8883 5492 2666 1134 259 3936 6672 1774 5788
117 2724 5115 1573 5014 6516 6789 3143 5918 8601 2734 4341 7001 2422 4558 3024 7133 3103 935 8134
118 1479 904 9432 8295 7154 7896 5636 100 3835 8027 4317 6261 3058 2586 6643 5003 4840 2318 8142 9965 1904 6895 6170 3894 9086 456 2 4939
119 4873 176 2922 9034 505 604 1298 1595 5466 4274 2739 2876 5233 9075 569 2537
120 8725 9494 7758 134 9065 6165 2982 7742 3538 6369 3081 8158 3184 4326 3376 2226 2443 9244 3936 6054 847
121 9192 4720 4277 4285 8203 4167 8750 6821 6566 178 7860 5247 7949 2571 3521 1763 5507 1265
122 8159 5245 4633 468 7912 2932 6560 434 7501 668 5318 9573 9877 2494 3451 7558 9912 9178 3543 5917 1625 4786 7669
123 6578 2279 80 6313 7706 4490 9431 8891 7072 9988 24 5929 1593 2818 1478 3158 5788 7288 4385
124 7157 6896 8951 7122 5419 1722 7072 6621 2723 811 332 1933 2019 8690 2058 7438 79 3981
125 7927 1362 1152 5662 8154 2889 9040 8848 9786 6900 5052 8674 5386 6875 9374 2349 9545 7699 4314
126 501 5442 3017 366 1290 9874 4649 3364 2165 8289 2657 2171 7684 4941 5500 4780 6226 2052 2643 1454 9273 2699 552
127 2099 8241 1724 9451 6624 3993 2517 9073 7845 5746 4082 4883 6376 6613 1668 4020 4035 4170 5340
128 3137 657 6882 8977 4813 6954 2607 3631 7557 6262 118 960 3157 1850 4948 6743 1223 4302 5762 7883 5748 3032
129 9694 5073 8091 4734 385 1988 6181 965 9891 8233 3243 1216 647 9404 6938
130 6463 353 713 8410 9327 5330 270 8985 4481 6936 487 9174 1295 5198 4901 3578 3728 6978 2128 9089 5316 1289 8644 2555 8125
131 4977 4573 6282 9989 8718 6155 5519 8423 1693 9679 447 1042 8617 4864 2926 4450 79 84 7949 6404
132 1144 9380 3972 4087 360 7579 4375 4484 4188 8724 1911 8839 3982 8827 5593 5156
133 9576 5176 1896 7425 3194 3365 2999 545 8062 4835 9323 325 4672 2150 2227 9230 1105 9848 8812 7782 6212
134 6514 6427 8365 7513 6115 3622 9829 3481 7639 2088 9693 2521 7609 9555 4901 6134 3528 6454
135 7624 7769 6375 78 3568 3653 9584 5664 308 25 7820 9861 2034 1317 7683 8293 3958 5477 7699 6938 6044 9461 2
136 781 4777 8515 2196 6235 2338 7283 1721 7602 9345 2155 4107 7930 79
137 2761 9049 8587 9911 8253 1195 423 4880 9462 4011 4008 7713 1571 7320 5507 3894 6613 2340 1105 5367 105
138 8181 8056 7444 2103 8710 7649 1605 9114 4770 5559 2687 2142 647 2001 7699 4107 7153 7240 7669 8193 4855
139 929 8890 7628 4121 4470 1968 7917 4388 6937 772
140 7792 3664 2848 1907 2459 3590 818 9512 8266 352 1469 9282
141 5346 5637 8950 7069 8012 6048 6916 2184 1186 5267 9139 7995 6899 4957 3006 7438 1274
142 7408 9517 6387 7201 1156 4112 7852 4731 7472 1667 6089 4614 2736 6428 4639 6271 6030 8470 4314 4107
143 6724 2431 2098 5293 5144 8476 1028 1279 6790 1465 7179 2013 7936 6303 2773 7180 1353 6021
144 7461 5949 7714 240 4116 6982 4779 3824 8585 4328 3476
145 5687 6909 6961 7708 4099 3044 6750 8186 2393 5028 2960 8044 7507 3411 7101 5323 5607 4647 9007 9615 6139 4985
146 9110 3084 1431 9673 2213 3831 1490 1562 6611 6355 8408 5846 7454 8172
147 7351 9791 5605 8554 1963 9207 782 7743 6113 7146 2896 8947 2611 4521 7694 5112 820 9965 3753 1042 3630 7699 4985 5322 3830 891
148 1696 3054 778 5612 6518 9652 2215 9844 5002 7325 6515 60 4053 2183 3023 2322 4707 3728 5643 2288 2 7153 1085 1383
149 9156 8766 800 229 7631 8358 9710 8646 4407 3060 7547 7088 1984 6592 7599 8462 4803 2670 3004 1668 9075 5341
150 4767 6523 3045 822 3580 887 8263 8025 7741 6744 8228 9990 2169 3061 3758 5401 4624 7762 3936 1668 3982 6778 8644
151 6276 2007 5558 6321 6807 6919 9102 5003 2558 2908 2805 3672 1524 7587 3261 9615 5437 1546 4035 9848 3753 979
152 2785 4993 4043 5744 7487 2289 2705 4347 8775 8845 5660 4921 1335 1912 9139 1670 1429 8043 1454 7153 6778 7379
153 8862 983 2421 8298 8425 9305 1640 7854 9831 9164 3907 1121 2365 2979 367 6470 7001 8386 9777 7949 9374 6547
154 5858 1663 9316 8433 5086 6291 2965 4312 5840 9795 5528 4941 7653 3158 9397 3799 2414 5437 8495
155 1142 5023 6283 7765 411 6305 281 7610 4093 3776 4923 7960 5908 7734 2855 8980 2933 4619 7533 6390 9160 7517 9533 3877 3074
156 3629 5280 9424 8597 3482 5068 2074 3041 8092 9418 7979 6895 3885 839 9351 4144 8134 5748 569 84
157 2869 9112 5467 5204 135 3733 316 926 1188 3393 6360 7044 9301 4787 7795
158 1138 4237 2036 3021 7961 1950 7235 4562 854 120 1049 7688 7759 7400 4908 5989 1580 3869 1871 3783 7992 4423 3012 3074 9129
159 1600 7673 5674 3036 5263 1756 993 5477 871 5335 3739 7428 6460 145 7538 5038 420 5784 2182
160 2550 1471 8552 4241 6379 8805 3494 9562 6910 6351 9013 729 4855 399 4812 8780 238 8832 1429 6327 3521 1531 365
161 1056 69 914 2341 1039 1927 2190 5713 3576 1195 2715 7225 4357 7367 7511 6715 6547 2100 7709 9510 7699 2962 7652
162 472 9011 6152 3600 8821 1169 718 8194 4378 6404 2229 8406
163 1263 7173 8803 8057 9398 3634 9408 8998 6506 7127 3935 6888 6688 3259 2630 1299 2943 7787 6020 7413 7438 6945 7153 8134 321 3830
164 4505 7365 3108 1987 9476 917 888 7861 3326 5389 7410 6680 8887 5465 7932 1871 9132 6675 7163 1986 9048 3395 7249 5688 9013 2187 1383 4314 3032 6949
165 1394 491 8717 3920 766 2682 1683 4206 3998 1812 1375 3432 9270 5326
166 5134 5867 2716 5999 5732 1544 3338 3966 3383 6088 6756 4948 3434 8387 8716 9545 3926
167 480 684 4588 6377 1708 777 6359 3880 2286 348 9463 6 3772 7519 8022 6671 7438 7213 949 5304 5775 7732
168 6609 4914 6905 1608 973 6254 6087 9671 1873 6140 9765 6567 3905 2028 9129 6401 3089 1548 2792 7541 9461 4664 2437 8293 7087 8491
169 291 2446 7807 5186 2676 9015 6742 2857 4799 3368 1868 8227 7730 6258 2049 2679 8439 1363 1981 9444 5099 9669 5044 8406 2615 569 4035 1774
170 1453 8850 6337 3486 8272 3625 397 260 7733 7193 2204 2249 2752 5251 9549 8116 650 3089 4060 9075 8134 3012 6360
171 3015 1064 6092 5609 58 5814 9501 1341 7237 2326 4791 3374 1904 9789 9036 9007 4622 4797 9560 9453 1353 3163 7153 6622 1731 6861
172 2004 147 2800 2299 932 717 8561 6002 5954 875 7176 5964 3012 9224 8125
173 4354 6627 5552 4698 354 4712 3050 7071 2766 1160 2696 5647 8773 8668 369 5704 4266 901 7736 7029 79 5326 2288 4168 935 9858 9843
174 1576 5320 3632 9706 5047 1619 9621 5077 1972 2698 3606 6134 9483 4311 4526 9842 4909 8512 1534 9968 7652
175 8416 6843 8103 2515 6409 7156 3536 6176 3677 7737 3458 9970 3468 952 321 4604 4909 3521 2595
176 3990 5582 2531 5961 3429 4532 9862 809 193 1800 5242 2945 2898 1343 2193 4236 4901 2962 321
177 3655 4359 8526 4232 835 7294 510 1396 4610 8155 8829 1196 4379 6130 867 7795 7732 2643 2327 8994 8130 3584
178 7341 5538 2329 4975 8834 1960 2171 2693 1730 1246 2420 6145 1606 7856 8133 1710 4886 1869 2699 3240 9113 3113 7902 4170 5412
179 2453 7197 3116 8731 6426 5831 8557 6706 9543 4923 6240 7456 6258 4027 9545 3023 5715
180 3075 8490 7859 6188 6795 4228 3071 5331 5520 9392 8442 4337 1782 5321 9659 8794 650 6737 8663 7968 3079 4035 3602 6416
181 3502 6735 2444 1760 8676 5779 6834 3904 2008 6481 9348 3665 3700 9649 8462 7886 1668 5849
182 1741 4033 2529 4487 7675 6358 5260 6460 2377 7182 5048 203 1213 3926 2527 9825 7688 5029 5921 7806 3012 259 5715 1289 9139 719 979 2643
183 8824 5915 7739 5153 7352 1043 3329 2087 5494 3309 3812 9991 2732 9484 7630 3820 3432 1150 1256 6744 1134 7833 6938
184 9812 499 1276 5738 2467 7045 2332 4284 5345 2096 8741 5445 6953 7902 8947 8021 9669 3894
185 355 9650 1641 431 8468 1000 2519 7005 1596 8386 8489 9196 1810 1393 5784 2349 5962 6946 2114
186 5119 1587 6867 4559 1658 3279 4818 5796 1607 8324 4708 2857 5507 2343 4974 857 7355 1105 9848
187 6555 7689 507 9062 866 6616 9661 4242 3910 6798 8092 8230 7950 2505 6920 6454 2404 5885 435 794 2630 9757 6161 2643 427 5848
188 6386 7680 8714 7678 66 1550 7027 1127 9714 2116 7040 7110 5030 2875 7023 5323 6332 9270 9444 4362 139 2240
189 4781 7775 6299 1367 1371 4795 6334 4276 8313 7683 6326 7950 1583 4253 1289 6151 3543 9347 7652 3783
190 9800 5215 734 8200 2621 3269 6623 7489 7839 5164 6274 3942 1332 9573 2246 5309 4866 2437 221 9968 7762
191 5651 2727 8799 2223 5650 7076 6713 2698 3666 7136 2503 7864 5715
192 7476 7544 9186 9313 6417 771 5843 1102 7983 1463 3497 3220 8078 1986 1750 1833 5064 7413 8147
193 5481 7801 7788 154 3072 7385 9379 1339 7454 6687 3766 7449 3207 8814 247 321 1058 6538 4953 1383 8711 4624 2288
194 9902 5666 5854 4528 1488 8008 1814 4647 9219 7944 3830 7652 9968 4326 2858 5448 7727 694
195 4963 1104 8966 5864 1495 4858 9311 9656 8402 3077 5771 2804 3981 6554 6453 6509 545 106 4385 8125 3261 8711 8487
196 4195 9155 6201 1700 3370 3676 3853 8579 6014 2612 9896 417 3314 4199 7652 5386 2704 321 8344 8116
197 1482 6227 3995 6912 4259 7622 4690 1374 7474 736 2010
198 2186 7627 8254 8930 6224 5581 1932 3226 7407 7409 3109 3756 3897 1067 3146 4828 5689 3493 2128 8644 5400 7153 732 9842 1601
199 9558 1146 9657 5101 4293 9416 6186 2237 5517 2970 3830 4093 7526 1154 6369 3125 8533 4189
200 8556 6875 2745 5080 9977 3061 7177 362 2353 5383 483 6058 3135 5142 9988 7666 6236 6545 7410 3240 7055 79 420 4180
201 7570 2987 2141 7686 2495 3745 8973 4489 2539 8389 8342 5772 9580 550 3427 7602 2577 8235 8140 3379 199 2611 1125
202 1193 3609 4594 519 9701 3735 5313 4356 5125 2423 2183 4679 2346 1060 5848 6549 6584 1121 3775
203 5041 4686 9771 1656 2562 2424 2894 9279 4278 7434 4878 7933 3964 819 8871 3376 7419 1150 2182 2768 5507 2005 2957
204 6051 6869 7841 2062 6933 1843 9918 1705 7676 4468 2865 3114 1623 8220 4909 1979 3403 2735 177 7596 6115
205 8507 466 3479 272 7030 4693 4431 1035 9199 3005 6641 2623 9493 6153 5962 8613 6258 3097 8751 8599 8431 1668 4985 2986 7759
206 4534 1893 3452 4520 7217 1109 4037 5391 450 5270 3080 4210 6677 7219 8494 9374 19 2533 7560
207 4177 6558 9236 6233 4709 2740 1808 8672 7364 2668 4289 4564 3675 8121 30 673 4154 5340 7153 985 5053 9007 7782 2986
208 6302 4065 269 8453 5566 4034 2827 4544 4418 3305 1590 2707 3334 9104 5322 5411 4060 7105 5821 7929 3377 9075 4377 726 3635 3543 457 1149 5880
209 5218 4496 8942 5328 627 7931 1835 4979 9086 7254 8531 6987
210 3410 2375 9633 900 4745 8481 4084 9668 7618 1368 4313 3035 5304 3944 3842 300 9412 4891 8982 1611 6020 9930
211 2781 2125 7564 8881 8819 9041 2026 8315 8332 9247 9089 8785 3435 4680 4442 8069 8491 3363 7133 4909 8812 7864 4314
212 9248 6295 6860 7904 3862 296 394 5861 8705 6479 1153 3762 3777 7671 8780 1178 8287 7762 7012 2175
213 5066 8650 9238 2305 6202 8647 2603 7007 9405 5360 2104 5217 5719 9463 8251 1784 5848
214 4949 4162 2228 6659 9721 613 3581 1407 8571 4983 4737 26 244 3513 4035 9265 6044
215 5953 1045 7907 2713 9466 3703 2651 5179 2167 3784 4151 1191 8841 4814 7756 5869 4855 2643
216 7038 2770 2722 9098 1985 7104 1877 9318 4110 3506 9168 6344 6292 3074 8406 5445 8728
217 8474 7370 9586 9559 4414 3847 1775 4261 883 9029 797 5882 3729 4760 625 8130 8491 2670 7266 4170 79 7762
218 3129 8673 5773 6531 2935 8185 5061 1197 1552 3362 6913 9491 8788 8982 6289 1555 8733 3586 9007 4967 8069 2327 4362 3077 9842 9050 7949 79 5962
219 2055 157 3652 2080 5239 138 4636 4007 9283 8781 1564 598 7756 2668 412 4192 5873 7790 1190 1979 450 7053 6778 6672 2666 3758 5715 6635 3012 427 7762
220 9395 5813 4548 6042 6365 2938 7946 3681 1864 8856 8539 6621 8223 6298 110 4402 5775 1216 1401 3641 7342 6451 3750 6554 5762 8125 5948 4129 8209 745 8670
221 6415 3165 3626 2610 3128 5454 8631 1288 3779 4916 6269 698 4786 2109 4199 979 6692 7940
222 7368 6395 7909 9119 9172 5841 4376 2072 8601 205 245 8609 9299
223 6211 8798 6391 7406 2214 6418 4792 8807 1097 9975 9969 5412 9353 6733 3543 8908 6487 979 4494
224 1059 9783 6077 6544 4857 5020 6767 7617 1999 9511 5764 1931 4326 1116 7426 7813 5095 7280 8711 4352
225 986 7388 5560 4339 6693 140 4740 3065 1405 4368 2263 2240
226 8327 2275 4015 7142 6124 3557 9027 4238 8838 7050 2033 1847 3554 3905 850 1401 542 211 1763 2264 8832 5219 4326 3077
227 2797 4077 8859 9359 9402 6557 3866 1255 9300 6161 5088 1560 3801 8484 3753 207 4628 2555 7429 2240 1085 4179 1566 1979 8994 3877 4824
228 8429 5563 9291 5296 4349 2903 402 1793 7786 3833 2990 8867 6357 6141 9138 5917 8069 1042
229 767 1828 9001 2244 9364 9666 2959 1201 1562 425 9377 8176 9646 1826 3262 6503 6778 5412 1139 9215 8450 6054 8685 7949 7254
230 606 7970 5206 8975 7396 265 8375 5904 7126 5283 4561 3956 6161 6465 7 238 949 7884 8098 6143 4222 8387 6482 2962 6547 642
231 9440 6796 102 6398 4623 1329 8728 8418 7505 5693 3726 9088 3757 1406 2699 238 7270 5543 1358 5248 1942 3023 7575 7919 9842
232 5120 8564 2500 9163 9926 5526 6320 5539 9369 8160 2874 5445 6922 155 6537 3186 3433 5869 9003
233 2576 8377 2454 946 1980 4746 4187 5592 342 1246 2414 640 1383 7817 8844 581 8235 6938 4362 9138
234 4421 5604 415 9264 8052 5203 8419 9384 9758 7316 3700 8559 9215 2650 1442 5099 5700 8794 5880 935 7219 5437 4199 3586 1668 4660
235 9816 6894 1813 2185 7274 4959 7534 8532 791 3053 1347 3948 1134 7120 8015 6509 4314 3877 9244 7438 3817 6613
236 49 827 6510 7099 1327 1234 7867 1754 8623 8912 1979 5683
237 5865 441 8693 4563 1017 6981 8037 3603 5541 3579 5801 9010 4057 2384 2516 5383 3232 8907 5295 7949 6975 3285
238 609 9071 4381 404 5190 6564 4358 5348 5429 8227 3764 752 7247 7473 774 828 7850 3914 6465 2422 2121
239 5121 9302 3500 9415 6832 905 4984 3599 4031 5129 8848 7120 1134 5446 843 5412 8671 5715 6938
240 239 5192 9448 9094 5525 3767 5042 4416 9115 2744 5308 3827 2733 6799 9997 9979 3006 1560 7575 7088 2422 1256 5677 1750 8580 6920 1429
241 5986 1582 4612 9845 796 8958 3715 55 1410 9273 6604 2113 1287 1905 3117 3877 199 7204 7883 5277 7179 1670 2047
242 9847 2972 5522 9627 8003 7808 1032 6223 9304 8078 2808 9290 8964 4787 7880 5248 1343 916
243 153 2886 703 9772 65 131 3011 7524 7754 6470 4377 2240 5412 2288 1890 552
244 2718 5395 7215 1767 8400 6732 6244 3343 236 4912 5471 2220 1328 1524 4531 935 79 2128 1674
245 9237 1346 1944 6565 7366 7451 2753 489 1063 7333 9964 5895 3319 5099 5322 7874 9788 2 6082 8528 7481
246 4194 1654 9603 1803 1128 1849 1215 6018 6483 2975 4909 7240 9032 3074
247 7697 3153 9735 8260 3392 117 9871 9340 3454 6530 8046 295 2412 5584 5448 4717 7392 2962 5462
248 5983 330 5845 8898 3547 6802 9324 4282 3249 4161 2359 5839 4028 1441 6067 9990 412 9533 9075 683 4020 2790 427
249 7389 3151 6354 666 1226 4193 4333 964 5863 7696 9319 3277 9181 7509 4123 8968 9795 7899 9453 9050
250 9375 3441 997 8477 1270 5930 8703 3018 3172 9933 7437 3463 9848 7 3304
251 3696 3242 7955 4372 9521 3291 2807 6800 3313 1065 9734 8698 1370 2413 8591 880 279 2685 4985 7545 901 6827 1343
252 2143 9080 6428 2499 8444 2649 7745 5329 8844 7167 5339 7160 9809 6744 4234 6440 3977 477 2345 1058 8994 2986 7709 843 3463 8125 9842 979
253 7756 6309 3648 485 780 528 8934 6153 5818 442 1848 3203 9523 2064 9133 3106 3811 6300 7296 9942 2251 2155 2986 199 427 9160
254 7383 90 8795 6469 2883 928 1050 3561 5709 7977 8390 9253 3043 6606 4456 7039 761 399 3377 8812 3074 5212 6082
255 7059 1041 6425 798 8570 3270 6654 3563 3771 7377 7048 9778 9995 5783 1934 7521 9545 76 3885 745
256 1644 3620 4697 6129 7776 3127 3702 9830 5849 943 3856 7922 2992 1137 7791 663 8876 4539 7864 6534 5677 2867 3380 2058 8711
257 7170 6064 3271 4692 8252 6977 8066 2203 6029 9823 4898 4822 1242 5163 1952 264 7762 4783 3894 9990
258 6136 6164 2852 4809 8889 5589 1790 3229 3671 5490 7922 2690 3839 9294 8105 5351
259 7020 1527 400 29 6036 8796 823 1273 5286 6759 4071 5507 1879 250 352 1979 3103 5437 876
260 2002 5896 3046 7499 8371 1330 6675 4574 6996 5450 9793 9551 1053 8902 5893 6458 8212 2489 3783 9834 4901 8406
261 9527 5696 2779 8744 906 7405 1637 6290 1557 765 4400 3043 3737 1589 6044 450 6054 6635 2704 5149
262 757 5824 7306 4472 7881 8600 4011 9200 7894 5630 5794 2902 590 8109 4943 2474 4401 8462 9265 3342 9160 1496 8566 447 2555
263 8236 7779 3034 6445 9130 3846 9275 4802 6691 4870 3244 6341 4367 3700 6647 9197 9957 7289 5326 5862 4728 8831 7240 1079
264 9457 1224 8239 741 6242 9939 4896 7703 3885 9589 7355 2013 2189 6817 565 3877 5715 1299 2288
265 9935 735 9655 6707 3989 6094 14 8503 2415 3757 930 6918 8320 9836 9325 1613 8830 8125 552 4377 2323 5583 3885 3936
266 9428 7692 2078 8460 8198 3945 5910 3691 444 2578 340 226 9403 8088 2927 4958 8092 2555 3304 116 1121 3894 4752
267 1247 9540 141 9764 8427 5226 8111 4045 9991 4216 3714 3414 6195 32 6349 7654 5762 6670 8058 1496 3032 3885 7153 2962 7883 2240 7699 427 1083 8387
268 6989 710 4819 546 1632 8810 5816 8506 406 1455 3539 2717 3199 8131 3602 9404 1415 7997 730 4457 8644 9007
269 6511 8770 6267 7042 5407 5913 9510 1413 8183 4782 3241 9992 8265 4455 4811 96 4071 7198 8290 9777 9374 5821 3827 7517 5437 6258 6404 569 5340
270 1316 5398 4323 8014 2968 4361 7082 5265 4344 6608 3981 5471 4069 3894 3885 3877 5657
271 6189 3582 1742 3523 7687 3637 4900 6057 4002 7749 5105 1339 3751 1501 5567 2966 3354 7984 4988 6938 6467 2288
272 3288 8257 9101 4935 4197 9654 8708 6275 4919 1923 6886 6084 2856 3163 6489 2260 1625
273 5667 4653 7043 8509 6620 8543 9766 3510 1496 5029 6219 9114 1710 2704
274 7232 7186 8782 5569 6239 5529 831 4830 2666 6078 412 3491 7762 4020 7699
275 5531 8514 4727 1458 9898 83 5798 8247 4469 2427 9406 790 3043 2288 5485 8220 5248 447
276 8530 2358 6264 5763 9932 9078 9414 3172 6700 4124 6306 5241 1103 3184 311 9518 148 4539 935 5019
277 2164 5799 4625 3322 8471 5373 686 2105 4443 5998 2013 1348 9175 8087 8994 2981 9051
278 616 9039 9583 6838 9585 7789 9730 4592 898 5703 3748 1299 9750 3982 5957 7652 3012 3758 2904 3521 6327 5547 9582
279 7251 9116 8013 4807 9938 7397 7161 8709 6469 2627 7868 6692 6258 6021 79 5412 3012 7883 7413 3965 5034 644 8937
280 6942 7313 1614 8051 234 503 9541 5934 9232 7105 7820 9219 1821 7542 8491 3023 6924 5187
281 9383 5810 219 9775 6698 8961 7875 7553 7543 9827 6038 5181 6765 3584 4527 3004 7762 1058 169 991 5677 4035 3012 5352
282 3693 8123 3711 1707 5097 3837 8495 7640 6287 8212 2340 2121 7506 7880 8153 7821
283 3918 610 4295 9581 5 3852 1598 1048 2201 159 5501 912 8188 2346 3543 5898 748 7457 1358 4356 5307 9298
284 4838 6507 4254 2191 5172 8148 4929 8534 8826 7314 7077 4345 1809 5692 3470 9968 6402 8125 6170 9842 5219 7740
285 7262 6105 9245 8042 2593 2918 3331 3215 3650 4314 692 1248 8994 9404 7653 420
286 7369 3796 9916 8645 632 3643 5899 7423 9190 8686 1238 7248 9487 8068 9903 6672 7736 3113 1299
287 799 2355 301 1309 1051 4432 4665 2875 4735 2416 6216 2882 3823 7713 8193 6661 7481 5783 4619 7762 4377 9852 7949
288 2031 5147 9865 3855 8206 2497 1665 9414 8492 5772 5502 1499 1542 5859 5860 7240 2240 935 7153
289 3405 6568 4258 6619 3014 8612 3624 7747 6935 6190 5942 1916 2795 79 2643 8211 6584 6464 5038 925 7153
290 2238 769 6431 8142 9276 3804 6599 9685 7285 8302 1818 5838 4245 6470 8284 9086 7029 5767
291 3183 1543 4937 667 8026 9056 4181 6781 437 2304 3836 2791 9358 1534 9565 3104 3376 2389 2555 4176
292 6556 1004 578 6525 5369 5870 2127 2553 8600 984 9994 9811 4326 9842 321 2025
293 7559 8215 5530 7537 129 1720 1352 5247 4944 6851 6424 4128 707 4967 1841 4884 4531 9244 9007
294 1095 4342 5482 2140 3808 3941 5257 9153 5229 5740 6175 6540 6712 5478 9436 577 6326 5964 7880
295 8488 421 17 3560 7318 2160 7036 2917 2124 5327 368 6547 8348 6296 369 3545 2480 8920 108
296 6112 3178 5368 6209 7125 6658 9335 2399 5050 3708 2579 2538 2192 3752 5448 7096
297 4106 4391 8411 4272 1930 1962 9465 5715 1681 810 8505 9371 5208 9173 9139
298 5430 3265 6000 4117 3840 7848 4150 8269 3997 2923 8885 7415 4956 9216 8618 4475 2198 1287 2439 3894 6922 4340 2288 8716 8387 9007 9533
299 6921 492 4714 5211 2526 7093 8762 7363 4976 2481 2790 4056 5096 182 2412 3006 1123 647 101
300 1964 6865 6022 9171 8234 8282 4962 4942 6519 3665 1423 2210 8145 205 7086 4691 8125 2904 6635 9224 8994 712 7266 8499 2617
301 971 7798 2989 9818 5835 1688 7050 9109 2236 1176 3146 2003 1638 6613 3949
302 8981 9937 688 4212 5075 6336 1315 5017 8005 6351 9007 8842 73 1043 7021
303 6496 3668 9195 4719 2850 9231 2256 8434 2915 7787 8894 425 3312 1242 1670 8340 9873 352 7267 4965
304 9285 4587 9578 4032 5470 13 847 1762 8449 5175 7956 9362 768 3836 1534 2555 5386 8345 7652 7762 2986 8495 8688
305 8466 5751 9674 8837 5535 9259 6410 1929 8083 2114 9645 9478 6457 7740 6044 7120 3316 1984
306 9626 5645 6748 2065 3754 1380 8004 8816 6318 1187 5288 7037 8848 2870 6026 1647 5212 420
307 9579 5294 172 9349 9755 2893 5901 1961 9928 165 7331 4243 9481 7360 2810 2486 9757 4507 707 1385 6687 3207 7762 4352 1625 9178 4967 7575 7698 183 5507
308 6526 18 9179 202 131 2601 2970 6736 5504 6385 1305 8331 5268 3550 5802 5006 7456 4385 8341 518 1711 862 6270 4286 569 3103 2615 2537 3160 63
309 5273 1727 9209 4097 1672 8789 3642 5011 8918 6101 2866 1105 9107 7026 6327 6547
310 4132 3572 6500 7054 3227 8840 5728 8478 2319 2339 9309 7399 5596 4442 8085 2401 9260 6406 2304 2666 935 7709 3111 6528
311 3994 7770 2884 1697 3319 4845 8677 8720 6863 8275 6310 1336 8878 8566 7984 8711 9120 3513 1348 3074 2552 695 7153 9533 1260 5869
312 6776 9948 6452 5094 3016 7937 130 6695 3231 5534 6635 8005 6258 3894 8316
313 895 1622 2079 7486 2074 6979 2929 7525 9295 3304 2787 4584 4051 847 663 8009 1761 728 463 6967 7652 5543 4855 6482 6538 9615 2773 4958 4824 1668
314 3535 6477 3409 1940 3669 2721 5072 53 7822 7582 2837 3858 2925 9495 4400 5514 2867 30 1524 1496 7883 3982 5340 6538 8624 3586
315 2819 5158 6666 6632 9524 5606 3284 5364 7172 8965 745 4561 1557 6428 8104
316 7309 2107 603 6117 5587 6572 8759 4933 2173 527 3521 7795 5412 863 8431 8067 4377 8678
317 5875 5737 6959 6480 5950 6777 2638 8811 2725 4970 9217 8687 4340 6336 3012 7997 3633 9474
318 2639 6590 4688 1364 9866 5388 2168 4879 1978 7657 8518 7988 2983 954 2304 2480
319 6859 9159 6512 4081 2315 8294 9255 1865 220 4742 8594 7159 376 8864 4926 742 1858 4855 1745 7736 7355 310 6285 2986 4004 9083 2327 1238 6141 321 7438
320 3743 2391 555 2344 7551 2591 4832 4616 2976 1425 3983 851 9347 1465 2737 2962 8797 7055 7713 3914 6793
321 8363 379 4695 7647 7393 5150 897 5234 8163 9376 1220 2063 4309 9537 2288 2407 2900 1752 6465 860 2240 9637
322 3117 9526 5947 1210 3200 541 6827 4846 7997 9970 6811 979 5848 3936 8722 4109 925 4453
323 9625 6725 8143 9676 3607 3308 5958 1403 7013 5111 7725 7244 2383 5815 7659 2101 3783 4343 76 2983 6712 4728 1534 2288
324 8603 8635 4590 8216 2314 9000 7062 9211 7148 1025 7874 7133 2486
325 6505 7119 1779 137 6671 2464 5876 9012 649 5785 3567 3208 6352 9453 4256 79 6407 9607 1091 6101 1289 259 2555 4352
326 8952 8583 6890 4778 7293 2310 401 4510 5623 6997 516 39 525 183 3376 5446 1552 2
327 2709 9145 3230 5193 6266 6892 8403 9281 4884 1798 77 2856 1253 9372 2407 8539 2985 3792 1815 1557 8910 2029 1042 105 2155 9199 5340 6938
328 6397 3512 6543 5734 709 9499 1859 3485 5509 6631 9551 4955 2402 2771 6538 3864 5359 6001 6692 259 9848 3982
329 440 6166 5375 2302 1838 1753 216 2195 4783 8287 2962 3051 8185 608
330 6646 7440 6770 9763 1365 3298 2629 5553 2000 6686 1642 9103 2978 9659 5339 7949 3877 9930
331 3238 6771 2232 170 1669 9262 7191 8448 908 1093 662 3003 6498 7831 3102 8528 1934 745 1238 1739 4091 3032 6938 79 5962
332 255 3385 358 5684 8086 7074 1232 2683 5758 7210 9090 2387 4045 7199 1900 9013 1601 5219 1523
333 9804 8122 4924 3527 8113 2491 970 1206 5512 1772 2439 390 9775 9083 3902 7012 1117 6827 7438 750
334 2211 7435 3156 3066 7865 3699 7064 1105 7623 5803 7308 2197 3675 1668 9387 8062 476 9301 3877 569 5848 1774
335 5169 9401 2594 2440 7498 5690 2264 8135 9151 6434 475 1324 1822 559 1731 8470 4664 2986 3584 5219 8150
336 8374 7137 7719 8218 9758 1752 2833 3373 5366 9946 6712 751 1832 4438 1625 5871 3427 4340 2 838 6538 7153 6054
337 575 722 380 4772 4409 3424 6343 727 2858 6423 4638 5653 3533 5885 8832 4667 3830 9374 5437 412
338 8997 5992 1746 1073 9717 312 7200 7663 9261 6870 3381 4982 3408 2962 4901 6465 7185 2340 7949 5962 8994
339 8758 5797 1903 8988 5973 6222 2822 6436 3235 4517 3275 9077 7044 9436 8651 5112 9337 4350 6584 7153 1542 4664 3982 7087 1148
340 6149 1686 3086 5628 1086 6741 2247 8464 166 8572 5062 5379 881 8888 2340 7949 3363 2288 9027 643 3889 8293 8910 2 760
341 5661 4575 7452 2616 7846 9984 4497 2027 2488 8118 1717 4670 7972 1765 6482 8663 979 7895 116 1216 9160 583
342 8136 2674 465 5055 1567 1398 1092 8882 7285 4310 7513 3532 4327 45 9197 2652 5898 5636 7736 523
343 6824 520 5926 4292 918 5781 8671 9884 3555 9807 720 6778 7949 3936 6482
344 2301 5170 5160 6263 6574 7796 1588 7338 5381 1058 7746 9301 3758 4901 5833 8896 5064
345 3927 4070 558 6217 7065 4483 446 3528 4909 7568 4736 1083 3051 2473 8830 5546 7709 2951 5677 1625
346 8249 5724 1136 4605 3189 7041 7567 7291 4669 2285 6991 3720 8129 9197 6424 574 9301 6534
347 3746 6944 6947 5431 9876 3256 8372 5996 3870 7997 7695 665 5677 7565 1454 8484
348 81 2834 9908 6177 3182 9678 3818 1271 2465 1351 8049 7851 4855 367 4325 9705 7698 951 6827 9007 935 5880
349 8278 7824 303 7844 7354 9026 3701 5726 951 3 6030 5511 3344 7395 1091 9370 2114 511 1950 4020 9654 7012
350 7691 8084 8357 9018 3456 5098 4546 3397 4994 2483 4334 2618 1137 9137 8599 1395 468
351 4171 2881 9747 8405 8438 8662 868 8333 1610 6123 3794 4765 393 3064 7456 7055 6101 9968 979 5869 9060
352 3431 896 6705 3959 7598 6880 2877 6490 7965 5600 6903 1009 2325 3810 5385 7517 9955 992 5572 6413 1984 3163 2456 9244 3894 2060 1625 2643 9533 5715 9968
353 4613 8595 939 3697 5997 8242 7298 9470 3027 712 6758 8893 109 4628 7759 3380 7429 199 3936 4129 321
354 4661 9400 1925 756 3883 7637 1 878 9936 5756 9045 4677 5007 2120 254 5163 2757 4269 2518 1505 9533 9990 7736 3074 6945 1293 2533 2790 6960
355 5255 977 27 3564 5298 2560 6681 4249 9749 569 8851 921 1248 3537 4978 7852
356 7278 8666 9708 6893 9385 5980 2669 9070 1451 3798 8659 7496 3509 4997 4988 8907 541 2704 4404 3873
357 6810 4788 8421 5941 6628 4635 8938 6204 1349 1508 1005 1311 8908 3982
358 5634 7981 212 3805 8757 1141 5755 8786 6076 9218 9244 7641 1261 2643 2673
359 2708 2269 5342 5670 9713 7238 1219 8852 3736 5578 7272 8599 8396 3832 2839 7569 6458 2064 9160 574 2790 9903 6986 3936 7379
360 9386 8171 2767 5925 8661 4565 1901 9223 4946 7974 4739 9426 6709 9129 2209 6178 6550 3249 8812
361 4576 5059 9591 4579 6597 3876 6878 708 9979 9286 2085 454 6955 5248 776 3543
362 547 4104 2317 947 1231 3082 7095 7260 758 6005 2728 6946 3524 9565 2146 3561 7439 9270 925 6404
363 2825 7611 8362 5035 4127 5951 1240 5401 8376 1484 1145 6312 467 46 4558 1149
364 4225 7804 6230 3447 8936 4145 51 1373 6462 4743 8310 677 8987 1979 2735 374 979 4311 8140
365 8927 7414 3661 8555 1778 9356 6772 6020 1920 1179 3152 5678 4045 223 3155 2175 321 9533 7239
366 812 9904 1628 5434 8124 8081 7892 8075 5597 4437 4764 475 6768 8706 1443 1868 6815 8732 1670 321 8883 1611 8922 9075 4415
367 2242 4153 1294 3939 4535 8483 7243 6413 8713 183 3968 9669 238 259 9688
368 8045 3345 3577 9718 2774 1866 8962 3404 8106 324 6028 9903 9842 7413 3553 9404 5860 847 2333
369 7546 6906 5850 37 213 9492 2254 8446 9903 4004 2398 5339
370 1481 1884 5787 4135 5168 7246 7945 7116 4260 2128 9808 3602 979 6021 7324
371 4063 305 2058 5484 5436 5067 5141 541 7934 5945 3704 3020 6167 4641 8030 5451 7234 6545 2013 2962 7732 6061 6986 569 3012 6614
372 5387 7616 5292 1297 1055 287 6808 5271 2559 4324 3219 2149 5762 1411 4393 640 7607 5698 6844 9292 5201
373 5508 494 7174 5852 5196 7323 9368 5855 8562 5607 7337 4836 7998 6001 1243 3023 3982 8910 79 4624
374 2885 3148 8138 7576 6130 6914 3593 8319 4571 1344 4174 7267 2475 8355 813 5767 7790
375 8010 8035 5089 5868 5230 2583 7811 5183 815 9781 6570 6047 3012 6099 5862 1956 5219
376 2030 7924 2994 8231 7275 345 6086 7056 5483 2907 438 521 1846 2327 925 7413 3830 7077 9691 3659 3710 1675 8134
377 5906 2820 7720 6683 1281 5250 5209 6966 2458 1272 5362 955 2818 4542 6085 5270 8193 560 1181 5412 7575 6547 427 8994
378 4215 9167 8630 2838 4694 858 6121 5433 9604 3782 1079 4457 6327 3792 7751 8832 7066 8830
379 62 4905 8808 2369 6234 3425 7722 1422 3366 4077 2955 4068 4824 6153 2426 719 3074 8491
380 1387 1889 9819 2134 1222 382 762 674 5349 5299 9751 1216 518 1249 9544 3830 1252 5715 6014 183 2469 3079
381 1228 4413 4609 8560 1955 6726 198 7951 4302 1734 3520 7629 5702 3723 7314 8634 8248 2732 8406 9461 238 3877
382 6470 6278 3069 931 4441 4390 5013 8164 9363 3533 991 9043 5788 8893 7553 6487
383 7554 8919 372 1194 3860 4296 398 5064 8284 5880 2148 7483 1296 7455 6855 5715 2679 8994 7883 935 1010
384 7347 5054 1941 8746 9519 8264 6466 1627 3996 6774 5182 6970 3028 8722 935 3623
385 5676 9675 9841 4796 6934 3976 660 7728 8948 6362 8535 1769 6429 1570 8614 755 2095 8189 9224 7082 6677 8450 4340 2962 3602
386 2463 2633 1277 4095 6717 2566 5402 8457 8456 6550 1723 6773 3937 2270 2943 8387 4815 7219 1252 1125 6778 2426 208 5848 2760 8212 7438
387 9331 3132 6829 6488 359 1164 6771 28 5264 7629 7362 5365 7226 8644 88 1238 8994 183 8212 1774 5515
388 879 2540 6818 1126 1579 721 1520 7359 3521 162 8360 2240 8188 8150 2340 7519 9533
389 6474 6917 2524 2542 4820 3610 3789 7693 6040 3795 6891 6836 9702 2844 7049 90 4399 6920 5762 3331 3885 2439 9301
390 8800 9802 6174 1445 6010 8392 3937 7857 554 7751 6218 374 2239 7340 2115 4705 3750 8140 5643 1066 208 2752 6986 2 233 7001 8830 2630 935
391 833 968 1559 5972 5990 2794 6967 4152 7132 1679 1252 4828 7782 2943 5156 1752 3074 9007
392 2067 919 8916 8440 3496 933 3575 3489 300 3819 3296 2102 6228 2175 3936 5458 7193 935
393 739 8286 4572 7495 5107 2777 1174 5177 7261 8064 3823 395 7948 8713 1731 2 5682 7736 6044 1145 427
394 2543 9906 9682 6576 6504 6104 2452 43 7121 3803 3806 1185 8912 9607 3079 3541 132 9075 4636 1956 3320 9224
395 3656 5161 8459 7192 948 6716 4522 2051 817 1981 2271 1993 6737 8958 8491 4692 3316 702
396 5795 8447 2024 8996 7491 3394 5370 4965 7806 9883 5677 3293 8994 8671 5155 9968 6534 3543 2447 4234
397 8196 3657 3134 3327 522 1376 6749 3468 8296 1050 4449 8841 5214 8644 2109 7699 5443 5145
398 8011 4602 580 9381 8956 5877 1853 5995 4757 5355 673 5638 2569 9138 5457 7429 6146
399 3597 3592 1801 9600 2192 9423 1805 8018 2769 2859 3964 8756 6467 5457 1260 4434
400 7141 3159 8592 5439 5220 61 4658 4577 1177 1719 9594 3875 474 5216 4689 2954 9720 2892 9903 6669 9185 1799 5090 6465
401 8790 9743 1652 6388 7503 5374 4257 8119 2050 6753 5902 9480 1446 6082 8722 745 3106 9197 4901 3164
402 6396 2580 2746 7748 9085 6968 6133 7009 5533 6119 9076 9659 6790 5248 1922 1289 9453
403 5082 2366 6667 8170 3267 553 3025 6862 4411 8747 3434 6364 5433 7780 5090 631 259 7163 780 7413 8609 2555 5446
404 9208 8177 4917 924 8615 8033 1510 4755 6973 2097 6575 3783 5857 7296 6065 2842 5762 3541 5307
405 1959 452 2973 2799 3415 8388 7008 2433 276 8935 1957 7367 7085 1436 2434 5326 9003 683 5064 8946 3079 732 79 3093
406 5317 4938 4026 8259 3822 8628 1233 9280 6486 6873 8858 8439 3375 3195 5063 2146 2988 3395 9467 6347 8293
407 9182 5468 1449 6594 1695 6025 6923 6581 8991 4047 3422 4108 4218 737 4133 4021 2554 5677 7880 2263 2288 8994 9043 6584 6327
408 1616 2996 3562 8152 3670 5727 5223 8432 9568 4940 719 6324 4199
409 1360 3446 910 488 3417 5167 4763 3337 4728 2533 4054 9806 7969 6819 116 3169 1117 935 9139 5340 4901 6482 9842 273
410 6655 9177 7510 1514 6311 6503 8105 6883 513 6196 2146 5311 2924 4523 6049 5446 4180 5122 1256 5175 4062
411 7552 1834 7549 6348 6602 5706 3797 3297 2872 6618 5565 271 9391 6898 450 4091 2327 7120 2288
412 6588 9833 830 8900 8658 4671 9566 5695 9341 3895 2952 6731 4903 7856 9004 5962 4345 3944 1134 220 3537
413 7256 7643 2194 4684 5143 1939 2265 4308 6984 6075 5027 1159 4444 206 8649 5504 9032 5889 5097 6269 1833 3871 2643 321 9268 6610 352 9968 9075 4199 8922 7732 9355
414 3202 9602 9123 8899 4591 7123 2729 9066 9047 9608 3099 110 6739 227 1473 2673 1496 8969 7413 3106 4558 1476 2066 7519 4134 2589 1305
415 1880 5874 3225 1650 5656 1541 4805 3104 7327 6478 1680 1202 4134 4607 9968 412 9483 7055 7049 7949 6141 1668
416 5093 1992 5276 5065 864 7613 8157 7356 3690 1895 9314 9007 6099 8106 5580 9129 2155 3982 2962
417 634 9222 8246 5968 8660 783 5178 955 7600 7088 4159 167 8204 5663 2685 7180 8235 5340
418 8190 4042 1715 2038 9296 9352 7034 1749 1026 9609 7781 2750 432 9903 6939 8618 5307 9940 108 3074 1424 3932 6327
419 2335 9628 6701 235 8195 7656 4013 4821 1845 8854 6150 1840 5836 9230 246 1476 3245 6584 5962
420 2590 714 1419 1878 2177 9920 6958 7028 7151 4766 7304 8519 9931 1223 2013 6225 9637 4480 1668 9199
421 1773 1851 4741 5536 7006 8815 9901 4169 1072 1118 4286 1948 5040 637 3474 7321 761 3427 9008 5677 4893 5869 8043 4314 2327
422 5742 7641 6928 5359 8224 9366 6231 6840 3763 4203 3531 5056 802 4340 1570 1956 9057 5962 3541 7296 2240
423 9332 3096 2272 7939 9638 3100 4928 1538 1645 1956 8384 2407 9141 2283 9842 6153 3742 7296 4760 9460 1061 3316 6534 8711 352
424 9688 2233 7183 7280 4502 9067 7893 457 6296 5583 4892 2175 3821 979 1868 7810 5029 3146 2240 7883 935 6785 1353 7887
425 9945 2462 2403 2655 2536 7063 3465 5438 347 930 2549 6583 8361 1647 7615 652 6437 3111 9480 7178 2546 2892 4527 1979 5880 321
426 4920 42 449 6116 551 6926 3466 593 3095 3991 3012 7153 2847 7895
427 243 2294 571 1034 2878 7448 3961 7806 4462 3203 8079 3613 6382 7457 3379 8062 8794 7997 2666 3877 2555 6534 7153
428 1292 3398 4191 3923 7302 1381 6842 1536 3616 4627 4632 6041 776 1510 279 7591 9008 8343 3240 8307 8116
429 9534 4036 4913 7268 9176 6522 860 5074 6528 6280 7702 7521 937 7436 2255 8809 1091 8387 6141 9533 6021 8036 3784 5307 7652 6613 9023 3758 5340
430 33 8513 7017 6803 6294 6879 8202 8156 6549 8558 8140 8763 6458 4176 79
431 8846 2846 1412 9502 7836 953 5162 2308 8667 7732 2306 67 3865
432 6940 1743 8738 7138 3975 8175 6260 2350 7632 9803 4586 9290 3214 6537 4340 8655 1625 4034
433 8853 5103 4039 458 2161 9310 8428 4553 4650 6338 4762 5489 6486 6101 2630 9224 5643 374 9903 2962 2288
434 8180 8049 6729 3307 8501 563 456 652 9709 3703 9653 8687 267 6580 4420 8880 7085 4668 6447 4660 2707 6054 5705
435 8463 4178 1361 4906 849 725 1937 4960 2274 1025 8293 4020 4615 8359 6722 7883
436 3900 1130 7816 2701 3638 3706 1794 8992 155 2870 293 9091 3119 6203 6250 7668 3752 9731
437 1426 6015 21 7634 5026 5130 190 2969 524 7126 1369 9097 2368 8423 690 6060 3354 1117 2932 9044
438 7536 38 6853 3473 4044 2783 4749 5793 2532 5754 5905 9886 3376 2458 9162 9955 4463 726 3877 9842 1299
439 7597 482 7207 9868 4512 3863 5807 5554 5104 4730 2100 2490 6611 6082 1147 7987 8716 8711 4536 3982
440 2043 8060 2887 3088 4511 8712 2895 5985 1690 6160 7459 7862 5890 3154 8702 2349 1942 1774 6011 6324 2409 691 9533
441 592 8921 1182 6837 4360 5761 3845 3707 2962 1238 8610 5154 5673 5677 7949
442 874 5769 8978 2920 9206 8461 9042 5743 6356 9931 7978 518 1761 658 3491 1871 1662 5880 7669 4437 6899 3936
443 2337 8183 527 2136 2812 6259 2264 6746 8764 9805 5815 447 9256 9199 4580 8043 1042 8250 7490 9968 79 6613 1343 8130 6938 321
444 2879 670 3083 36 646 978 2911 8486 7024 9837 6173 1786 8914 9822 1571 447 8462 1383 3792 2906 2870 4151 979 2240
445 7301 9595 1876 1432 142 3985 2806 2135 4973 2858 5752 5869 7277 2491 8431 7652 321 4385
446 2225 6603 4529 6809 9821 1898 5909 675 1323 4915 9198 2522 6414 4463 7162 8686 7336 7736 2445 535 1121 3753 9260 4389 3783 2555 4199 8644 8134 6613 1534
447 5900 8681 6249 6103 8077 218 6636 792 4365 3680 7650 987 5668 5423 2060 9265 1731 4528
448 7349 3683 4552 4785 7307 779 3250 3825 759 5157 8480 2003 4527 184 838 7569 3074 496 4341 3163
449 1994 191 6656 3495 5132 4299 1855 5635 5461 5199 8995 1107 112 7458 4912 7997
450 1466 7991 1167 5358 9635 5872 2939 5553 6608 9146 6014 865 1958 3193 776 7048 8068 3004 7786 2155 6251 5862 7147 5671 6999
451 1489 4478 4173 9740 597 2513 8350 8748 4645 1874 1572 3508 267 6786 7826 8337 6196 5817 9947 3379 2264 1389 9046 427 6216 332 8716 3914
452 7169 9442 1340 9485 4702 7350 3888 5978 9839 2624 4066 1797 8029 4660 1310 343 9086 3236 9270 7762
453 3264 3140 7381 3684 5416 8967 4294 2947 6889 1609 8054 3031 2158 3728 4870 2121 6778 3758 8574 5898 3936 4567 2438
454 1888 8804 6073 733 331 1111 1602 1264 6980 3869 7721 9666 2823 4300 9933 9013 7252 177 4286 8134 6534 1145
455 1998 5236 8467 1852 6408 5043 5943 6070 7484 7902 6652 6884 7188 7880 935 6067 6331 9968 8431 5386 5730 6484
456 9069 6740 8032 2138 2828 8097 5928 3460 3318 1421 2449 5880 7120 2962 4491
457 1012 8469 7819 9399 1077 6046 6394 10 3253 7659 3243 6327 3837 6390 7997 1134 4176 9388
458 8608 6333 8548 6091 2111 9563 8906 2817 7212 1176 3052 8352 7845 3236 3720 2643 9848 6938 8125 3752 6030 2006
459 4382 6281 6577 4040 8925 5474 7025 7566 2262 1007 5838 8451 5997 2158 9354 5884 447 7899 8498 3074 7699 9545 4527 6258 2379 4786
460 9149 5353 1651 2126 5749 7604 7651 1409 1962 1430 7209 5445 1066 707 52 6100 9139 79
461 4706 5415 8520 1512 3999 3292 8367 9005 9728 8611 3694 8093 7039 8880 6547 6049 9573 9178
462 5506 856 8715 2537 2569 3050 8653 641 259 9129 2394 7964 6134 5924 7943 8994 9968 2962 4901 9433
463 9529 6378 7966 1459 1646 982 8149 6635 2599 6731 8822 7568 523 647 6487 321
464 1161 972 6238 9569 3786 2202 2119 9014 8301 6178 8569 1657 2615 5748 8191 4341 7699 5869 4129
465 111 3518 3098 150 715 8055 2979 7773 7633 4307 1969 2730 1434 7227 2773 4526 4504 1668 5788 7630 732 4928 9545 1625 1984 2340 4317 6692
466 5649 3007 381 1038 6184 9641 2313 2448 2222 9404 7234 5200 8722 3020 4643 2288
467 7562 7901 8338 9254 8911 3255 601 7083 9986 7382 770 4397 9933 2565 9555 8069 3722 9023 745 6584 8125
468 7290 884 7767 7022 1301 349 3234 1237 6673 3499 633 6257 5254 6332 1524 7092 5444 6611 925 3830 3781
469 6449 323 6941 7373 2129 8256 7614 4055 1036 8632 7204 6256 3280 4531 437 1774 352 9643
470 9507 8041 8061 9815 2418 8924 4771 9301 4252 4557 2137 1337 1655 8193 7976 6983 7153 2555 7762
471 5033 4652 5185 5842 3211 7305 9753 5888 7700 8258 1495 6734 6899 5194 9224 126 374 3089 2288
472 2331 9950 2575 2711 5826 6833 550 1555 388 2048 6871 328 3507 9438 6030 6050 1353 8994 8387 7296 9990 2643
473 3330 3596 9107 7993 8114 7469 6448 4433 5356 937 5350 5770 1113 6473 152 6053 395 2986 753 3830 3012 7874 321 3543 6134 4340 1569
474 6024 661 3274 6650 9885 5556 1802 2273 2692 1181 4326 8470 2466 1521 4765 2292 1997 2774 2904 5752 3163 5193 9731
475 9233 149 915 9867 4854 4369 195 9618 638 8117 163 5307 6615 512 2890 9731 7285 1287 7511 321
476 9592 4798 7677 5459 4464 4644 2117 8023 4386 8933 1020 1342 8484 1571 5655 648 1752 8470 7732 1391 8512 2685 8130 5962 2121 3163
477 8928 5127 3621 4348 8949 2661 7202 4493 7118 5897 1328 6063 2545 6545 6236 8270 4999 9931 232 123 9712 3077 9224 3111 3371 745 3936 979 925 6547
478 7143 8625 5282 8723 2382 1516 6990 8308 6825 6214 4501 8994 3273 6114 4222 5333
479 9344 4240 64 6163 5723 1872 2248 1132 405 956 8855 8907 3377 3190 2614 6134 238 6067 2555 9270
480 532 1480 3056 1124 5045 2376 3260 2541 9623 9308 3630 8767 4824 6672 5400 784 4531 5189 8794 8005 352 9199 2240 8387 8495
481 4537 3552 6019 5716 3682 2406 7068 246 133 4549 8843 5397 5659 7477 7361 8578 6521 2685 9834 805 7133 4728 5921 6613 1831 3509 8445 3125 4314 2240 427
482 7252 7642 829 4166 8314 5625 4230 6339 8651 7863 5891 2651 8121 4526 9518 8174 2322 7285
483 4860 2208 9030 3251 3141 944 2512 9887 1515 2847 3438 2125 5936 7210 5418 8793 6648 8841 7 205 9013 9545
484 5573 9697 639 1019 1180 3147 2873 8734 789 5710 4893 6600 8719 3149 7117 9669 7216 2555 8814 9349 2005 4314
485 4703 2144 1540 5768 4882 4566 7482 2156 6685 9971 1736 6633 7353 4801 9199 3901 3074 2589 7699 1293 2288 4352 7949 6728 935
486 9711 1807 7259 5662 687 2936 6698 5070 7386 1314 1244 9677 7952 3144 5207 1784 813 2666 5446 8994 3376 9467 8141 3543
487 2162 2235 4001 7478 4343 4925 9425 4024 4774 1522 262 6630 7480 730 6054 2136 1037 7101 4341 8406 9907
488 2282 1685 5031 514 6229 3352 7061 7919 3967 6847 6839 9087 2611 6059 5341 4531 7295 8999 7699 450 5880 6258 4199 3507 2962
489 1241 526 7091 9035 1935 6468 4148 2596 2802 5406 8176 731 5462 2763 934 4786
490 7608 5319 5253 6908 3121 6780 4969 3081 4454 2798 1377 1456 4402 6187 3144 188 2643
491 1120 44 8957 2188 3388 285 9624 3382 1354 1198 8043 6635 6329 2001 5288 9968 8711
492 7638 744 1639 8823 5272 5830 8002 175 7210 5376 8528 7569 447 7219 7320 8663 8005
493 2747 1817 8210 1982 56 7777 4752 7948 6476 7840 1236 3955 4176 321 629 3981 6021 1657 427 4442 1984 2608 4664
494 1306 4198 325 9611 114 7391 6226 4012 7987 4606 9660 2538 3352 1945 139 3042 3005 8304 5064 8406 321 9468 3395 6095 4639 6101
495 8207 1561 9079 8743 676 2909 511 256 2811 7791 6045 46 5993 3795 3740 9930 1750 7193 5869 7206 2383 4352 8130 893 701
496 7321 3970 2093 9430 9794 5343 4209 1139 1500 1366 4078 5617 8336 8696 1504 5895 8581 6095 8345 8248 4989 7762 5860 1464 9930 3936 9453 3144
497 8879 8787 9315 3987 4853 329 4716 9547 2660 5956 6250 4733 1457 4886 1401 7057 2518 1125 4220 6258 4027 7709 8812 1668 183 9244
498 4663 6764 1209 5109 1624 3713 3336 5372 2840 952 6360 4843 3013 6711 8690 8812 5239 7880 7852 650
499 671 8622 7504 5654 1402 8753 6738 2321 104 1129 2602 8245 319 7258 2327 2345 8685 7694 4705 6978 6467 935 6258 7852 867 2017
