500
0 4644 3005 2279 3297 273 4821 4721 3417 9301 2551 6859 545 6258 935 6101
1 4644 3743 1181 246 4293 2331 9636 7837 8981 1323 3417 7762 1668
2 578 4644 2279 3417 3895 8203 8423 2744 949 1020 5678 2408 9265 6258 2962
3 273 4644 3743 4667 5069 4721 2744 2486 790 4086 2202 4880 6991 4230 523 847 6258 935
4 4644 3005 4726 8342 7155 6269 9132 2085 273 5330 9301 4293 2486 4721 7459 7880
5 4644 6506 4667 8175 7155 273 1728 4086 6457 2896 3926 9301 8140 1042 6258 2128 1668 9968
6 4721 3523 3743 1336 4667 3153 4644 8040 1323 2741 6991 6103 6269 1020 9301 8043 9968 2962
7 8040 2202 8140 3743 578 4721 871 5330 7977 915 1694 6653 6258 6269 9688 6101 9968 1668 935 8994
8 8140 4644 2279 3745 6103 9636 4086 3523 1694 9301 2551 8040 3053 6258 8125 79
9 4644 2486 2787 366 3473 3375 3417 1336 9640 790 8040 4869 9398 246 6054 6101
10 3005 871 4644 6269 3523 3859 1122 3417 4667 578 2202 4985 1668 2240
11 2551 3153 4644 578 1728 6859 8342 6506 9745 3743 2279 1323 8140 6258 4134 4985 7880 7285 3894 935
12 4721 8040 4726 8981 4293 2486 578 8618 273 2787 3417 4667 7709 2240
13 7837 1336 3005 8618 246 8824 9398 3743 366 1020 790 5682 8175 210 9640 5525 450 4985 6258 9301 6547 7762
14 4644 3005 790 3743 8040 8549 273 2551 4407 493 1423 8342 1020 949 8140 6258 935 745 7949 6613
15 3005 1336 366 4721 4667 3888 6859 2279 7977 246 6267 790 6258 935 9968 3894 7949
16 4644 4721 3005 3743 2486 3888 1019 3926 4766 1905 871 4941 6840 3745 6258 2962
17 4721 3523 4644 2741 9640 7028 8140 273 7115 1181 2744 6859 9265 7285 8841 8507 6258 6101 79
18 4644 790 2787 6468 8389 6859 6506 9688 6840 505 3153 8140 1020 8618 4027 6258 9968 6101 935
19 3743 366 3005 4644 8389 1694 8469 8743 2279 4060 246 8140 9301 6258 4326 1668
20 2279 4726 5330 2787 4486 4766 2486 482 3743 2586 2741 5547 3005 8040 935 2240
21 246 2279 2787 9265 1796 3053 5509 4726 8618 6859 4821 3005 9935 2551 1020 3926 5097 1668 7949
22 4644 1581 8186 2279 4726 2744 7165 4766 7837 7233 9440 8841 847 6258 1668 935 7699
23 4644 1336 8389 9293 8040 3005 246 6840 3743 3053 472 3895 9688 6506 8140 8423 2128 3894
24 3005 790 3743 9640 4293 5135 8140 9161 871 4880 5330 7115 6859 7459 9265 8618 7049 1625 2240
25 4721 366 3297 4726 6859 3417 8342 3888 2551 2202 8423 8140 4340 2790 1042 9968 1668 2962
26 4644 246 3523 273 8140 7837 1020 6269 578 472 4667 4486 2486 6258 9968
27 7155 3523 4726 4027 5069 1336 3005 3417 1323 1905 2486 4293 8203 141 7459 6258 6054 9968 1668
28 4293 578 790 4721 4644 4486 3888 9636 8342 8423 6258 7049 9301 7285 7880 2240
29 1336 366 6859 4293 8052 3005 3888 3297 1276 4407 8342 3417 1019 6258 8618 9301 450 79
30 4644 3005 8140 3494 3523 2279 4721 1336 915 8040 1694 450 1252 1625 9968
31 578 8342 871 9265 1905 2896 3005 9640 4667 4721 9887 1694 246 3745 1181 9132 4107 6101
32 8040 4644 3005 3153 6859 7115 4985 4667 3417 2896 3053 366 2787 2741 5825 8140 6258 9265 2128
33 3005 4721 2279 4086 578 3523 2744 273 7285 4644 871 6258 6054 8125
34 3005 3743 4721 2787 3745 133 5069 4644 9636 8792 273 246 1323 8618 9301 1042 6258 7880 9265 6054 2962
35 4644 2741 2486 2279 1276 3743 9636 9132 6267 2835 5678 871 6258 450 4027 6547 9968
36 3523 3005 3745 4726 1336 2787 3417 6457 5135 3743 8140 246 9187 3053 6258 7880 450 9968 6547 79
37 9640 7155 3523 3375 3743 2586 5330 1336 4667 5234 8045 1122 8140 6258 7880 9968 2240 2962
38 790 2279 4644 3743 4667 9235 4941 4293 4821 5234 8824 3895 9301 7049 6258 2962
39 4726 3005 8140 2279 3375 4721 3743 1581 8750 2486 6269 9745 4667 1042 6258 6547
40 3005 4766 871 4644 4667 2744 6258 9459 1728 1905 4293 7233 1694 5525 1670 7883
41 4644 3417 8040 4726 1796 9640 1336 4821 790 6258 4766 2486 3473 7459 4667 9301 9265 2962
42 3005 578 4726 4293 3743 1181 3153 3417 2202 7155 5704 353 6258 5097 9301 8140 7880 3936
43 790 3523 4644 3005 6506 4293 2744 4100 366 8824 1020 6258 935
44 3523 9636 4726 6258 2787 1020 4644 8052 9688 4086 5330 4766 2741 4985 2486 450 6101 1625 6547 8125
45 6506 790 4644 8203 9887 915 4726 1020 4821 3523 4345 4134 9265 450 6101 1625 6258 1668
46 3005 2279 3743 4644 8045 4726 9640 5330 8203 3053 1276 8040 9265 4027 935 2240
47 4726 246 1796 1905 7155 5634 1423 1020 2787 8793 4345 9688 7174 4667 935 79
48 3005 4644 915 2787 3743 578 1181 2279 3523 4667 8342 9688 6258 9301 4985 2240
49 4644 5330 3005 2279 9636 366 6859 6269 9526 9640 1962 2486 3745 6258 2128 7049 4985 6547 935
50 4644 2787 779 5350 7837 1181 1581 3053 6103 578 5825 9265 4027 450 6281 6101 9968 2240
51 3523 3005 3743 578 4644 2085 4726 2279 8342 7155 1336 7233 6258 6101 9968 6613 2240
52 3005 4726 4766 4407 3745 8140 2787 5038 1336 246 366 578 4880 4644 8949 2085 3837 9265 847 7880 9968 1668
53 8549 366 3053 2551 5330 1336 7115 3153 8140 790 2279 8260 273 8040 4985 9301 7949 5715
54 3743 1323 4721 2551 4293 7155 4644 8140 2787 482 3053 9132 790 6258 847 6547 7949 2240
55 8040 4644 1905 871 8750 9398 366 6267 4880 4726 4407 3745 5547 450 780 2128 6101
56 3005 4644 4407 3745 8040 9132 4667 3523 6269 4721 273 2202 5069 246 8140 6258 4340
57 3005 4293 1336 5330 4667 9688 2486 4086 493 8792 4721 3743 5069 3894 2240
58 2279 3523 8052 9398 8140 578 9640 4407 2787 2896 9450 4928 6258 4941 7949 8994
59 4766 2551 3005 2787 246 7155 8469 2744 3053 8549 2279 8175 8994 2962
60 3005 1336 1905 2787 1276 3523 9301 2279 3053 7233 1020 2486 578 4407 9636 8423 8140 6258 2240
61 3005 4721 4644 1122 9265 4293 2787 4667 7028 871 4407 246 6269 6153 1625 450 7880 2240
62 4721 1020 366 3053 2279 3523 4726 6269 4667 6859 6258 4027 4407 1336 9688 6698 8140 8841 745 2
63 4293 8040 4721 273 2486 790 8618 1336 2279 2741 9636 3005 3417 3053 4928 9688 6258 7880 9968 7949
64 2279 8618 4721 3523 3053 6840 1181 4821 3005 1323 2744 5107 6258 7709 1668
65 2486 5135 3523 9636 7028 9688 578 3005 779 4766 3743 1956 7880 8125
66 4721 6258 1336 366 4644 7447 1181 7977 2744 4486 2486 246 6506 1423 8342 6101 79
67 8040 6859 2787 3005 1323 3523 2551 1336 9398 366 1020 3743 8140 4644 1796 8618 847 1625 4985 6547 935 1668
68 2551 7115 4726 3743 9636 871 6859 3005 3053 5617 8342 915 1276 6258 450 4941 4027 7880 745
69 4644 1181 4721 2279 9640 4766 482 8342 9132 3153 3523 3053 8140 8618 3926 4985 7285 6258 450 1625
70 4644 3005 4721 2486 790 2551 2741 8342 2787 9526 3895 3053 3153 8140 4941 8618 935
71 3005 3888 4644 2279 3743 2787 5330 8981 7977 1336 8618 4766 1042 847 6258 1668 7762 2240
72 3523 3743 1276 3005 7837 4644 1020 3053 5389 9132 2551 4869 9293 6258 9968 3894
73 4644 6506 1336 366 4726 2896 1905 3053 2787 9636 3005 1581 5097 6258 9968 935
74 2279 246 2085 4721 3417 3888 1181 2124 6859 4486 5038 1336 9887 450 6258 2240
75 4293 4726 3005 7559 5330 4667 8342 7837 8040 2279 6258 9265 6698 1668 8125 9968 2240
76 3005 366 1181 871 6103 2279 191 1905 2896 5069 5234 1323 790 4027 8140 7899 4340 1625
77 3005 4644 4407 2551 1336 3523 1581 4766 5135 871 8040 7461 2486 8140 6258 1668 79
78 2279 578 4644 2744 4721 3005 8389 2486 8342 5234 6859 4027 8423 6258 1956
79 2787 578 790 4644 3523 5069 3005 6506 4821 1181 9265 9640 6258 4941 3053 2790 6054 2240 935 9968
80 4644 790 2279 4766 3523 6258 9132 8389 9636 7461 6698 7285 1956 7880 3982
81 4644 578 2787 2279 4293 1181 133 8618 4821 6506 3743 5547 6258 7762 9968 2240
82 4644 4721 4293 3297 2279 8140 2741 9265 3417 2551 7233 7977 246 8618 6258 7285
83 3743 3005 2551 4821 8824 2787 3153 7028 6698 7155 1107 8140 9301 1336 3053 7285 7899 7709 1625 6258 9968 2962
84 9636 2486 1020 246 3005 3523 4941 4821 9301 6506 4721 4391 2741 5069 6258 8140 1042
85 2486 3005 4407 2331 8040 5069 7837 8052 3637 2279 1336 4644 1181 6258 1668 79
86 4644 871 6859 3523 3005 246 8140 8342 2279 7837 366 1581 3766 6258 1625
87 4644 8040 1336 8342 4293 4726 2279 1323 7155 8140 8203 5825 1020 2486 6258 9301 7049 7285 7880 5307 7762 2962
88 3005 4644 871 6840 3523 4293 2787 4766 8618 4086 7155 7459 1336 9440 9301 8043 9968 2962
89 4644 3523 578 1020 2408 3888 9293 2787 1796 7115 6258 7949 935
90 578 4644 8342 2279 2744 3005 871 2741 631 6506 1020 790 9265 4985 8618 6547 9301 6258 9968 6101 935 3894
91 3005 3053 246 4644 5547 3743 4821 9688 9887 2551 5069 578 9876 8140 5330 6698 4027 2128 1668 2240 8994
92 9265 790 2744 8342 1423 1336 7977 5330 3005 1020 8140 2551 578 2486 3297 8260 3053 4985 6258 8618 7874 9301 6101
93 871 4721 2279 4644 366 8389 4667 5389 2202 8040 8140 6258 4985 4060 9968
94 3005 4644 7028 273 1905 4941 4667 1181 4726 8040 5330 790 9728 9265 6258 9007 2962
95 2279 4644 5330 4721 7233 2744 1336 8040 6506 1796 790 246 2486 9265 7285 6258 1625 4340 6054 2240
96 366 1336 6506 5330 790 3005 4985 1581 3153 2202 9640 4486 7233 1905 4407 3745 8815 2240
97 3005 578 8040 4644 4726 4407 3053 3297 7115 8750 8342 1336 6859 8140 6258 7949
98 4644 4721 2279 3005 4766 8045 1336 2486 2744 7155 366 9301 6101
99 1181 4726 4644 3743 4407 2279 8342 3005 1336 6185 4330 6859 450 4985 7285 1668
100 578 3523 3005 4726 191 1323 4721 4667 3473 6258 2240
101 3005 578 6269 8040 4644 4667 1323 4726 7285 4407 1181 3523 2202 1020 9301 8618 468 4985 935
102 790 4667 2787 3743 2279 4644 1905 2741 3053 3417 1336 4766 7977 3005 8618 9688 6258 1956 9301 2240
103 1181 246 4766 2741 3523 3417 1276 8949 7459 1905 1020 3053 8140 7228 3005 6506 5704 9265 7234 6258 6101 2240
104 3005 3743 8618 2202 8140 4644 8260 366 3153 871 4821 8416 1323 6840 2085 6258 7880 4340 8387 9968
105 4721 790 2279 6859 3743 4644 4726 3053 871 5069 1276 273 9265 8140 4345 450 1668 2240
106 5330 2486 1336 8618 8040 2787 4644 4667 7115 3888 1181 8824 8140 8549 790 1625 9129 2240
107 2741 3005 4726 6506 246 3297 2586 2279 4941 1181 8260 9301 5135 871 9968 1668 3894 2962
108 871 4644 246 4293 2279 1728 3417 4407 5704 8389 2741 1181 7977 4027 450 1625 6258 7285 6101 9968
109 871 578 4644 2787 2486 1181 8342 3523 8052 2202 2279 4941 9265 1956 450 4027 6258 935 7949
110 1581 1020 9265 3053 6840 8416 7174 273 8389 3888 3417 3005 8140 6258 7880 2240
111 3523 4766 3005 578 1336 8040 4726 1323 6840 915 2486 8203 1423 9132 7709 9968 2240
112 3005 4293 3153 246 4644 3053 8140 2279 2551 3745 2331 9640 1581 8040 2741 7713 1668 9007
113 3005 578 7155 4293 2551 2279 1336 278 8981 5107 246 9244 935
114 8618 2787 3743 9640 2486 3005 3888 6506 9440 2279 7837 2202 7459 9265 6258
115 3005 578 4644 3473 2551 6506 3375 2787 5330 1796 2264 9968 2240
116 4644 3743 9398 2787 6506 3523 2279 9161 8052 8140 9040 9301 4985
117 2279 7174 4407 2551 6840 3523 2197 5330 7977 1020 6258 7880 935 2962
118 3005 2787 4644 4293 1336 3053 4721 4726 8342 2586 3153 9132 8040 9659 6258 7285 3894
119 3005 4644 3523 3745 8342 1336 4293 505 4985 5634 2486 1905 8140 2741 1796 6258 6101 935
120 3005 2787 6859 2331 4644 4721 3417 4726 3053 2551 6258 1796 935 7762
121 3005 2279 8750 9132 790 8203 1336 915 3053 5135 4667 3297 8342 6269 1956 6258 4985 9968
122 1336 3523 4293 7174 6269 9636 1276 8045 3743 246 4086 468 9265 6153 4928 8140 4314 2240 9968
123 2279 4726 3153 1336 2787 1181 4721 5330 3745 7977 8045 9301 6258 8618 2790 9968 1668 2240 2962
124 2279 4726 2486 3888 366 578 1905 3297 1181 7734 4060 7049 6258 4985 9968 1668 935
125 4644 3005 790 8045 2896 1181 2486 8203 5234 1581 6506 1905 2741 246 9040 6258 935
126 3005 366 2279 246 6859 4407 273 3743 871 2787 4721 4941 9398 8618 6269 9301 9745 6547 8125 2240
127 4726 6859 3005 790 1336 2210 6506 7155 278 2787 8342 9301 6840 273 6258
128 4644 1336 2741 3005 4407 578 1581 6859 4766 7115 639 1181 1905 4486 1323 4667 6258 4985 9968
129 578 4644 871 8040 4766 1020 3005 1336 7611 6506 9887 1181 1581 8618 1796 9688
130 5330 3153 4644 6506 790 8618 6859 4721 3523 6103 1423 4985 1668 935 2962
131 8140 3153 4644 246 3888 578 3005 4667 8423 3523 2787 1020 6269 9265 4766 1042 450 6547 6054 935 2240
132 3005 9688 2279 1276 9132 3523 9887 3743 8203 8981 2741 1796 4086 3375 8040 9265 6258 1042
133 4644 2486 2279 4721 578 9132 7837 3005 2896 915 6258 2128 8140 4985 8994
134 4293 4644 4667 9887 6859 4721 6267 7977 1020 3153 1336 3417 6258 4060 2240 6547 2962
135 3888 2279 6506 5107 9161 8203 5069 7233 9640 3005 6258 8994
136 2787 5107 4644 9440 2741 3375 4726 6002 7503 3053 4107 8618 8140 1728 6258 6613 8994
137 3005 4644 790 2279 7977 2486 4880 6506 2586 5634 273 2085 9265 1670
138 3523 578 3005 4667 1181 366 1796 4644 8824 493 1020 2085 6258 8140 3074 9968 2962
139 4644 6269 3297 9688 6457 5069 2279 4821 3523 2586 1323 4027 1728 450
140 3005 871 8203 3375 790 6257 2896 6991 3745 4644 9132 3417 1220 6859 4134 9265 6258 7880 7762 935
141 2279 6859 3523 3743 578 2787 1905 4407 2486 366 2896 8140 1625 8618 6258 450 1042 3074 9968
142 3005 2279 8389 246 5330 8040 578 3523 1336 8140 6258 1581 4027 5234 9640 3837 2486 450 6153 6547 935 2240
143 3523 2279 3743 7977 915 3745 8040 1107 273 4721 7049 2486 9265 6547 9968
144 3743 4644 9887 1336 2279 2787 7461 3005 8140 3417 4721 3375 935
145 2279 3005 3375 5687 3417 8186 8260 4726 2787 8981 3926 7049 450 1042 6258 4985 2240
146 366 4293 2486 9265 6269 4721 4644 2787 4726 2744 1020 5617 8140 6258 450 7713 8125 2240
147 4293 4644 790 9265 2896 3417 4667 4941 8203 7155 4766 4407 273 9301 1042 4985 9968 935 3894
148 3005 5330 2787 3766 3523 8040 2279 9398 2551 9161 2486 2183 1336 2240 6258 935
149 4407 871 2279 2744 3523 9887 2787 4644 1020 3926 278 7049 6859 9132 5509 8140 4985 9968
150 2279 4644 3523 5389 4667 790 4486 2202 4293 8549 1181 6054 2
151 4644 4726 2896 1020 3523 3888 3005 4667 4880 2787 1276 6258
152 1181 2279 4644 6840 4726 2744 246 4407 3888 1107 2085 6258 1020 9301 9688 7285
153 9636 2279 1181 2586 9132 4407 4644 9235 3745 631 4667 1581 780 9968 935 3894
154 3523 2787 6457 6840 4407 5135 366 6859 7115 3743 276 6269 6258 935 2962
155 790 3745 4644 1694 1905 6506 7734 366 3523 182 8140 4107 9301 6258 7949 3936 79
156 2279 5330 1181 8040 3005 578 2202 3888 1336 790 6506 7233 2240
157 4726 2279 4667 4644 2787 1905 1336 8040 482 6258 7155 578 450 8618 1625 2
158 4644 7155 4293 246 2787 3053 3005 5525 9132 8140 915 871 2331 6269 1181 2486 4027 6675 9265 9139 7762 1668
159 871 1020 3417 2551 8140 3005 1905 9301 3053 4766 4726 8949 7459 2787 4086 5038 4704 2741 1728 1252 6258 745 9968
160 3523 273 8040 8342 2787 2744 8618 3005 3494 1694 4644 2896 8140 1336 9301 6258 7709 745 2240
161 4644 246 578 2279 7155 7233 2486 2744 8040 3523 3005 8140 8260 1728 6258 4985
162 472 6506 8389 1905 4644 2085 5107 8040 9640 8140 3375 949 3053 4985 7949 9968
163 9398 3005 6506 2279 2486 790 4086 6840 8052 2787 4407 1323 7028 6675 6698 9301 6258 9688 9040 6547 7949 79
164 4644 5330 9132 2279 790 6506 4293 5389 8203 4726 1336 8140 935
165 3005 4644 4726 2486 8140 9636 3743 8045 3766 5617 1276 7233 1336 8841 2240 2962
166 2279 3523 790 3926 6859 366 1020 4486 246 4027 3745 6258 6457 8981 3375 9265 935 4326
167 4721 1323 3743 2787 246 578 3375 6859 7559 1694 3005 1336 871 6054 1668 9968
168 3005 3523 4721 7155 1020 9265 2085 482 2551 3297 578 6859 8040 8140 7880 1668 935
169 578 3005 4407 246 7155 779 8140 2744 4721 3888 9159 4667 6258 9265 2486 450 935
170 9640 2486 3743 4644 4766 3745 3523 8618 3417 5330 8140 639 2787 4721 9265 4985 9968 79
171 4766 3745 2787 3888 4941 6859 5069 1323 141 2279 5330 1694 3743 3053 9688 7880 6258 2240
172 578 6840 4644 6002 4726 9398 5330 5547 8618 2202 8140 2551 9159 4985 9301 6258 3894
173 3005 4644 8040 1181 3053 2551 8140 3153 8203 3745 6859 2586 3888 6840 4107 1625 9265 6258 6101 8125
174 4726 3743 3523 1336 4644 9640 1694 366 790 8203 4667 5961 9688 6054 1042 6258 9968 2790 6101 3074 3894
175 4644 8416 4293 9636 8342 4726 1181 8389 6840 4880 6258 9265 4345 8125
176 3005 4667 273 2202 8140 4721 1336 1905 4726 4086 1276 5961 2586 366 1956 5097 6258 4985 9968 935 2962
177 3005 5330 8140 6506 4293 4644 8981 1796 9265 1020 3523 9688 273 468 4060 1625 5715
178 2279 2787 8140 4644 2741 8389 3005 5107 3743 6859 8342 871 8618 6258 4340 7949 935 9968
179 3005 2279 4726 2486 6706 5308 1336 3153 6258 4293 5135 6598 4027 8140 7049 6899 7880 4985 6054 5307
180 871 4644 246 4407 3523 1020 4667 3153 2586 1323 578 3766 790 8140 5097 813 6258 1668 7762
181 2279 1336 8389 3743 7233 2744 779 3153 1181 1276 5107 8618 5474 8994 2240
182 4644 3523 578 4667 3297 3888 2551 6506 6258 9640 3926 8140 6054 6547 2962
183 3523 2787 9640 8824 3005 7174 366 3417 2279 246 1181 7233 6269 9265 4985 6258 9968 1625 2962
184 3005 1276 3743 2279 8140 1020 4644 366 482 1323 578 273 2787 9265 8618 4027 9244
185 3005 1336 2202 2279 8618 3153 3417 790 7028 2408 4766 4407 141 9688 9265 8140 7285 6101 9968 2240 8994
186 3743 3005 5330 8040 4086 915 6269 949 141 2744 4644 9688 3523 6840 4407 3926 6258 9265 450 6101 935
187 4644 3743 7155 246 2486 8175 7459 6859 5069 4407 790 7461 8203 8140 9159 6269 6258 2240
188 4644 8549 4721 9636 1020 1127 482 366 5754 6698 7459 6258 6054 7762 935
189 4407 2787 4644 366 4721 1371 7559 4486 2335 9301 2741 7285 8140 7880 8387
190 3743 2787 4644 2896 8045 7837 8618 1020 6859 278 578 6675 935
191 4644 4726 2787 1020 3417 2279 6506 2744 8140 4721 4880 2240 8125
192 4644 8140 4407 4766 2787 6506 2202 3926 5330 1463 3417 3743 1336 2085 9132 6258
193 4407 4726 4086 2486 3766 6506 4644 4941 154 273 3053 3743 1336 6269 9301 9040 6258
194 3005 366 2279 915 3417 1181 1020 5389 4644 2408 4667 8743 9265 4027 8140 8125 2240
195 2279 1336 4721 3417 1905 790 1581 8040 3005 8342 4086 2551 2741 6840 6258 1625 4107 8618 8140 8125 9968
196 4644 8052 4721 3523 8140 3053 4726 6269 3153 5069 5617 5038 1323 7285 9265 9040 6547 6258 6054
197 2279 4644 4721 8040 2741 1181 3895 4667 1796 4293 8140 9301 8743 4486 9265 6170 1353 9968 745
198 4644 8342 790 578 2279 2744 8140 1181 366 4407 3005 3297 2787 1020 6258 6547 935 6101 9968
199 4644 4293 2279 4407 3743 3523 6103 4726 4667 5389 8140 9301 4985 6547 7762
200 2279 3005 3523 4721 8052 4667 1181 5330 1020 4726 1323 8140 5547 4985 7880 7762 79
201 8140 8342 8389 3745 3743 4644 8618 2787 2551 3005 1905 790 9301 9159 2741 1423 6258 9265 6920
202 3005 1181 1336 2279 3745 366 2787 578 4644 1020 9636 8981 6258 2486 6101 8125 935 79
203 3005 1336 2787 366 4644 246 9636 8549 2279 3473 9265 1581 4086 8140 9301
204 2279 4644 2787 1020 4293 4407 8342 4726 7611 6698 1181 9640 7977 8140 2240
205 4644 578 1020 4667 3005 6506 1581 7155 915 1694 1072 8507 9688 9301 8618 3982
206 2279 3005 4293 6859 790 6258 4486 2486 4721 1336 4726 2787 4667 9640 7049 6054 745 2240
207 2279 1020 5107 790 3417 3297 2744 5389 3523 3005 1905 3745 4941 6258 9265 9968 2240 1668 2962
208 3005 4644 790 7977 246 8040 4486 6267 1336 8342 4726 2551 6506 8140 4027 4928 9265 6258 6101
209 2787 3523 1020 2279 4726 4644 9398 4086 9688 6991 5107 8140 9265 1042 847 2240
210 2279 2787 915 4721 7233 1020 3417 8203 8342 7155 2586 1181 6258 9301 9265 5097 1668 4340 7762 2240
211 3005 8140 4644 4293 2486 1336 790 2279 5330 1020 8618 4667 2787 8881 7115 4134 246 6054 6258 847 2264 935
212 4721 2787 2741 3005 4486 2279 3417 3523 8040 6859 9440 9887 8618 6258 7049 6134 2240 9968 2962
213 4644 1181 3523 3888 7155 3745 472 4726 2741 1336 3005 1728 6258 745 2240
214 3005 2279 366 3417 4644 9265 7559 578 790 246 9636 7459 6258
215 3005 5330 273 2741 1336 3888 5135 8389 8549 3417 9640 2335 9301 6258 6547 79
216 4644 2787 8186 2279 8389 4667 4293 1107 9301 4340 450 4985 6258 7762 8125
217 4644 578 790 273 2202 2279 7028 8342 246 4721 2486 9265 8618 6547
218 3743 3005 4407 1336 1020 4644 2787 2741 8469 2279 3417 578 8140 6258 935 2
219 273 6258 4821 7049 3053 2486 4941 1796 1181 8342 9265 6991 4667 3005 3523 9576 4644 450 790 2183 4107 6547
220 3005 578 1323 4726 1181 1423 1336 1122 7559 366 6103 2486 871 5547 6258 8618 1625 9968 2240
221 4644 7837 3005 7028 4721 2486 6103 1905 6269 9636 4766 8140 7049 7880 8994 3894
222 4644 6103 472 191 4880 871 6269 7559 8175 7977 6258 9301 9968 3894
223 790 4644 3005 1020 4821 6506 4667 2279 3523 8140 6859 246 1336 9301 9688 6258 9265 2240
224 2279 3417 5634 4644 482 5525 2744 7459 790 4486 5509 1336 8342 9640 6258 1042 8462 1625 2240
225 4644 3743 5330 3005 4293 2744 6859 8175 1181 1796 9265 6506 7285 2486 1496 9968 2240
226 2279 1020 3743 2486 4293 779 8186 2408 8140 1181 790 6859 8618 6258 4985 9968
227 4644 1181 2279 1323 8040 790 3005 3523 3153 8389 8203 8140 2486 4985 6258 9301 3894 1668 2240
228 3005 246 4726 3053 2279 4941 1336 4293 1423 482 4766 4086 2202 6859 9688 9265 2085 1625 450 9301 6258 2340 2962
229 2279 4726 578 3417 6859 6269 3523 6840 2787 1020 4766 9132 8140 6258 8618 9968
230 4644 2787 9265 949 6506 8549 493 9688 3523 246 4667 7447 2486 4407 2085 5097 7880 1668 9968 935 6613
231 4644 3005 2551 273 9440 8040 8342 1336 915 2279 8549 6519 4134 6258 8140 7165 935 2240
232 4726 5330 2551 1336 2331 3005 2787 3523 4086 4667 3766 6698 2085 4340 6258 2240
233 246 4644 8140 3523 8040 5107 2279 1323 4293 639 1020 2787 8618 4027 9301 6101
234 2279 2787 790 8052 4644 4766 2486 4486 4721 2741 2551 2335 5097 6258 6547
235 3005 1181 2551 2279 790 8342 3743 3473 3417 3523 4667 3053 9688 6258 8140 2240
236 8342 4644 9640 3005 8052 2279 8203 4869 2085 9159 2741 2124 3053 8140 6258 6101 1625
237 4293 3743 790 8203 1276 3888 871 3005 6859 2787 3837 2279 8342 5097 6258 9968 2240 7949 2962
238 4644 1336 4726 3743 4667 1020 8140 3005 4766 4407 790 6457 366 4086 2128 9301 847 6054 6920
239 3005 4644 7115 2741 6840 9636 4726 1181 1336 2551 472 3417 9265 4985 2240
240 3005 2744 4407 1181 3417 3888 8140 2202 1323 5525 1020 8052 239 4766 8040 4086 4941 9301 8618 6258 1668 935
241 3005 2486 790 1905 1336 2331 4667 8815 5547 2551 9636 5135 6258 4644 8140 450 9265 1668 6101
242 3005 2279 1423 1336 4726 4293 9301 4086 8140 8469 3417 9265 790 5330 7285 1668 8387 2962
243 4644 2279 1020 3297 3523 2741 5547 3417 2886 9398 578 6258 4326 2
244 4644 9265 2202 8203 8052 6258 2787 2744 1581 246 4407 1463 6786 2896 1323 3456 2486 9968
245 578 4644 246 3005 2551 3473 2787 4667 8203 3523 6258 6269 9688 935 9244
246 1336 1181 3888 4766 1020 8389 9636 3743 2486 3005 578 6269 1122 847 6547 3074 2240
247 3153 3523 4644 2279 8260 2202 4721 8040 6269 3743 1336 8618 4340 2240
248 3005 4644 4721 246 3297 366 8140 6103 5330 3523 4766 1020 2486 8618 4027 6258 4340 9301 745 9007
249 4644 2279 6859 3005 366 4726 2551 1336 1276 2896 6269 2787 8618 8140 6258 6054
250 3005 3523 3888 9398 578 2085 1694 4726 9265 4766 3766 3637 1020 8140 450 6547 7285 3894 935
251 3005 790 2279 3053 6506 4721 8416 2787 8140 8824 5011 2183 9265 1668 2240 935
252 2551 8040 3005 7977 1336 6840 6859 2787 915 6249 2279 871 3745 9640 6258 7949 3894
253 2279 3053 3005 8140 5330 4726 8040 871 779 4407 4766 1020 366 8342 780 1336 450 9968
254 3005 4644 7977 1336 1581 6103 2279 7459 246 1796 6457 8040 3297 1276 8140 9688 5547
255 9688 2787 5069 790 798 1694 4667 8618 2202 4726 2486 2551 7028 5234 2741 3005 6258
256 4644 3053 4721 3005 7232 578 2279 273 6859 8743 9132 6258 8618 6547 7880
257 3005 3523 4644 3153 2551 1581 3417 6103 3743 6859 7459 8203 5389 9301 6258 9265 2240
258 4726 7155 1276 3523 6506 8140 4721 2279 2787 1020 5069 4060 9968 1668 2962
259 4644 4726 8743 949 1905 3743 482 5069 5330 8203 4667 1796 9265 273 6054 6258 6547 2240
260 273 1323 4086 4667 8342 1423 3053 1336 7028 7233 6675 3888 3005 3926 6258 3153 4486 1181 8618 847 9301
261 4644 1181 1020 790 9640 8549 4667 949 8203 9301 3743 8140 2279 4293 4407 6258 2741 9265 745 935 7762
262 4644 4721 3523 790 2744 9265 6269 1020 4667 2279 5234 9636 6258 4027 8566 7880 2643
263 246 4644 3005 3523 578 3153 4721 2279 8342 5330 9265 6269 9688 6258 935 6054
264 1336 3005 1020 1905 7155 4721 4293 2279 4941 5107 2741 8140 6698 9301 4766 935 2962
265 3005 6506 1336 4644 3766 790 273 9935 2586 1107 9265 8743 5097 6258 2240
266 3005 5330 4726 2279 4721 3523 2551 578 4066 8423 6258 7762 7699
267 5330 8040 141 4726 8111 7447 2279 1323 4644 8750 3714 1181 8342 6258 1496 9265 2643 7762 8994
268 4644 4721 3005 2744 4726 1423 9265 790 6258 1336 8140 4667 1276 366 2551
269 3005 4644 5135 6506 4667 6267 3745 1336 3888 2279 4071 6258 9265 9301 6101 6054 2240
270 4644 2787 2279 8618 790 2744 1323 3743 1181 3417 4726 6840 246 3745 3926 450 7285 6258 6101 9265 2240
271 3005 4644 3523 4721 3888 7687 578 2486 1323 6269 9301 450 2240
272 4721 9640 4644 1020 6269 8140 6840 6457 3743 5634 4407 5069 2202 935 2962
273 1694 6506 790 8140 9132 2787 5330 1020 2279 1181 1336 7321 5474 3859 9640 8618 1496 9265 6258 2240 2962
274 4293 4721 3153 7837 7232 6840 2279 8618 8824 3005 6258 8140 545 935 2240
275 3005 790 578 2551 3053 1336 1020 4941 9265 779 3153 2486 5330 8793 3523 6258 4027 9301 8140 745 1668 2962
276 3743 4644 790 2896 4407 8203 2331 3005 7459 6859 9132 3766 1020 5525 8140 6258 4134 450 1625
277 2486 4644 4293 9636 6457 8618 578 7155 1107 4766 1336 4071 8125
278 4644 2787 2741 790 1336 8618 6506 1694 4726 7977 1107 4486 6698 6258 9640 2240 3936 8994
279 2787 3005 2741 1323 1220 8618 3745 482 4644 4407 6840 5135 7837 8040 8140 7899 6258 7874 1670 7880 9301 2240
280 871 8549 2279 2741 4821 4644 3888 7155 1905 7115 790 6258 7285 6101 2240 2962
281 3005 4726 790 4721 1276 4486 4644 366 3743 8618 1020 9301 6269 1581 4667 1336 8140 7285 1668 9968
282 4644 578 4667 1323 9640 7233 366 2896 4766 3837 2586 2787 2486 5097 8040 8618 8140 7880 6258 2240
283 1336 2279 4726 4766 7155 4293 4721 3417 4644 7049 4060 7285 1728 8140 450 6547 6258 6101 2962
284 871 8040 3005 4644 9887 3743 2279 4721 3375 8140 3766 8824 3053 9132 4134 6258 1668 6547 9968
285 3153 4644 4726 2202 2279 5634 790 5107 3005 8140 871 9265 6101 8125 2962
286 3005 4726 8052 2202 3523 6859 4721 4644 8342 2551 3926 9265 450 6547 1668 3894
287 3523 3743 3005 7028 6506 2551 1020 1323 3888 9265 2744 3053 5547 8140 4134 6258 935 1668
288 2279 3053 246 4667 4644 3005 8040 3523 3417 9159 871 4721 6258 9640 6054 2240
289 4644 3745 2279 1905 8140 246 8040 2744 6619 5872 3267 1020 2741 9636 790 6258 2183 847 7285 745 6101 79
290 4644 3005 7285 1020 8140 4821 6840 1181 1107 2279 6506 8203 4407 5097 3982
291 4726 6269 4644 6859 3523 3297 273 871 6506 4721 2741 6258 79
292 578 3005 3523 2279 2741 2787 273 4721 4486 8618 3745 1905 4027 6258 9265 2240
293 7559 4407 1323 3743 2486 3417 8618 1581 631 9640 4721 1181 8824 5795 9301 2741 7899 79
294 4644 1336 4407 790 3417 3743 6267 2279 3005 8618 6840 1905 3153 5069 7880 6258 1042 9968 2
295 3005 4644 8040 2787 8140 6859 2124 4667 6840 3888 578 1020 6258 8618 9265 4985 6101 6054 2962
296 4644 2486 9640 9688 779 578 1323 1181 3743 915 4726 1336 6698 6840 4941 1020 813 935 2240
297 1323 2279 4985 1181 4391 472 6840 3417 631 2202 6269 3153 4667 847 9688 4340 8618 7880 6258 9244 9968
298 4644 2279 1181 1905 2408 2787 1336 2486 3473 4721 3926 8140 5097 9265 6547
299 6698 790 3417 4644 2486 4976 182 915 6506 2331 8052 6258 1956 4985 1668 6101
300 4293 5330 8140 4644 1423 2210 3297 639 790 8040 3523 1336 9688 9265 7949 2962
301 3743 2787 3895 2279 3523 8203 2551 6840 4644 4407 1323 8140 9265 6258 7880 2962
302 4667 3005 8140 6506 8981 790 1336 6267 2744 5754 6991 3743 5509 8342 6351 7459 935 2962
303 2279 2744 3417 366 273 3523 1581 3297 8040 8981 4821 8140 1728
304 578 2279 3005 4644 6506 3743 8342 9636 4721 4086 935 6258 9968 79
305 4644 6457 2279 1181 790 3745 3417 8203 1905 4721 9293 4985 6258 6101 9968 935 2340
306 3005 2744 790 2787 7174 1336 2279 273 5097 246 9265 8040 4293 4486 2085 5525 1042 4985 6258
307 3005 2486 2279 9132 9688 2741 4644 8203 2085 3153 2331 3926 9526 1181 5234 3053 1042
308 3523 4726 578 1323 6457 482 5795 5135 2744 1905 6269 6258 450 4985 9968
309 5330 915 2279 8342 3523 273 8203 1905 5011 3745 1020 4027 6258 7880 1956 450
310 4644 578 3005 790 3743 1181 2744 2586 2279 9745 4667 2486 1581 8618 6258 1042 9968
311 1336 2551 3523 3005 6859 2202 5330 366 276 2279 1423 9688 8566 5547 6258 9301 7949 5715
312 4644 5330 4721 7155 1336 3297 6506 7977 2279 3053 9640 7233 4027 9968 935 2962
313 2787 1276 366 2279 8140 790 6859 7115 1336 3523 8342 2331 6698 8040 1042 847 8462
314 4293 790 3743 7837 4667 3005 7155 8203 2202 3297 2721 246 9265 1336 6258 545 8140 7285 7880 9301 1668 9968 5715
315 4644 2787 9640 3523 1336 5509 790 273 8618 7461 4721 7155 4985 4941 4107 6698 8125 2962
316 4644 2787 1020 366 2741 6859 4721 3005 3745 1336 5330 3859 7459 8342 6054 5715
317 4766 3153 5135 2741 246 8549 6859 3888 4486 1905 3745 790 7837 1020 6258 9968 2962 1668
318 3743 1905 4407 1181 4644 2486 4293 3417 6258 2279 4667 4880 1978 9640 8140 8618 7049 1042 935 9244 79
319 6859 3523 2551 5330 578 2279 4766 1122 2787 915 6258 4340 6101 4027
320 4644 3743 2279 3153 5330 6840 3523 1694 6506 3926 8618 246 6258
321 3005 1905 4644 8618 3745 5234 1220 8981 6506 379 3153 5011 790 2085 8342 9301 7880 6258 935
322 4644 8040 8140 482 3523 9526 2486 578 2744 5330 1905 3053 8618 6101
323 2486 2787 8040 366 1181 2279 8140 3297 6859 915 3005 4667 9676 790 273 9659 9301 1042 79
324 4644 2486 2279 7174 3743 472 4821 7734 8140 8203 4027 9007 79
325 1336 790 6506 915 9265 5135 2486 4721 6269 4667 578 1276 3417 9640 468 6258 8140 1668 2240
326 4407 1323 5069 1181 4721 578 2279 366 3523 4486 3417 6258 9301 935
327 3005 4644 3745 4086 1323 3743 5330 7559 2486 8040 8949 9440 4721 1336 4985 9301 7762 2240
328 4644 790 2551 1905 3926 8416 3005 4726 6506 3523 141 8140 847 6547 6258 1625
329 4644 1336 578 3005 4941 5687 8040 7977 6991 3153 2486 1181 2202 6506 9301 3926 8140 9968 2962 5715
330 246 7155 3417 3523 9640 3005 8040 2279 4667 1122 1423 790 1181 9887 9968
331 4644 3523 4721 3005 1694 7028 9636 2279 8618 9265 847 6547 780 8125 1668
332 3005 4644 1336 9636 8342 4766 5107 3523 1905 3926 4721 8140 8618 1668
333 3743 2279 3888 4644 9688 871 3494 7559 4407 7285 6468 2741 8140 6258 9968 7949
334 4721 8040 2787 4644 2586 2744 8342 6840 6698 191 7115 6269 4941 6258 7285 7880 2962
335 4644 3888 3743 4721 2744 246 4407 2486 3153 6859 8618 639 5011 4985 2240
336 4644 1020 8389 3153 3417 3743 1323 1181 4721 3888 2486 4941 9688 8140 6258 4340 2240
337 3005 4667 3153 8140 2551 4644 915 2787 5069 5634 1323 4726 1276 6258 1336 1668 9968
338 578 6103 8140 2744 2486 3005 6506 6840 2279 3523 1072 8618 1581 9265 9301 450 6101 9968 2962
339 3005 6258 4293 2279 4667 8140 7155 9887 6506 1694 8203 3743 8618 790 4340 745
340 7232 1581 2279 6859 3005 1181 7233 6457 3523 4667 366 4985 1728 6258 6101
341 3005 5330 8040 9265 2486 4941 2744 4644 2279 4407 8045 505 246 2085 4667 8140 9301 7285 6258 1668 7762 2240
342 3005 4644 2551 1336 3523 578 8140 2202 3745 3417 3837 9640 4667 1020 8618 1042 4985 6258 6101 3894 79
343 4667 3005 4644 3153 2787 5330 915 4345 1122 3523 5350 9301 6258 8949 9265 1625 2240
344 2787 246 9301 9640 2741 3005 2279 9265 8140 1181 366 8052 482 6859 1905 4941 5330 6258 1276 2085 4345 7880 7709 7762 79
345 2787 9265 7155 4667 8040 8203 366 3153 3523 2896 1905 2744 1020 5546 8618 8140 935 2962
346 2279 4293 2787 7155 6991 3837 4726 9265 1581 5547 8260 1905 8203 4985 4941 6258 7880 2240
347 2279 4667 4086 631 2586 2551 6840 6269 9876 8824 9301 472 1042 4985 935 79
348 4644 9636 366 790 8342 4721 7233 7028 3523 3637 246 7285 6258 4985 9265 7709 7880 6547
349 4644 3523 5330 1336 8750 1276 1905 2741 4027 7824 9636 6258 2264 9968 935
350 4644 246 578 1336 790 3005 2787 8342 3523 8981 9636 7233 4766 8140 6258 321
351 4726 2279 3745 1020 8618 8140 3743 8052 7233 4667 2787 1276 8815 2486 1905 1407 6258 4027 9968 935
352 4726 3005 4293 1020 1336 2551 2787 7233 3053 4667 4721 1107 8140 8423 9640 6258 4985
353 4644 4293 366 273 4941 4613 3523 246 4667 472 8618 9132 847 6101 9968 2240
354 4644 1181 2279 6506 8140 3743 3005 3153 9132 790 3375 5547 5135 3766 4985 2240 1668
355 4644 2279 578 3523 4293 3743 9132 6859 3153 7233 4667 6258 7880 9265 9968 2240
356 3005 3523 2551 2279 4486 8342 3473 5634 3153 1181 1020 9640 9265 6258 2962
357 4644 3523 6269 2331 2787 4726 1728 2210 4821 4985 273 7049 1625 6258 6101 7285 8125 9968 935
358 3743 578 3005 5634 4821 5795 1323 1581 4721 6103 2335 4086 8618 1336 6258 9968 6101 1668
359 1336 4644 246 6840 915 4766 578 4721 1020 8140 7285 8981 3523 7899 9301 9688 6258 7880 935 1668
360 3005 4644 1020 1796 8040 9636 366 2279 246 4066 6840 2586 8815 3926 9301 6258 1668 6613 2240
361 3005 3888 246 2085 4293 8389 8140 4644 2787 7115 3743 1423 6258 9265 1042 7285 4985 6101 9968 7949
362 4644 578 8140 3005 273 2279 2486 4726 6457 790 5330 9265 2085 9688 1668
363 2279 4644 3743 3005 7611 1181 1020 4667 578 8203 2787 4086 8140 9265 6258 9301
364 3005 790 366 2787 1336 4721 1181 2744 8140 578 9935 1276 4667 6269 9265 4027 6258 9301 1042 4985 2240
365 3005 4644 2787 3417 8140 8618 3745 2486 1181 9301 3888 2896 5678 3523 9688 6258 6547 935
366 4644 8140 3005 790 3743 871 366 5330 8040 4667 6653 1336 2279 4486 1728 6258 935 6101 2962
367 4644 790 7115 2279 2787 8416 3888 8618 1694 5135 8140 9265 1042 745
368 8045 4293 4644 3005 2202 1336 8342 3743 2787 6258 2744 1581 8981 246 935 6547
369 3005 3743 3053 1423 4293 2787 4644 4880 4726 3745 7155 1323 4407 8040 9301 1668 935 9968
370 3523 2279 4766 9640 273 366 7115 1694 578 1181 1020 1336 2128 4941 6258 935 3894 2962
371 4721 8140 8040 4667 1323 1020 2279 7028 3005 4644 949 2744 871 5389 9640 1668 9968
372 4721 2279 9688 578 6859 8203 9132 5135 7174 7977 3153 4985 9301 9968
373 3745 7174 3053 1181 8140 5330 3743 6258 8040 1336 1905 7233 5825 6859 2744 6653 4667 2486 5038 4060 79
374 3005 8040 3417 2279 4293 3745 3530 8792 2197 3743 5825 9640 9301 7285 4340 7880 9968 935 7762 2240 5715
375 4644 3745 9640 8549 1323 3005 3523 1796 1181 1956 8111 1694 7461 7228
376 6506 6840 2744 1323 1694 871 5634 8040 4667 790 3743 2787 2939 4134 6258 9968 9007 935
377 3523 6506 2551 578 1181 8342 2279 8824 4726 5509 7459 9688 6547 6101
378 3005 3523 578 3743 4721 353 2741 4086 4644 2586 1323 4027 9968
379 3005 3417 8040 4721 2369 4821 5135 4644 8203 9301 8824 8140 8618 4027 1668 935 2962
380 2279 3005 1181 3053 3153 4667 3743 1276 9887 4766 5107 3895 8618 4644 7049 8140 6258 9301 9265 1668 8994 79
381 4644 5135 2744 2787 2279 3297 2896 4726 1905 7977 2486 9265 6258 450 9968 6101 935 1668 3894
382 6506 3888 6840 2202 2586 2787 2279 4644 8342 639 4985 6258 9265
383 4644 1020 8618 3297 7977 4721 3743 7559 7459 4821 2279 372 4985 4340 8125
384 4644 1181 5135 3523 2279 2787 9688 5389 3005 4726 3926 9132 2085 949 8140 1956 246 9265 2128 9301
385 4644 9640 3005 1020 3473 871 8052 9132 2279 915 4766 4667 2787 935 1668 79
386 3005 4644 4726 2744 4667 1181 6859 1336 3745 9301 3743 2279 578 2741 8140 450 9265 6101 4362 6258
387 1336 3053 2787 472 3005 2551 9235 6840 3132 2279 3859 6258 450
388 3005 4644 6840 8140 4726 7837 246 4407 2210 7459 1107 5135 847
389 2279 4644 6840 2551 4667 7049 2524 4721 8260 1694 9301 8140 652 6258 9968 2240
390 4726 3743 871 8140 3005 1581 4721 1336 6269 2202 2939 2744 7340 8040 4027 4985 4060 7880 935 2962
391 4721 3743 2279 4293 2787 3523 8186 273 1020 4985 8618 6258 5097 3074
392 871 2279 3417 3153 4644 273 4667 8040 6840 2787 278 8549 8140 6258 8618 1956 6170 935 3074
393 3005 5107 5330 2279 482 7155 915 578 2787 6859 2085 5097 1042 9968 7949 1668
394 3005 578 1336 4644 4407 4293 5330 7559 8743 3153 9636 9968 935 2240 2962
395 4644 6269 4726 4721 871 3523 578 6457 9265 3375 3053 6258
396 7837 8040 2551 4644 1905 1323 2744 9640 5547 2279 5795 1181 790 3005 1728 4985 1625 9301 935
397 3888 4644 1905 2279 871 6698 3745 790 2896 6468 1336 9440 1728 6258 450 4340 2962
398 4644 578 4726 6506 4407 2486 2279 3888 7155 8618 6258 949 4340 6054 9265 7880 7762
399 578 4644 4667 273 3005 3523 3888 3743 4293 9688 8140 468 9265 6258 3074
400 1020 3005 578 3743 3153 273 8618 8342 2787 2744 1323 1181 8140 5525 6859 8743 9876 7459 2085 6258 9265 7880 2240
401 6506 4726 3523 6457 8342 2551 4644 2741 3417 3005 6258 4985 6101 9968 6547
402 3005 578 4726 915 9265 3417 2744 2408 273 2551 246 4766 2085 8507 450 6258 9301 1668 2240 2
403 4644 790 2486 4407 3417 631 4821 2744 1181 4721 9640 1220 246 6859 9265 2240 935
404 3153 4667 4644 4721 9640 3005 6269 2279 6267 4726 2730 1020 468 6258 1962 4340 935
405 4644 3005 8140 4486 4667 276 2486 9132 2741 4726 6991 790 2279 4985 9440 2787 9301 7285 6101 6258 745 1668
406 3375 4721 7837 790 1905 1336 3005 3745 4644 3297 871 1233 8140 9132 9968 2240 1668
407 578 3005 4644 2202 2486 246 8140 2279 1336 8040 1020 5795 2787 366 1019 6258 8043 9968 2962
408 2486 4644 4667 3523 6506 578 9636 3743 366 4407 8140 6269 6258 6054 1625 6547
409 3417 273 3005 3743 790 6840 4644 7687 578 1276 3895 6269 4880 7762 79
410 3005 1336 4726 2741 6269 1323 3743 2551 2279 790 482 8949 8743 871 1581 9640 8140 7880 6258 2240
411 366 3297 3745 7028 3005 482 2279 8140 4721 3895 6840 7459 4880 450 6258
412 2787 5330 3895 3005 4667 6457 7174 7233 7028 9688 1020 1905 4941 246 3926 6258 6101 2240
413 4644 8140 6269 4721 4293 2279 4086 3005 8815 1336 1181 1581 5069 3926 4667 6258 9301 9968 7762
414 4644 2279 1020 4086 5330 8140 7232 8203 4293 790 9688 4134 2744 3926 6258 4107 1956
415 3743 1020 9640 2279 7049 6506 273 4293 790 2787 578 8040 1181 4134 4941 6258 1668
416 3523 7155 4644 3417 3005 4407 8949 8750 3743 6840 4667 1496 9968 3982
417 3743 3888 5135 8052 3926 2744 2085 3005 366 2279 6859 1181 9688 3745 3053 8140 4985 2240 935
418 2279 8618 1905 7559 3417 3297 3153 366 6859 4644 8040 4667 8140 6258 9301 7285 9968 6054
419 246 2279 790 4644 1020 4821 366 871 4726 4721 1336 7233 4077 9968
420 4766 3005 4721 7028 4667 4644 246 9265 8260 2486 1905 4985 8140 2896 6698 2085 6258 9301 4941 7880 4340 7762
421 3005 4644 3523 8140 8815 5330 2551 2486 2210 7559 9640 1181 6269 6258
422 6840 4644 8040 578 4667 5330 3053 4721 790 8618 8140 9636 4880 1181 7285 4340 6258 2962
423 2279 3005 4721 1694 3417 9301 3523 1276 5107 6258 6840 4027 9265 4928 6153 780 7713
424 4644 3005 6840 2279 6258 9688 4726 7810 6859 1336 790 4721 468 8140 9265 745 935
425 871 3743 2279 273 8342 2744 4721 7459 1581 578 9887 4407 4941 5069 9265 8140 9301 6258 450 2240 935
426 3005 5330 9640 8140 3375 3523 6991 3926 4726 3888 8040 7887 4060 6258 1668 6054 3936
427 4644 2787 366 3523 2279 3005 9132 6840 1336 3417 9887 9398 7233 9301 7880 2240
428 3005 9688 5330 8140 2279 4667 1694 578 6840 3153 2787 3895 4644 9265 9301 935
429 2551 6840 9398 4726 3523 779 8618 2896 8140 7837 6258 1323 379 7213 4985 2962
430 3005 871 790 6258 4667 8052 6840 3766 6859 7977 8040 8175 1323 8824 366 8618 1728 7880
431 2744 578 2787 3005 4721 9636 7559 4644 273 1181 4060 6258 2240
432 790 2279 8342 8052 8175 8389 3417 8140 2551 366 2787 9968 2962
433 4644 3523 4721 2202 6457 3005 2730 2787 2741 4086 6269 1336 8618 6258 6101
434 2279 3005 6859 2486 3743 6269 7155 3745 3473 4486 4880 4667 2551 1276 8140 450 2085 6101
435 1336 3523 2787 8175 4644 366 3743 4178 2279 3053 5389 9688 9137 8140 9007
436 578 3053 3523 2787 9887 3473 2486 4721 8140 3375 3766 8618 3005 246 4027 6258 7880 450 6547
437 4644 578 1336 3745 4086 6840 8040 1905 2279 5330 3523 6258 5509 9688 9968
438 3473 4644 8824 1336 3005 9132 2744 2279 1020 5754 5107 6258 2962
439 871 4667 2279 482 2787 4293 4721 9887 3417 631 8140 9265 6258 450 7709 7880 9968 7762 2962
440 6506 4644 3005 366 790 2741 7459 2486 1796 3417 482 8040 2586 1336 9265 133 847 6258 9244
441 3005 3523 7155 4293 1107 1323 8140 246 2085 1220 6840 273 2787 3745 9265 9398 7049 7285 6258 7949 9968 2962
442 2787 3005 578 2551 5389 5069 6506 3523 7837 790 4667 8618
443 4293 4644 3523 3417 871 366 8140 4726 1905 4721 9265 1042 6258 6101 9968 935
444 4644 3005 2787 1905 2279 670 578 1122 1728 6506 4407 3153 8140 4134 4985 450 6054 9968
445 4644 4667 8618 4721 790 2486 1276 9640 2787 2135 3153 4821 1694 1181 6258 1668 79
446 3005 1323 790 578 7115 1336 2787 2744 3745 1181 2279 4667 8618 2551 379 8140 6258 6101
447 3005 4644 6506 4726 6103 246 1020 2486 3745 578 6859 4667 8815 5234 6269 9265 6258 4985 6054 6547 7709
448 4644 3005 779 3417 246 871 9132 4726 578 8140 2279 6258 9159 2486 6698 6920 9265 3894 935
449 3005 2744 191 1107 4293 4726 3745 2586 2787 8040 1323 6258 5474 4340 935 2240
450 4644 2279 366 1181 4721 246 4293 6506 3523 8140 9301 4985 8125 2962
451 6859 2787 4644 8342 9636 3053 8549 7977 1181 4293 6786 871 1020 4880 8140 2486 1042 8423 1625 4985 6258 935 2240
452 578 3005 3888 4644 4726 1020 6269 3297 2741 4066 2787 2202 4941 4985 8140 7762 9968
453 2279 578 1336 3005 246 2486 4726 7381 790 5330 5525 3153 915 6258 9265 450 9301 9968
454 1181 2279 3005 3153 331 4721 8342 7174 3888 6859 6258 9301
455 2741 2551 4726 6859 3053 4644 1020 8342 7559 3888 4667 1905 847 1625 4985 7285 6258 8125 2240
456 4644 5389 3523 8140 4293 8469 4407 3417 3743 9301 4486 3745 9159 9688 4985 6258 6054 9968
457 4086 3005 1336 2279 4721 4293 9688 8469 8052 8040 3523 8140 9301 6547
458 3523 5069 1181 3005 7977 1336 790 4667 2279 5107 4721 2486 9688 6258 2240
459 4644 4293 3005 3743 3417 4721 1276 7155 871 4486 5474 1323 2335 7762 2240
460 2551 4667 1694 1962 182 6840 1276 5330 4880 7228 4027 3888 3895 8140 8618 9301 2264 5097 847 6258 6547 2240
461 2279 4726 3743 4293 366 4667 871 3005 1581 2551 7977 1336 8618 4027 4345 1625 6258 9968 2240
462 4644 6258 3523 7155 1181 3743 9636 3417 9526 2787 2741 6786 1625 7880 7285 9968
463 3005 6506 1181 6258 2486 9640 4644 7611 9398 4667 8618 3895 1020 3417 6002 1728 2741 935 1668
464 4644 2202 8618 4293 4407 4667 2787 3005 8203 3153 4721 6859 2203 9265 7949 9968
465 3005 2279 3743 2787 8618 3745 4644 3153 9636 8140 790 2741 366 2486 871 3926 9688 6258 9301 9265 450 7880 9968 2
466 3005 2787 8342 4644 3888 4293 4726 2279 4486 366 8125 2240
467 3005 4721 273 4644 3523 246 790 4407 7233 4726 7382 6258 8423 9301 4985 7762
468 4644 3005 578 3153 3523 6257 2279 5330 8140 3743 2787 8618 9040 6258 4985 9265 1042 745 9244
469 3005 3743 4644 4766 6859 8549 3523 3153 4293 9636 8052 6258 745 935
470 1181 4721 3523 2279 790 9507 1423 191 273 8040 450 9265 6258 9968 1668 2240
471 3005 2279 8342 4721 3745 2787 4880 6859 482 4726 246 3375 1019 8140 6258 6101
472 3005 3523 7837 3417 4086 4721 2331 482 6506 4985 6258 7880 6101
473 2279 578 3417 4293 6506 3745 3895 5350 8052 6258 9887 8140 246 1668 6101 7762 9968
474 1181 1336 4644 4667 3523 4407 3743 4293 3837 4086 3745 3005 6991 4880 8140 4027
475 915 871 1020 7155 9132 9688 8203 3005 9450 1336 9398 7837 5107 3053 6698 7285 7880 9301 1625 1668
476 4644 1020 2279 8140 4293 8342 4721 3743 871 6840 6269 8949 3053 7459 7285 4941 7049 847 1668 2240
477 4644 4721 578 8949 4293 366 4821 2486 6859 6468 6258 3053 4340 7880 8140 9301 2240
478 3005 2279 4644 5135 4667 7559 5330 4293 3745 1336 9688 8618 6258 246 9968 2240
479 4644 1181 6840 4721 1905 6103 6506 1122 4766 1020 7880 790 5825 7049 6258
480 4644 8140 790 2279 6506 3745 366 8052 3523 2202 1020 9301 2486 4134 8994 2962
481 3005 9636 2787 4726 4721 6859 246 366 2279 3745 1694 9265 9398 780 2240
482 4644 3743 4726 1181 2896 8052 9132 482 6859 3297 8342 8140 2486 7285 3926 4086 6698 4345 9265 6258 6101 9968 8994
483 9887 8140 2279 6859 4726 8040 8743 8793 578 5135 3053 8342 8469 6101
484 4293 4644 4721 4766 4726 1323 8618 1019 7977 2551 3005 3743 6258 6547 2962
485 3005 4644 790 2279 4667 4407 1323 578 6506 505 4486 8140 246 6269 9301 9265 6258 6547 79
486 3005 2279 4644 3745 871 6859 6698 9265 3743 9301 9636 8824 4721 790 813 7285 450 7880 4985 6258 935
487 6506 3743 3053 6859 4726 8949 2279 8203 4667 493 4486 1181 1252 2240 9968 5715
488 790 8260 9132 4644 3743 1336 3005 6258 450 8040 2279 3523 4721 3053 8140 7285 7880 1042 9244 5715
489 4644 3743 6468 3523 3153 4086 4721 1122 915 366 4027 6258 9688 8618 6101 6613 79
490 3523 4721 3005 2741 2486 3297 4644 141 7155 1276 1181 915 5069 1962 6258 6170 2240 6101 2962
491 366 1020 4293 3888 4726 779 2279 2486 790 5330 4345 6258 935 6101 9968
492 4293 4644 3523 2787 5330 3417 8140 9636 3297 4880 744 4027 6054 8125 9968 6613
493 8040 790 3005 3743 2279 2486 9265 1336 8750 6269 1423 2085 2744 8203 2741 4667 8140 6153 8423 5038 9968 935 2962
494 3005 578 3743 3888 7837 8140 1905 3523 2551 871 6859 8618 4027 6258 9265 7949 2962
495 4644 4726 3005 8743 246 871 8140 9636 3745 4407 3417 5389 3743 9507 4345 949 7459 6258 7880
496 1181 2408 5617 3417 482 7321 6506 1336 3523 578 6675 4985 1625 935
497 3005 4644 246 5069 8140 6840 6258 4721 3297 2787 3837 949 2741 6457 3743 4766 9301 9265 9968 1668 6613
498 4644 4721 1181 4293 3005 2744 366 4407 2279 3375 1905 3936
499 3005 9640 8140 578 915 2551 3523 2787 2279 2085 8618 5547 1423 1122 6258 847 9301 7874 935 6054 9968
