500
0 9021 3261 1470 7561 6472 3469 2645 7474 1207 8413 8366 3824 2892 979
1 1375 205 1924 548 8699 6205 8987 2349 2554 4010 5790 2207 2816 9881 241 7583 3936
2 3963 5085 1216 4092 2643 5244 8293 6014 4332 6644 3608 2754 8590 7242 1752 7055 9580
3 3453 8251 4541 2784 1476 1098 5300 6956 5622 5827 1665 9464 2258 4076 5775 7954 8431
4 6613 4314 2555 1580 5400 3830 8618 3828 4646 1668 4319 9577 8768 1973 5962 6389 3802 9878 3950 5232 9993
5 7652 7361 7206 2508 8107 9093 1444 7753 4589 3087 6617 6915 3731 7834 7467 4439 2760 5258 6676 2396 8217 9169 7992
6 5948 5979 2028 4958 5621 2640 6412 6061 9040 1625 5848 9698 1087 705 4412 6826 3660 5887 4070 7413 132 6613
7 8726 9205 4223 6653 6598 4029 4744 2152 8284 7530 6325 9564 8979 6405 3758
8 5458 780 5748 7413 7845 9739 8487 3144 3678 3925 1943 5259 1084 8279 1205 9096 1183 8696 9733 654 5783 1472 1615 1452 3188 7997 5228 7842
9 7266 3487 9733 4869 196 5977 8352 3391 3176 837 4226 7463 1822 622 8683 6062 3723 8498
10 7762 1125 8293 2510 9342 4074 3859 2868 7672 4851 6986 5131 6170 1303 1299 4569 697 6762 5981 2175
11 1157 7026 9745 5072 1728 889 1477 5652 9023 4875 9464 128 1617 8580 8637 2471 9699 7791 5064
12 3073 2577 6831 389 828 4626 4435 4500 5610 7916 436 4014 3326 8512 8343 4539 3982
13 8089 210 5188 2019 253 8634 7837 490 311 4662 6433 4326 4448 2041 7516 2986
14 5458 252 2342 5171 1535 88 700 3543 304 7228 71 9303 7699 4352 493 8364 8277 9914 780 6967 7012 7949
15 2182 5946 4151 8874 8028 7829 7772 945 6651 2320 7572 7344 4907 602 9393 9019 6766 2652 6007 1731 3982 8343
16 3673 7888 1556 9014 4336 7014 3339 4776 7873 3310 7825 5629 4071 9842
17 1123 950 7431 5907 1774 9194 3038 2243 8068 1467 2430 1280 1591 3836 105 1571
18 3936 6054 712 4728 9184 1989 9465 5237 8332 7299 9976 9202 5479 7815 4213 8005 5458 7000 4596 5064 7120 6931 3268 9703 6502
19 776 6334 4326 9601 5739 2663 5005 3371 6461 3884 976 2782 5155 5269 1133 8858 1212 3835 6696 4060 8221 2598
20 3320 6082 1031 836 4126 5880 8639 738 3377 4155 6694 4547 4538 8007 9520 772 3106 9114
21 8017 6400 1796 8455 1101 3222 5126 4954 4816 215 7372 2324 297 5509 7426 9859 9759 583 1105 2121
22 7165 3173 5679 7899 7605 1168 8860 1766 4904 8521 2501 1496 5437
23 2288 3936 5025 2563 5750 200 2574 2451 3790 3418 9125 2595 4306 8754 5409 9689
24 4664 2123 1528 8989 4176 4945 1259 4400 2071 1867 454 9835 2937 9532 3467 5310 2984 2643 311 9713
25 8863 1282 3584 7355 8959 2037 624 5721 1408 4687 3913 4666 3105 3719 6852 6652 7233 7 8210 148 7949
26 732 3376 8636 689 6785 5303 3457 3872 4990 2245 4841 1420 5261 2239 2704
27 9496 9982 4027 5069 3174 8268 2597 5834 8473 6191 9135 4556 3984 3122 5572 2297 3943 617 3022 7055 221 7652
28 8931 834 9435 4784 1917 4844 4486 5747 455 699 8524 8344 5278 6049 6148 8531 7120 1806 5632 1694 439 685 8205 4909 9443 6281 2858 116 8043 3543 2288 5412
29 6438 6702 3355 6787 8502 2234 2842 5275 9 8297 4136 7134 6920 2763 79 6938 9968
30 2 1800 139 4149 9744 8048 9768 2373 2930 5507 3745 1307 1661 8538 9505 9742 3612
31 4107 774 6421 5887 307 7710 9004 3110 7563 4674 115 4551 1230 7890 8897 591 7759 5413 6101 8125
32 4341 7335 8040 6374 7664 5166 3498 4626 6532 6330 9838 8174 2946 8922 8523 5108 3705 9832 5903 8197 8812 1763 936 8307 4985 84 1871 2902 9043
33 7883 6537 6369 9354 3032 3393 6029 94 7358 2934 2059 7001 7281 6187 7601 3008 7885 4651 2014 1737 4086 200
34 151 2392 2077 7852 4176 9241 6485 4513 5417 2680 8792 3360 5413 3986 3323 5939 1799 3073 3077 6538
35 5866 6993 8970 8139 221 8137 2741 8511 2835 2166 1747 2277 6561 9615 4222 9199
36 9144 9187 9409 5912 6467 5505 7802 5491 3585 8689 9413 5822 4874 7933 4705 9968
37 9640 7744 5408 5982 7155 981 8784 1533 8071 7716 6687 269 7392 3687 9367 5022 6494 9664 755 802 7296 3316 6134 2962
38 1105 3731 1465 7733 9990 1275 6775 1090 1468 2475 8065 8680 838 5338 7626 9235 678 7162 872
39 476 1642 6699 7751 1345 6198 6060 1953 2016 4726 7980 2240 9707 2199 7033 3525 41 2205 4717 4897 3753
40 8994 6611 9199 6281 7082 9459 2809 6687 9306 1966 268 8573 9538 3167 966 7681 5658 5922 873 989
41 2958 574 9522 5523 1491 557 5060 2570 5548 1397 5113 3286 4211 2615 3686 7220 9227 7332 1355 3982 3111
42 8593 2653 6193 3547 2411 8905 3515 2697 6154 5009 3348 1534 8954 988 3488 5524 8896 7426 5149 8716
43 5880 9990 569 4943 1638 199 6585 7805 1648 7311 3891 4363 5594 7864 3728 8179 9719 7920 9846
44 9780 6964 4985 7581 9212 7870 8269 8382 2941 566 8335 3516 9129 6584
45 6492 7060 2 3588 4583 3047 7438 7422 8125 4931 1440 2628 1014 2472 8050 9199 9834 9829 9025 7949 4079
46 8990 8605 5656 9152 7568 3807 8162 3526 8866 9266 8994 3854 4200 9453 1043 8880 569
47 6285 6495 3679 8031 3349 861 3547 6582 8470 7828 7962 148 20 4052 1450 1081 9244
48 139 7230 7124 6147 5435 4482 5112 3857 8095 8529 5180 9063 3233 5384 2871 3814 7938 8325
49 4214 1702 3843 5880 7434 6587 9605 1789 523 5195 6270 1577 2240 2511 4297 8491 3774 8542 9600 6073 6139 8284 6465 1668
50 2613 6639 502 9528 259 6497 1162 6901 3574 1691 2155 4488 4050 9822 7213 9036 5359 6044 7055
51 6547 935 6938 9615 7023 1752 8941 6573 5920 408 7833 6687 5748 5557 6992 5151 626 4401 2768 7253 4966 9407 1439 6071 6301 7485 9191
52 7755 1740 6925 82 6248 2731 6456 6100 5106 7742 4761 3751 5778 3350 9249 2962 5038 7586 9244 412 1105
53 8414 4834 9979 8549 1666 8168 3356 3416 9770 6613 7577 9028 6363 2755 5595 443 2274 5014 2404 7517 6270
54 6258 2052 4624 8354 9915 1954 3586 2898 2530 7031 6492 2206 3461 9535 6101 5440 9836 8579 9623
55 8125 8487 8907 7147 5477 2414 6797 9016 4073 7330 1634 7488 8144 1919 7855 2070 2929 9120 4804 1110
56 1947 6030 6938 8702 9265 7880 5902 4096 2429 4199 9533 7874 8130 8214 9336 9921 5492 1262 3566 5564 5615 656 7665 6662 8090 6447 5917 9443
57 8994 1979 980 6013 448 4696 8199 5601 1390 2361 7333 5969 9716
58 935 4170 9654 5654 8428 1565 9450 4140 9869 3565 3732 2677 2544 9619 8756 3916 9684 469 1770 6137
59 22 443 1774 600 7989 6812 6897 9840 4950 9738 8752 8368 9007 7304 6902 941 4723
60 7296 9443 8697 7929 453 8173 2457 7479 3281 7903 1016 7508 7919 6197 3386 8883 9892
61 84 4430 6708 1047 5008 4419 364 2900 6241 1122 4972 5301 1429
62 2240 427 7413 1121 3070 9900 3423 7835 1225 8346 8102 451 1900 6381 1682 3232 5224 6727 2662
63 1175 5390 250 6541 5497 5804 1785 8953 9518 3138 5988 4624 7619 9148 79 2125 2951 2114 7296 1668
64 5762 8134 8174 7314 1172 1283 9587 3759 6162 2626 3115 7442 6170 5110 2712 560
65 8644 552 3335 1584 7783 1546 2659 8813 4219 7782 2422 5078 5135 8582 1574 6539 8125 842 6144
66 6074 413 2147 1414 4156 7447 1075 5735 497 696 5794 8527 8208 7269 1429 1139 6470
67 3651 7296 3549 6168 7636 5428 4849 5561 3548 8266 9960 4184 9270
68 2764 3961 7115 7075 4080 2551 1892 6032 5251 7718 8305 1250 1698 8733 6672 3249 7474 321
69 2910 4951 1918 8684 1430 8729 1781 8894 1400 3210 3195 6131 9004 1343 6801 3002 3992 5493 2327 7710 75 8722
70 4855 7997 6228 116 1437 8621 338 8349 7433 7736 23 2534 1119 1586 6292 8522 4367 6625 3505
71 2897 1227 286 921 793 2863 9330 7131 9917 6747 8508 2298 6752 9338 2432 136 326 5393 3166 3074 8209 7179 1730 7289 4362 4020 9968
72 5698 6102 1670 7135 3540 6491 4281 3161 4459 9622 5544 7194 4089 2564 9993 4561
73 8053 2184 4079 7771 5503 3969 4995 336 6370 168 1081 6889 8812 3263 6021 6367 2788 7762 3102 2681 5053 7500 4837 9732 6595 75 6547 3584 321
74 478 6499 164 4888 8243 1776 410 5911 5923 5631 8701 3573 7800 351 2085 7517 7438 9659 3936
75 8309 9498 6817 5777 9961 2476 4271 6213 4704 3428 6192 7585 7593 6232 1787 8534 557 4985 847
76 1515 3841 9470 8920 3882 7221 8498 3120 6718 7018 1788 5715 9954 7679 9736 3721 2796 6771 6003 7292 76 8491 3074 2240
77 4377 6613 3836 8193 6327 7682 630 9959 6642 2815 3213 5449 8238 7432 84 8151 8589 284 1305 4399 6962 4890 4168
78 8248 6817 7713 2557 6951 251 8778 6316 9557 6054 247 1678 7004 8986 3049 8776
79 1140 2057 585 9317 56 9075 7205 4801 5302 6346 2417 4403 2252 7849 1908 5347 3352 7713
80 6584 8491 4027 9889 8169 7166 6710 1435 4315 214 8209 4654 4831 2651 9722 3285 1319
81 133 3048 9677 9055 1860 7304 804 9667 3747 5441 6640 7606 7329 5456 2240 9239 7615 655 5421 2157 5193 3207 1979 6101
82 6963 3946 9798 5124 3795 4514 4721 9872 1626 8643 826 7453 1534 5446 6613 5412
83 7438 8445 6765 1358 5083 7097 8740 4533 5266 2390 7771 2231 4320 3249 6952 72 8167 8022 9548 9299 7078 6615 7669 1780
84 6537 4343 9968 5715 5966 7 249 2615 9962 5053 7459 5532 356 4852 6280 3689 9025 1710 9188 9636 9301 283 1044 3022 4842
85 2485 4350 1106 2032 1757 1040 7590 5004 7443 6210 2470 8132 824 8082 3842 7517
86 7413 1984 8176 6044 967 1914 7418 9944 3009 3282 2892 6237 6110 4134 7574 6797 4457 2568 5117 6734 9704
87 3316 2307 5825 8493 2496 1218 4100 9741 5580 2295 8736 1003 496 773 5871 6052 3850 7968 8235 3543
88 3251 9506 8692 1597 3059 4229 6850 996 6730 8431 3662 5097 5862 9953 8145 5780
89 7545 9293 2139 8306 8373 9820 2468 7707 2060 1428 2408 5680 9422 2092 8831 6920 5784
90 2121 5543 5580 4377 1391 9289 8895 1308 8000 9483 9852 1353 605 4175 4244 2266 1208 4847 5555 7752 3684 8904 1554 3936
91 2600 8836 3092 3545 2121 1585 6403 3053 8586 5547 1356 8604 9761 4147 6221 8110 8976 2460 4094 1066 7413
92 4180 782 4971 4699 6551 4629 8516 6035 3553 1738 8496 1199 9129 357 5371 1823 6296 7153
93 753 6187 3278 787 517 3717 6393 8495 7698 3325 183 9421 4182 1002 8126 9797 3783 9007 1145 7699
94 2112 7090 135 1379 2052 8401 9687 5537 407 1530 8801 2662 9086 2150 5437 2555
95 7883 5775 450 5341 6547 8417 8547 6135 2648 927 9850 5451 5856 788 5287 7203 3781 7233 4264
96 7971 7357 8620 2997 2916 8817 8749 5960 7880 8293 8933
97 8267 4429 477 4224 1267 7108 6674 7183 2860 1052 1529 3741 9826 9193 2437 2209
98 876 6631 9692 257 7429 8671 567 7164 3192 3716 8828 9108 607 5766 3602 6734 3012 6855 2643
99 5639 8104 4423 188 3727 299 227 4330 4648 6185 1080 5685 7114 9038 5483 4639 2892 5122 9852 3936
100 1498 2212 5194 4501 1192 4280 34 9252 1739 8722 5708 7241 4364 4160 9500 6125 3144 3445 3744 4035 9224 7413 9007
101 8209 9709 9573 2974 5341 4346 8742 724 4025 9567 3276 1492 7550 6849 9681 6083 2604 5800 7276 1934 8307 7439
102 2647 9271 8074 225 4679 3755 6630 8329 4871 7312 5660 9857 8443 486 6286 6101 843 850 6095 3012
103 9598 7234 9787 6347 7556 564 3241 8005 969 4710 6157 4986 5432 3341 2605 6982 7411 2555 8431
104 625 5933 3909 9357 8939 9943 5240 174 5894 3522 2998 2293 4808 9530 1149 7996 1289 9777 2413 9007 4567 7762 1668
105 7320 4957 7670 7586 7975 9312 3290 5334 122 8465 8452 786 6030 1829 2635 309 2118 9225 5862 6920 2327 7413
106 3303 5715 7079 1357 2582 9514 543 4519 2726 1117 261 1668 5412 2555
107 9632 1831 5138 3254 3795 9137 9606 2961 8391 9183 6471 3838 4290 4246 5548 7997
108 7762 7219 8212 7084 9665 9644 5173 6380 7531 7759 540 529 6126 1971 5006
109 9031 5715 3718 716 8293 4793 7858 5396 6122 1461 3586 6805 9444 7486 958 7709 7925 2864 7187 4170 1238 8169 9199 3032 935
110 3504 1581 5053 8598 1112 4855 6881 6331 5141 7429 7967 7284 9411 8351 3490 4340 6200 9284 462 1145 7032 2752 7762
111 7481 3101 9593 8300 9449 9688 8019 4474 113 2179 2644 4991 4679 8761 3437 621 110 3427 7429 6938 7949
112 8470 1728 6978 7575 6482 8387 5608 4750 1503 4304 7621 6373 9610 2018 2278 6949 2634 4823 2176 8932
113 1071 1839 278 4102 882 6459 6251 3145 7921 4865 4396 2061 5049 3950 4985 5821 4507 7880 935
114 4311 9461 6778 1125 3887 3130 9683 1539 6586 2803 504 7310 5399 9616 8700 6323 2 1633 5063 9723
115 8146 538 8841 1204 8441 9515 9124 8652 8870 7889 8765 3813 1631 2218 54 2290 9111 5966 8671 6101 1668
116 5156 3530 6034 9746 396 5152 1134 9161 7715 3501 5492 7797 2267 1984 6672 7517
117 3024 6516 6789 935 5014 5115 4558 2734 5918 3143 2724 9127 8671
118 1479 6261 8027 7896 6643 2318 4939 7154 4317 9086 4840 2586 5003 1904 3058 8295 100 3835 904 9432 9494 9965 7880 4352 4199 3894
119 2739 176 2876 4873 5466 505 9034 4274 5233 1298 604 1595 2922 2537 3543 8387
120 3376 9065 2982 3184 3538 134 8841 2226 9244 8158 7758 2443 8725 6165 5305 5412 6054 5507 2555
121 7949 3316 2704 4167 3521 6821 8750 2571 7860 178 4285 8203 6566 4277 4720 1265 9192 5247
122 8994 6327 9893 2494 434 5340 8159 7558 7501 3451 9912 2932 6560 5318 4633 7912 468 668 9178 5245
123 8212 5277 1950 6258 4490 7288 1476 80 24 5929 2279 6313 9431 9988 1478 6578 2904 8891 1593 5788 3158 7706
124 7072 3567 1933 1722 6896 5917 8951 1560 352 7157 3602 2723 811 7122 6621 5419 2019 8134 2058
125 9968 9270 2349 4314 4377 6875 7927 1152 1362 2889 79 5662 8674 6900 8154 9786 9040 3958 5052
126 9533 2413 9273 2699 2052 6226 3017 2657 2171 8289 4649 1454 2643 9874 366 501 5442 1290 4941 2165 3364 7684 5500 4780
127 6376 9073 9451 4170 5746 4020 1724 4883 2099 8241 4035 4082 6624 3993 2517 7795 1979 1668
128 2607 1850 6262 960 1223 4948 3631 6954 6743 118 4813 3157 8977 3137 8491 7557 657 6882 8609 7883 6827 8396
129 8233 385 2 965 1988 4399 9404 9694 6181 8091 3243 4734 5073 9891 6938 4352
130 8644 2128 3728 9089 6463 1105 1289 3578 6936 9327 270 9533 8410 8985 4481 6978 713 353 487 9174 5330 5316 1295 5198 4901
131 8423 9989 4450 4977 5519 6155 6282 2926 4573 447 9679 1693 8617 8718 6054 7906 7240
132 9380 7579 4188 5593 4087 8724 4375 1144 360 3972 8827 1911 8839 4484 6613 9461
133 8062 9576 325 2150 9323 7425 9848 3365 1896 4672 2227 5176 4835 6212 2999 3194 9230 8183 5286 1121
134 9829 9555 6134 2521 6454 9693 3528 3622 6514 7609 8116 3481 6115 8365 7639 7513 6427 2088
135 3653 3958 9861 7769 1317 7699 3568 2034 78 6938 25 6375 5664 7624 9584 308 2306
136 79 7296 5458 1589 6235 201 7283 9345 2196 781 2155 8515 7930 4777 1721
137 4880 9911 5367 6613 9462 2761 423 8587 8253 9049 4008 8293 1195 6464 5507 6676 2986
138 8710 8056 7153 4107 8181 7444 8193 2103 2687 5559 2142 1605 4770 7649 2001 3354 4377 8396
139 6101 7538 1968 7917 4388 4121 5748 8890 7628 929 6937 4470
140 3664 3590 1907 1469 7792 712 9512 9282 818 2848 2459 4506 1429
141 7069 6048 5637 8012 1186 5346 6916 7995 5267 8950 7438 1274 2554 4957 5715 427 6899 2121
142 6387 2736 1156 4614 4639 6089 4731 7472 1667 7408 9517 6030 6428 7852 4112 6271 7201 8134 4314 8470 4107 2288
143 7179 7936 6303 2431 6790 6724 5293 7180 1572 8476 2098 5144 1028 1279 2773 1353 9720 979
144 6982 3476 7461 240 8585 7714 5949 3758 4328 4116 4779 3894 7600 9023 8711 9545
145 6750 6909 6961 2393 3044 6139 5687 7708 8044 4647 3411 4099 8186 5028 2960 7507 7101 3012 5323 9615 4985 5607 2288
146 2555 4558 3758 9673 1490 2213 1431 1562 9110 3750 8408 3936 3084 8172 3831 5846 6355
147 3752 5322 9965 8947 6790 1042 891 7743 4521 7694 9207 6113 2896 5112 3753 3630 9791 8554 7351 7146 820 1963 5605
148 2 1085 8495 60 9844 6515 778 5612 2340 5002 6518 7569 7325 4053 2215 4707 1696 3054 2183 9652
149 8462 1984 6592 7599 4407 7631 8358 2670 4803 8766 9710 7547 3060 8646 229 9156 800 7088 1557 6054 1299 4314 3521
150 9990 6523 3580 8263 8025 822 3061 887 2169 4624 8228 4767 7741 3045 6744 6778 5401 8644 1534 5445
151 5437 3672 6321 5558 6919 3261 9102 2007 2908 2805 6807 6276 7587 2188 1524
152 1912 8775 5029 4043 1335 4347 2785 7379 5744 2289 7487 4993 8845 4921 6469 2705 8043 7153 1454 5677
153 2615 447 5401 1121 2979 3907 1640 2421 7854 983 2365 8298 9305 9164 8386 9831 8862 8425 9374 1256 367
154 5219 7653 8495 9397 2414 4941 3799 9795 5528 4312 5858 1663 8433 3158 6291 2965 5086 5840 9316
155 6020 925 4619 6390 7533 7734 5908 5023 411 2933 3877 7765 3776 281 6283 8980 4093 2855 1142 6305 4923 7960 7610 7517
156 6895 9351 3629 5280 5068 7979 9424 3885 3482 8597 9418 3041 4144 839 2074 84 8092 8193
157 9244 3393 4787 7044 2537 5204 3733 9112 2869 1188 316 6360 926 5467 135 4199
158 7153 2437 1950 5704 1138 7235 2036 4237 4562 120 854 4908 3021 5880 7688 1049 7400 3012 3869 7961 5989 7759
159 6161 5340 2182 8370 1600 5263 7428 5038 6460 3739 1756 5784 5477 8722 3036 7673 145 5335 5674 871 993
160 8552 4241 238 6351 1471 729 365 3494 1531 9013 2550 8780 6327 6379 4812 8805 9562 6910 4855 7200 6537
161 7367 3576 5713 2190 1056 2962 2341 1195 69 1039 914 1117 7652 6715 2100 7225 1927 9510 4357 2715 7511 7699 6547 2986
162 4864 6152 8194 9011 7790 3600 7481 8821 472 7652 1169 6404 718 4378
163 935 7949 321 7153 1134 7787 5307 9947 2943 6020 7413 6688 6888 9408 6506 8057 1263 3259 7173 3634 7127 8803 8998 3935 2630 9398
164 9132 7861 7932 1871 917 5389 7365 7163 7410 2422 9476 863 3326 1987 5465 9048 6680 4505 1383 5688 888 2187 8887 7249 3047 3108 3395 745 9842
165 7762 5326 427 1812 491 8717 766 3920 4206 1683 9270 1394 3998 2682 3432 1375
166 3383 5867 5732 3926 5134 4948 3338 8716 6088 3966 2716 5999 6756 1544 3434 6692 9545
167 6359 9463 7519 6377 3772 684 3880 7213 2286 6 1708 777 949 4588 480 348 6671 8022 5304 7438 5775 3103
168 7087 9671 6254 2792 6567 7541 6087 6140 1608 6401 1873 973 3089 4914 6905 1548 6609 4664 2028 9765 9461 3905 1731 2437
169 2676 1868 7807 2857 9015 4799 5044 1363 2446 5186 8406 2049 3368 6258 291 7730 6742 1981 8227 2679 3914 5090 5762 8439 1774
170 1668 4341 2892 8756 2752 650 2249 1453 3625 6337 8272 260 2204 8116 7733 9549 8850 7193 5251 3089 3486 397
171 5609 4622 3374 4797 9036 58 6861 2326 1341 6622 6092 3015 9501 9789 1064 1353 1904 9453 7237 5814 4791 1731 9560 3163 7883
172 5964 2299 6002 2004 717 5954 875 8561 2800 932 147 7176 8663 1668
173 7949 2288 7029 4597 8994 2766 8668 369 1160 4712 4266 5647 8773 7071 9858 79 6627 354 5552 9843 2696 4698 4354
174 2113 9621 4311 1619 1972 3606 5077 1576 9706 3632 5047 5320 2698 9483
175 321 4909 3521 3468 3536 3677 4604 952 3458 2515 2595 6176 7156 8103 8416 6843 9970 7737 6409
176 321 4901 4581 2193 5242 809 5340 5582 2531 4236 193 9862 4532 3990 2288 3429 5961 2898
177 8994 3012 2327 9659 510 1196 8155 867 3655 7294 3584 8130 8526 4379 835 8829 7795 4610 5704 1396 4359 4232
178 8994 3534 9113 2420 7341 5538 8834 5412 6145 2699 1960 1246 2329 4975 1606 3113 8133 1869 2693
179 7652 5386 4923 199 6240 8557 8731 6258 6426 2453 6706 3116 9543 7197 5831 7456
180 3012 8711 6737 3075 8490 3071 1782 4228 5331 9392 5321 3079 2003 6795 7859 8794 8442 4337 6416 650 6188 5520 7968
181 2444 9649 3665 412 2008 9348 6834 6735 8676 3904 1760 7153 7886 5779 3502 6481 5849 1900
182 1429 719 1741 4033 5921 5260 7675 9139 4487 1213 6358 203 9825 2529 2377 7688 979 6460 2527 5048 7182 3926 7806 4385 5412 6967 2643 7949
183 3820 3812 5494 3432 2732 8824 7739 6938 9991 1134 3309 5153 7630 9484 3329 7352 2087 5915 7833 1150 6503 9160 9013 5507 8134
184 1276 6953 499 7045 5962 5738 8947 8021 7902 2096 4284 7883 5345 5445 2467 2332 9812 8741 3111 3894 7296
185 1641 355 56 2114 2349 2519 431 1393 1596 9650 1810 8468 1000 8489 9196 7005 8386 6044
186 1607 1658 857 4974 6867 2343 9848 7355 2857 3012 1587 5119 4559 5796 4708 8324 3279 4818 8043
187 6044 5848 2533 6949 2630 8092 6454 9062 435 7689 9661 4242 507 8230 3910 2505 2404 8183 794 6555 6798 6616 866 5885 7950
188 9270 5030 2240 139 7040 8714 9444 66 2116 7110 7027 1550 1127 7680 7678 6386 7023 9714 6332 2666 4362 5323 4909 925 427
189 1583 6326 7683 3783 1367 8313 4253 7775 6334 1981 4795 9347 6151 1371 4781 6299 4276 1058
190 9800 3942 4866 6623 1332 3269 7489 6274 5164 734 5215 2621 2246 8200 5309 7839 9573 221 7133 9968 7762
191 6258 2698 7864 2727 5650 6713 8799 7076 2503 5651 3666 7136 2223
192 1986 7476 9313 6417 3497 3220 1463 771 9186 8147 5843 8078 7983 5788 1102 7544 1833 5064 2
193 7948 1339 321 9139 1058 247 8841 4953 7449 154 7801 7385 9379 6538 5481 3207 3766 1383 3072 6739 7788
194 3877 5715 7652 4647 5451 1488 7944 694 9902 5854 7727 3830 2858 3630 5448 1814 5666 9219 8008
195 1552 3981 6554 6453 6509 9311 5771 1495 4963 4858 8966 9656 8125 2804 4385 8402 3077 106 5864 1104 1868 8487 3261 8711 7652
196 7864 8711 321 9483 7001 7048 8116 8344 1700 4199 9155 3370 2704 3676 4195 9896 5386 2612 417 3853 3314 6201
197 7474 9848 7622 5964 2010 6465 259 6467 1482 4690 4259 6912 6227 3995 736 508 6030 3543 5307 1534
198 8930 3226 3493 1932 4828 7409 8254 3897 3109 9842 1067 2186 5581 7407 3756 6224 7627 5689 4909 2128 732 3146 901 4787 7153 7699
199 8406 8068 9265 2970 3830 4093 6978 4189 1146 5517 2237 5101 4293 9416 9558 9657 7545 1154 6186 8533 7526
200 7652 7762 183 8431 527 79 9988 6236 9933 6938 7055 2555 6545 7666 9977 483 3061 6058 5080 5142 5383 3240 2353 362 8556 7177 2745 6875 3135 420
201 7602 8342 7570 8973 7053 8235 2539 7686 9580 2141 4489 8389 2987 2495 3379 5372 1125 2121 6470 5788 7001 7240
202 2423 1060 519 5125 3609 5313 267 9701 3775 3735 1193 4594 2346 4679 2183 4356 4400 6258
203 352 7296 2957 2768 4278 5041 7434 9771 1656 4686 8871 2562 7933 819 9279 4878 2424 3964 2894 1150 2005 7419 2407
204 5412 9637 1843 7676 177 2735 8220 7596 6933 7841 1623 2062 3114 4468 6051 2865 9918 6869 3403 1705
205 8507 9493 4431 272 4693 7030 3479 5962 6641 8751 6153 8431 3097 1035 8613 466 6258 2623 6613 3005 2537 5341 9301 3982
206 5762 3982 8883 3720 3452 8494 1109 19 1893 7217 5794 4534 7560 4210 5391 4037 3080 4520 5099
207 4035 2986 8716 1668 673 6739 3675 8134 2740 6558 1808 6233 4177 8672 4154 4564 4289 985 8121 7364 9236 2668 4709
208 4418 5322 3305 5566 4065 4034 8453 2707 4544 6302 4060 9075 3377 2827 1590 9104 3334 3635 7105 7929 726 457 5879
209 5218 1835 4496 5328 8942 4979 6987 627 8654 5412
210 8293 3944 4313 300 9633 3842 7618 5304 9668 1611 8982 900 4084 3035 8481 4891 1368 9412 2375 6020 4745 3410 9930
211 4035 9089 8284 8644 8332 3435 8819 3363 8785 8069 8315 3885 2026 9247 4909 2125 7564 9041 4680 2781 325 8881
212 1153 8780 8287 7671 3862 1178 8705 3777 296 3762 5861 6860 394 6479 6295 7904 1145 9248 7012
213 2603 7007 1791 9238 5719 2305 1784 3050 1572 2327 9405 5217 2104 5360 6202 5066 8647 8650 3894
214 1668 9834 9265 3513 4949 26 2228 1407 6659 4737 4035 4983 4162 8571 9721 244 613 3581
215 8994 3784 2651 7907 4814 1045 9466 3703 4151 1191 2167 5005 5179 5953 2713
216 7038 1877 4110 3506 1985 9168 9318 5445 2722 9098 2770 7104 6344 8728 259 6292
217 9968 1979 1484 797 4760 5882 7370 8474 625 3847 9559 9029 7266 1775 3729 79 883 4414 2662 9586
218 6913 3362 8185 79 8069 5773 5061 9050 4967 8733 8673 3129 1197 1555 6289 9491 2935 6531 8788 4362 8982 8908 2128 7949 9007
219 9283 4636 4007 5239 157 4192 2055 2668 138 2666 7790 1564 3652 5873 598 7320 6584 1190 8781 2080 5862 7756 4423 6827
220 4035 745 954 8539 1216 3641 5775 6621 7342 7946 1864 8670 6042 6365 4129 5813 4402 4548 2938 8856 6298 8223 3681 6451 9374 9395
221 4199 6692 979 6269 7940 2109 8631 2610 3626 1288 4786 3779 698 5454 3165 4916 3128 6415
222 205 9299 4376 6395 245 5841 7368 9119 7909 8609 8601 2072 9172
223 3936 7471 6733 9353 9969 9688 6211 4792 2214 7406 269 6418 8798 1097 8807 4494 6391
224 6767 5095 6544 1059 1931 4857 6077 8994 7617 9511 7813 9783 5020 5764 1116 1999 6482 1580 4326 9955 8711 6672 6613 79
225 1405 140 6693 5560 2589 4368 4740 8566 3065 986 4339 9213 3982 8227 6528 7153
226 7142 3905 4238 2275 8838 3557 8832 2486 211 4015 1847 6124 850 542 4326 1763 3554 8327 2033 5219 2264 7050 1401 3077
227 2240 352 1085 1105 1979 1560 3753 9402 6557 8484 7429 1761 6161 9300 3866 4077 9359 1255 4179 2797 3877 5088 8859 1566 3801 2555 207
228 7786 4399 2990 4349 402 1793 8429 6141 2903 9291 9138 8867 5563 6357 3833 5917 5296 7575
229 3543 8994 5715 8149 1042 9001 2959 1828 9215 1201 2244 1562 1826 8450 767 9377 8685 9364 3262 9666 9646
230 9007 2158 7126 9404 265 5283 1670 7884 8975 8098 5206 3023 642 3956 5904 7970 6143 4561 606 2058 7396 8375 949 6161
231 8418 1329 6398 3726 5543 9440 102 5693 8728 2699 5248 1942 7919 7270 7575 1406 3023 4623 7505 6796 9088 3757 238 1358 9842 2288
232 6320 5526 3186 5869 9369 9163 8564 6922 3433 9926 5120 155 5445 2874 2500 5539 9003 8160 7429 3032
233 1383 946 8377 2175 2454 1980 5592 2414 2576 4746 7817 581 4187 640 342 1246 955 8235 7120 3012 935
234 5604 5700 9758 7219 3700 8052 9215 9264 7316 8419 9384 2650 1668 4421 4199 1442 935 415 5203 8559 4660 1343 8794 3586 9138
235 9244 5307 6613 7438 1299 2577 6827 7240 7534 791 1813 7274 3053 1347 6894 3948 4314 4326 2185 3817 9816 8532 8015 4959
236 3144 8623 827 7867 49 1754 5683 6510 1234 1327 8912 7099
237 9010 8693 838 5801 5295 8907 3603 4057 441 2516 5541 8037 2384 8498 1017 6975 3579 6981 5865 4563 7949 3232 5383
238 5429 9071 5348 8227 752 609 4358 7473 7247 3914 3764 404 374 5190 6564 2121 4381 7850 828 774 5326
239 5129 8848 9302 4984 6938 4031 3500 9415 5121 905 6832 3599 8671 843 3158 7413 5715
240 6672 9842 3006 3583 3767 9448 5042 6799 1750 1256 5308 9094 8580 9997 5192 4416 3827 9115 7088 2744 5525 239 3023
241 8958 3877 1670 1410 1582 3117 55 1287 9273 6677 5986 7219 9845 2047 7204 5277 3715 4612 6604 796 1905
242 5132 2972 1032 7575 916 1343 8964 2808 6223 9627 5522 7808 9847 9304 8003 9290 7880 4787
243 2240 703 7754 552 9772 131 1890 2886 65 153 3011 6470 7524 2288 4377 5412
244 3343 6244 1524 8400 1674 5395 5471 2718 2220 7215 236 1328 1767 6732 79 4912 935 2128 8005 6778
245 6369 7055 89 8528 1346 9788 7366 9237 5099 7874 1979 1063 6565 1944 9964 7451 2753 489 5322 7333 9453
246 8116 2975 1803 4194 1128 6483 9603 1215 1654 9032 6018 1849
247 9735 295 3153 3454 5448 545 9871 2412 6530 8260 3392 5584 2962 117 8046 7697 9340 4717 437 3584 5762 9533
248 412 6802 4282 5839 3004 1441 9324 330 5983 4028 7949 8898 5845 9990 2790 2359 4161 9199 683 2146 5326 4020 9545 1153 745 105 9968 935
249 9181 4333 7509 7696 6354 666 4123 964 5863 4193 3151 8968 1555 7389 1226 9319 3277 450 8844 9199 1871
250 3441 997 3172 8477 1270 8703 5930 3018 7437 9375 1396 1495 9299 935
251 9521 4372 8698 3313 1370 9734 3696 7955 6800 3291 880 2807 3242 8591 1065 901 2685 1916 2413 6980 6827
252 6428 3463 5339 7167 2143 5329 9080 2345 7160 8844 2499 477 6744 3977 9809 6440 8444 1058 7745 2649 4234 979 843 7709 2986 7120 8125
253 3203 8934 485 9133 528 7053 7756 9523 3811 7820 5818 6300 3648 1848 9942 6309 2064 427 780 442 2251 5862 321
254 90 7977 761 9253 399 3561 928 8390 2883 7383 8795 4456 7413 6606 5709 2914 7699
255 5411 76 2962 9545 3771 6654 9778 7377 6425 3563 5783 7059 1041 3270 8570 798 9995
256 4539 1137 6129 1644 4697 5849 9830 3702 663 3856 2992 8876 3620 943 3127 7776 7922 2867 7641 9050 5340 5412
257 2203 1242 4822 6029 264 7170 8252 4898 1952 6977 9823 5163 7762 3271 6064 8066 4692 5412 1962 3894 8812
258 1790 3229 5589 8105 2690 3839 5351 8889 7922 2852 6164 4809 6136 5490 3671 9294
259 1273 6486 5286 400 5507 5437 3103 6759 823 1879 250 7020 29 876 6036 8796 1527 352
260 8716 3894 9551 8212 8902 1053 9793 3783 5450 6458 5893 7499 6675 6996 1105 3046 1330 8371 4574 2489 2002 5896
261 765 5149 5696 7405 8744 6290 9527 3043 1637 3737 2779 906 1557 649 5880
262 4011 8109 8462 590 2474 7881 5630 8600 9200 7894 2902 757 5340 5824 4472 7306 9160 3342 5527 4401
263 8831 8830 8248 4367 3846 6341 3034 9275 4802 6647 9130 7779 3244 7289 3700 8236 6691 1079 6445 9957 9197 4870
264 6677 565 741 9589 6242 4896 9457 1224 7703 9939 8239 3377 1750 2189
265 3885 3757 9325 3989 1613 8503 14 9655 6918 930 8320 2323 6458 9935 2415 5583 6707 735 6094 552 9836 4377 7438
266 2773 8092 4752 1121 8088 2078 226 9403 3945 3894 8460 4958 3304 3691 8198 7692 5910 2578 9428 444 340 2927
267 3714 9764 8111 141 8058 9540 6670 4216 6195 1247 8427 3414 2240 1083 7153 32 8387 7654 5226 1496 6349 5762 9991 4314 2962 4045 412 1299 5848
268 8506 3539 8131 6487 3199 5816 4819 8810 730 546 1632 406 6989 1455 2717 710 1415 9404 3602
269 7198 5437 5821 6511 8770 5029 8290 9777 5913 4811 9510 5407 4455 569 1413 6267 96 8265 4071 3827 9992 7042 4782 6404 8716 3241 9374 6538 935
270 4069 8014 4361 2968 5219 6608 3981 5265 5657 5398 4323 4344 1316 7082 8134 5471 3894 9007
271 3751 7749 7984 3582 1339 3637 4002 6189 6057 4988 5567 2966 5105 3354 1501 6938 3523 4900 7687 1742 7864 7699
272 8257 1923 6084 2856 2260 9654 8708 9101 4935 3288 6886 4197 6275 8130 6489 4919 3163
273 1668 6895 8509 4653 9766 5667 1710 1496 8543 6620 9114 7043 6219 3936 3510
274 8782 7699 5569 7232 6239 7186 831 4830 5529 146 1625 8284 7575 4020
275 8994 2427 9406 5485 1458 4469 8220 148 8514 8247 83 321 4727 5531 5798 790 3043 9898 5248
276 8826 1343 5677 4124 9078 6700 5763 1103 6264 311 3184 9932 8530 5241 148 2358 6306 4539 5019
277 2013 7699 4443 2981 8471 4625 5799 3322 9051 9175 2105 5998 2164 8087 5373 686 1348
278 9244 3758 5547 6534 9039 9730 9585 1299 3521 4592 5957 7789 9750 5703 3748 6838 9582 616 898 9583 2904
279 79 7868 3965 9116 6692 9938 4807 5034 8709 7161 2627 8937 7397 7251 8013 644 6469 9199 9301 7883 4199 6258
280 7105 7542 6924 7820 234 503 6942 8051 5187 1614 5934 9219 8994 9541 1821 7313 9232 3758 8491 2288
281 5810 7553 219 4527 5352 9807 991 8134 9383 169 6038 8961 6698 7875 7543 9827 6765 5181 7055 3584 5677
282 3837 7821 7880 6287 8123 8153 7506 5097 8495 7640 3711 3693 1707 1429 8212
283 8188 2346 912 610 5501 9581 4356 159 2201 5 4295 1048 748 3852 9298 1598 3918 5898 7 7791 7457 3543
284 9007 2986 9842 1083 925 2963 6170 4838 6402 3470 5692 7740 8148 4345 2240 4254 1809 6507 4929 5172 7077 7314 2191
285 420 7762 8994 9404 2593 692 4314 7653 2918 3650 1248 9245 7262 3215 8042 6105 3331
286 5899 7423 7369 9487 3113 8068 9190 7248 3643 1238 1299 3796 8645 632 9916 8431 8686 7736 1383
287 4020 7762 5783 799 4665 5885 6661 1309 4432 4619 2875 4735 301 2882 7713 2355 2416 1051 9852 3823 6216
288 5502 2240 9414 1665 9865 5772 2031 1499 8492 2497 5147 3855 5859 8206 5860 7240 6549 2480 3111
289 3405 5942 8612 6619 6464 7747 1916 4258 2795 6190 6935 6568 8211 3014 3624 6482 79 5038 2643 9842
290 5767 8142 5838 4245 3804 8302 2238 6599 7029 9685 769 6431 1818 9276 4784
291 9299 4352 1543 6781 4181 8026 3183 3376 9358 2555 437 9565 2304 2389 3836 667 4937 9056 2791 3104
292 6534 2025 8600 984 9811 6556 2553 5870 5369 578 9994 2127 1004 6525 321
293 4531 1352 6851 1841 7537 4944 707 6424 7559 1720 129 227 5530 8215 6014 4128 4884 9244 4967 9007
294 4342 5740 1095 5482 5257 6175 3808 5448 9153 2005 5478 577 3941 6540 2140 5229 9436 4230 7296 2986 935
295 369 7036 8920 7318 2917 6296 8488 2160 421 3560 199 2124 368 17 5327 8348 5869 9968 8134 108 4567 9007 6547
296 2538 2192 3708 3178 6112 5368 9335 7096 2399 8312 5050 6209 6658 2579 2945 6538 1774
297 9848 4286 3885 9465 5208 810 7254 8411 1681 9371 4272 8505 9173 9139 4391 1930 4106
298 9007 2288 1710 9533 6922 1287 8618 4956 2439 7415 6000 3997 4475 7848 3840 4117 8885 5430 4150 2923 3265 8269 9216 2198
299 5211 2526 6921 182 101 4714 8762 5096 7093 4056 8130 7363 2481 492 2790 4976 3006 2412 1401 921 4199
300 8994 7266 712 9224 3665 205 2904 6635 9171 2617 4942 2210 1964 6519 7086 6865 8125 1423 8499 8282 8234 6022 4691 8145 4962
301 971 9109 450 1638 7050 9818 2236 7798 3949 2989 5835 1688 3146 8702 8722
302 4212 8981 8842 5451 1315 5075 279 688 5017 7021 9937 73 427 3937 9533 139 9007 5412 3936
303 2256 4719 425 7267 6496 8340 3312 7240 7787 1800 9873 8434 2915 9195 2850 3668 9231 4965 4985 8894 9545 2340
304 2986 3012 8794 5175 2555 5470 768 4032 8449 4587 9578 847 5386 1534 9285 9362 13 8345 8688 3836 1762 7956
305 6635 9259 9478 9645 1929 8837 5751 2340 1984 6457 8466 9674 6410 5535 8083 7240 7740 3316 3885 2643
306 321 4855 7709 2870 8848 6026 9626 6318 1187 2065 5097 1647 420 3754 8004 7 1380 7037 8816 6748 5212 5645
307 7153 5507 1058 3684 4967 7869 7360 2893 4352 4507 165 1961 9928 9178 9481 7331 4243 172 5294 5901 9755 9579 9757 2810 707
308 8644 7545 1173 3032 6270 5504 9179 5006 3550 518 8341 63 862 2970 202 7456 6736 5268 2601 8331 18 6526 5802 3160 3103 1711 6385
309 8918 2866 8789 3642 5011 9107 1672 1727 4097 1956 9209 5273 6547 7026
310 4442 3227 6406 7399 2401 2319 5728 8478 7054 5596 2339 9309 4132 3572 8085 8840 6500 9260 6528 2304 935 5869 399 7153 4035
311 3836 2 9533 1534 3074 9120 6310 3994 3745 8720 7153 8275 2552 7770 1697 8677 4845 1348 2884 8878 3319 6863 695 8566 1336 1260
312 776 6336 130 3231 5534 6695 3016 7254 9244 9834 5339 6776 6452 9948 8316 5094 738 4108 30 8651 9573
313 7652 9615 847 3529 8009 2079 1622 728 4824 4051 6979 4584 2787 9295 463 2074 7525 3781 895 7486
314 5677 1358 6538 4400 3858 5072 8624 3586 2867 53 9495 2837 7582 2925 5514 6477 3535 30 3669 7822 3409 2721 1940
315 1557 6308 4341 6632 5158 5606 9524 5364 2819 7172 745 3284 6666
316 2107 603 5587 8067 4933 7309 6572 8887 8759 2173 6117 8678 2171 5962 6613 5412 5340
317 8687 4970 5737 5875 5950 4340 6777 9474 3633 2638 2725 6959 6480 8811 9217 1353 8858 4958 3012
318 2983 1364 4879 7657 2480 1978 2168 2639 5388 8518 9866 3012 4688 468 7988 6590 5984 6938
319 376 1858 4081 9159 310 6141 6512 8294 9255 2327 742 4742 1745 8864 1865 8594 4926 220 6859 7159 2315 6285 2422 4004 9083 7438 2121 2158 4855 4020 2986
320 8797 9347 4616 1425 3743 2737 2344 2591 4832 1465 2391 851 7551 555 6793 3983 4859 7736 2962
321 5234 8363 4695 5150 1220 9376 7647 379 7454 6465 7393 8163 4309 897 9537 2063 1601 2900 6115 7652 2240 2288
322 4453 5947 9526 979 6827 8722 935 6811 4109 4846 3200 1210 9970 1739 4385 3117
323 2 2288 4728 9613 2983 1403 5958 9625 6725 8143 7244 2101 9676 76 2383 3308 7725 3607 7013 5111
324 9211 7698 2486 8635 7062 2314 4590 7874 8603 9000 7148 9972 2856 7240 1025 9129 1774
325 2555 259 682 7119 6407 6505 9607 9012 3208 5876 4256 6352 137 6671 4352 5785 1289 2464 1779
326 8431 7762 7782 516 183 525 401 2310 8952 6890 4510 1552 4778 39 6997 5623 427 7293 8583
327 9281 1557 3230 8910 2029 1798 5193 425 8403 8539 4884 6266 77 2985 2709 9372 9145 1253 1815 6892 9947 9615 105 3792 1979 8644
328 709 2771 6538 9551 9499 1859 3864 3485 6543 5734 4955 6397 9848 2402 3512 6631 5359 5509 6001 7120 259 4765
329 4783 6166 2302 5375 1838 2195 608 440 216 1753 131 9518 6020 8185 9968 2904
330 2978 6770 1365 9930 2000 3298 3758 2629 9103 9763 7440 6686 6646 450 5553 8287 7949
331 1934 2155 3238 7191 2232 3003 9262 170 662 3032 7831 908 8448 1669 1093 6498 2106 8528 5962 6938
332 745 5156 7874 4045 4199 2387 1232 9013 5684 3385 8130 7074 8086 2683 9090 255 1523 7199 7210 358 1601 5758
333 9083 7012 3902 750 970 5512 3527 9265 6101 1772 8122 8113 390 4924 9775 2491 9804 1206 2439
334 569 1571 7308 7623 5803 9387 7865 1105 476 3156 2197 2211 5848 3066 7435 3699 6692 3675 7064
335 5219 8135 2986 5690 6434 559 8470 2264 4230 5169 8150 2594 4664 9401 2440 7498 1324 9151 1042 3584 1731 3982
336 8218 9453 6712 7719 7137 751 838 2833 4340 1832 9946 3373 5366 8374 4438 3427 9758 5871 1752 6054 6327 3982
337 6423 6343 575 4667 722 380 4409 3533 727 4772 4638 5653 3424 8832 6153 3823 9075 5762
338 5962 8663 6870 1073 4982 2962 8994 312 8997 3408 6465 7663 1746 7200 9717 3381 2340 7185 9261 5992
339 9337 5797 3275 6222 9436 7044 1542 8651 6436 4517 5973 8758 6584 7153 1903 9077 1148 2822 8988 3235 4664 7087 6347 2538 7709 2288 9007
340 3830 6534 9027 6741 166 8464 3086 881 5628 760 5379 1086 2340 8572 3889 8888 5062 3363 2247 643 8910 6149 1686
341 7895 4670 5661 4497 7452 9160 4575 2616 3521 7972 9984 583 1717 1765 7846 2027 2488 8118 6482 116 6467 2962 1752 3830
342 5898 4310 8136 4327 465 2674 9197 1567 1092 3532 5636 1398 8882 5055 45 7513 7285 2652 523 7736 2288
343 3074 4913 4765 1305 918 720 520 6824 4292 5926 5781 9884 3555
344 1668 9301 5381 6263 5160 1588 776 2301 7338 5833 5170 6574 7746 8896 7796
345 5715 4901 4909 1083 1763 7709 3528 2951 6217 3927 4483 2473 5677 558 1534 4736 7065 7568 446 4070 5546 3051
346 7041 6991 7291 3720 5724 4669 8249 8129 3189 7567 574 2285 7438 4605 1136 7133 6424 8293 9842
347 5996 1454 3870 1117 3256 9876 5431 665 3746 8372 6947 6944 7695 7565 8484 935 3936 5748
348 569 6635 6827 8049 3182 2834 6177 9705 4855 9678 4325 1271 5880 3818 1351 951 2136 1942 7851 81 2465 9908
349 951 3701 7354 7844 5511 1117 7824 8278 7395 3344 303 1091 3380 6351 1149 9370 2114 511 9026 3 5726
350 935 7652 9137 5239 4994 9018 8357 1137 4334 2618 3397 1395 5098 8084 7691 4546 2483 3456 8599
351 3064 8405 1610 8333 9968 4171 8662 6123 9060 868 393 4056 9747 2881 3794 8438
352 6903 896 6705 7598 5385 2877 1009 2060 6880 7965 6490 2325 5715 2456 5572 3431 3959 3810 992 5600 9244 1625 3163 9968 3427 6413 9533 8332 3894
353 4628 3380 3697 6758 8242 4613 4129 5762 3027 5997 939 8595 7298 109 8965 321 4199
354 4269 1505 6945 254 4661 3883 2518 5756 756 9936 9045 4677 6960 5163 9400 7637 8406 2790 2120 878 2757 1 7736 9968 5880 1925 5007 3074 3102 7732 1560 1496
355 5412 1248 27 4978 8851 3564 5298 5255 2560 9749 2818 4249 3537 977 6681
356 5412 2630 4988 3873 2669 541 4404 8666 9070 9708 7496 1451 3509 8659 4997 6893 3798 7795 9385 5980 7278
357 7413 3982 1005 8908 1349 6204 1508 6628 8421 1311 5941 4635 8938 4788 6810
358 8994 864 2673 3805 8757 1261 6076 7981 5634 212 5755 1141 9218
359 7699 8005 9114 2790 8396 7569 5099 7379 2839 7238 9160 2708 5578 7272 2269 3832 5342 3736 5670 8852 8599 9713 2064 1219
360 5925 6178 6550 2209 4946 2767 4739 6709 1901 4565 8661 9426 8171 7974 9223 9386 9129 8812 6675 9968 1668 3012
361 6955 708 3876 7120 4579 9591 2085 9286 454 6597 6878 5059 8707 8994 6482 8832 7713
362 6946 4104 7260 7095 6404 3524 1231 758 2728 6005 7439 8663 947 3082 2317 547 3561 7392 3074 925
363 1718 2825 6312 1240 4985 8376 5951 4127 5035 7611 8362 467
364 979 2735 7804 4225 677 6462 5636 51 8310 4743 4145 1373 2013 8936 6230 3447 8140 4311
365 6772 8927 1920 7239 5678 3661 1179 8555 3152 223 9533 3155 1778 9356 7414 4045 6744 5869 321 3074
366 475 8081 4437 1628 5434 8124 6815 2340 9904 6768 5597 8706 812 4415 8732 1611 8883 7892 1443 4764 8075 7606 1134 1238 5412
367 838 3968 259 4535 2242 8483 4153 3939 1294 8713 9688 6413 9669 7243
368 6028 8106 3345 2774 324 1866 2962 2333 8045 3404 8962 9718 3577 847 3377 1734 5860 1986 238 8848
369 7296 5401 5850 6906 37 213 7546 8446 9492 2254 2398 4004 9903
370 4260 6101 7116 1884 5787 1481 7324 5168 4135 9808 7945 7246 952 3877
371 2288 7732 7234 5141 6061 6986 683 1668 7934 6167 5484 5436 5945 305 3012 6614 2875 3020 4641 5067 541 4063 8030 3704 2962
372 79 321 9075 9979 7742 4393 1055 5201 1411 5271 9292 2149 287 2559 640 7616 3219 6844 6808 1297 4324 5292 7607 5387 7762
373 7998 5855 8562 494 9368 7337 4836 6001 7323 5295 7174 5852 5508 5196 3023 1243 8910 5860
374 6130 6914 8319 2885 3513 1344 1091 4571 3148 3593 813 8138 4174 8355 7267 7576 2475
375 2583 6099 7811 5230 5868 815 5183 6570 9781 5089 8010 8035 6047 1145 1956
376 2030 1846 438 7056 8231 2994 521 345 1675 6086 9691 5483 3710 2907 7275 7924 3659 3830 2327 7077 6467 5340 3894
377 1979 4786 1181 560 6966 2458 5209 4542 6085 5250 5906 955 2820 1272 5270 1281 5362 6683 7720 2818
378 9604 8830 858 9167 8630 6327 4457 3792 2838 8711 7066 4694 4215 3782 6121 2741 7751 625 7762
379 4068 2426 3425 6234 4905 719 2369 4824 1422 3366 8808 7722 2955 62 4077 6153 3074 1668 3543
380 3894 5715 3408 1252 1249 1222 2469 5299 382 762 2134 9819 183 6014 9544 674 518 1387 9751 1889 5349
381 9461 5702 4302 3520 1734 7951 1955 4413 3877 8560 4609 7629 198 1228 6726 1126 2533 6044 374
382 935 5772 7553 991 4390 6278 9363 5013 8164 4441 2962 931 3069 647 3533 9043 8893
383 372 1296 1010 2679 8919 7554 4296 3860 7455 398 2148 1194 8994 8284 7483 7883 5064 6855 5880 6613 5715
384 5054 7347 6970 1941 5182 6774 1627 8746 8264 3623 6466 9519 3028 3996 6044 935
385 6938 8378 647 4796 3877 8948 9841 6934 755 2962 3976 9675 6429 8535 1769 7728 5676 2095 6362 8614 1570 8189 660
386 6717 2633 208 4095 3937 6550 8456 6773 2463 5402 1277 4815 7652 8457 1252 2270 8212 2426 2566 447 1723 1125 2760 7438 5848 7219 8387 935 6360
387 1164 5365 6829 5515 6771 7629 5264 88 28 3132 1774 7362 7226 359 9331 6488 1042 183 7709 6101
388 9968 2240 9533 7519 7224 2962 1520 162 7359 879 6818 721 2340 8150 2540 8360 1579
389 9533 199 3304 691 3885 6474 9702 352 6917 6920 7049 4820 9807 7693 6040 2524 2844 3610 2542 6891 3789 6836
390 1842 208 6986 2630 7340 7857 4705 6010 233 2115 6174 9802 8140 1445 8800 554 3750 2 6218 8392 8830 374 5643
391 2794 5156 2943 8663 7782 5972 4152 6967 1679 4828 5990 3074 1559 968 833 7132 1252 9007
392 300 3575 3496 3819 933 8440 3296 2102 8916 3489 2067 919 1993 3936 2892 9013
393 3982 5326 6859 8713 8064 7495 2777 3894 5107 739 5682 8286 2 427 4572 7261 5177 1174
394 5412 6827 3602 9545 1956 2263 3079 8912 3320 6504 7121 3803 9682 9906 9224 132 43 6104 6576 321 9607 1185 2452 3806 5656 2543 3541
395 321 9350 8459 702 2051 817 6716 8958 2271 948 4522 7192 5161 4692 6737 3656
396 4234 5795 8671 3394 4965 9883 5370 3293 8447 8996 2447 2024 5155 5677 7491 7880 8722 7806
397 1050 5443 2109 3468 3657 5214 5145 3134 4449 8296 522 3327 8196 1376 6749 7992 6082 7699 3877
398 5995 2569 673 4602 5355 5457 5638 4757 9381 8387 5877 1853 580 8011 6146 2229 9138 4501 1343 321
399 3894 1125 4517 5457 1079 3592 8018 1801 9423 2859 2769 4434 2192 1805 3964 9600 3597
400 9720 6669 9594 4658 1719 5216 9185 7141 3159 61 2954 8592 474 1177 4577 3875 5439 4689 5220 1799 7153 8078
401 9545 3106 9197 1446 5374 6753 9743 1652 7503 2050 8119 3914 4257 4901 6388 8790 5902 9480 3164
402 2263 9085 2746 2580 5248 6968 6133 7009 6119 5533 9076 7748 6396 9659 1922 9453 3543
403 5090 5446 5433 3025 8170 3267 7780 5082 553 4411 6364 6862 631 2366 8747 6667 3434 9795 6075 2555 6170 8406
404 2 1385 6575 924 3541 6065 8615 4917 8033 2097 8177 6973 9208 4755 5857
405 6584 3436 5326 79 8946 7367 2434 1957 2973 2799 3079 3415 2433 8388 1959 5064 9003 8935 7008 276 1436 3093 7085
406 8259 9467 8628 8439 3375 1233 2988 5317 4026 4938 3395 6873 3822 5063 9280 795
407 6584 8634 8991 2263 6923 737 6581 9043 3422 1695 9182 6025 4218 4133 6594 5468 4108 1449 4047 4021
408 6324 3670 3562 8183 5223 1616 2996 4940 9568 8432 8152 5727 2121 3894
409 3783 935 1117 4901 5167 2533 5340 6819 3169 3446 4763 3337 488 4728 7969 1360 3417 4054 273 3784 9806 910
410 6049 8105 6196 513 4180 6311 5122 6883 2924 9177 1514 5311 4062 7510 5446 6655 4523 6503 2146 1375 2892 979
411 2288 6778 5706 7552 6348 6602 2872 271 5565 6618 1834 6898 3297 7549 9391 3797 4091 450
412 6588 3895 6731 2175 7856 8658 8900 5695 2003 9341 4671 4903 9833 3537 9566 830 2952 650 4345 220 79
413 7012 321 7732 9301 9355 6075 206 2643 1833 1159 5027 2194 7256 3871 352 7643 6269 9268 6984 9032 9968 8922 5143 4444 2265 5889 1939 8649 4308 6610 5504 4684 9075
414 7123 9608 4591 2673 8899 9602 9047 2066 2729 3106 3099 9066 8969 3202 9123 4558 1473 447 8640 1496 2
415 3225 1680 4805 4607 4134 412 6478 6635 1880 1650 7049 1541 1202 7327 5874 7949 3104 8900 9968 745
416 2962 9007 3521 9129 9037 3982 452 1895 5093 9314 5276 3690 7613 1992 7356 5065 8157
417 783 4159 5178 167 7088 8660 8204 7180 634 5663 5968 8246 9222 7130 6258 5099 9007
418 9940 2038 1749 3932 9609 2750 9352 108 7034 1026 7781 8618 9296 1715 1424 6939 8190 4042 432 2480 1238
419 8195 8854 9230 246 2335 1845 6701 4821 4013 5836 6150 235 9628 1840 7656 3245 1238 8193 7762 6547 205 5962
420 7151 4766 714 1878 9920 9637 6225 2177 8519 7028 2013 2590 1419 4480 1223 6958 1668 1956 7699 7713 5607 1763 2643
421 1948 8815 3474 4893 9901 5869 9008 1773 5536 4286 1072 1118 4741 7006 1851 5040 637 4169 761 8043 7321 2322 4314 3371
422 4203 6840 7641 6928 5359 5742 8224 4340 5307 9366 2240 6231 3531 3763 5056 9057 802 4886 3113 5962 937 2670
423 8491 780 6153 8384 7296 2272 2283 1645 1061 3316 4531 4928 3742 2407 3096 9460 9141 9842 9638 4760 3100 7939 6534 9332 1538
424 412 745 5270 6785 3491 7183 979 5869 4502 4892 9067 3146 7887 7810 2233 5583 7893 7883 2240 6296 3821 457 7280
425 9007 6712 321 930 7615 9480 4527 347 2536 6583 3111 5880 9945 2655 5438 2549 2546 7063 1647 8361 652 2403 2462 7178 3465 6437
426 551 3095 3991 6116 4920 449 6926 593 42 3466 2847 7895 7153 979
427 3379 7806 4462 7448 243 1034 2294 571 2878 8062 7457 6382 3613 8079 2666 3961 8531 4071 7997 2555 6482 8431
428 1510 9008 1292 6842 3923 4627 7302 1381 1536 3616 279 3398 7591 4191 6041 4632 3240 8343 6014 4134 843 4765 7652 3012
429 1515 6021 5307 110 8387 569 6522 7268 4913 6141 5074 9534 7436 3758 7702 2255 9176 8809 8036 7652 6280 4036 860 7521
430 33 8156 8140 79 8202 8513 8558 6879 7017 6294 6803 6549 6458 8763 4765 2288 2 3012
431 2846 3865 5162 953 1412 2308 7732 7836 4901 67 8846 9502 8667 9669 4202 1668 427
432 7138 4586 6260 9803 8738 3975 7632 6940 3214 8175 1743 9290 1625 2350 8655 4034 6537 4340 3371
433 3012 4855 2962 3982 5489 9903 4650 458 374 9310 4762 8428 4553 6101 238 9139 8853 4039 6486 5103 2161 6338 5643
434 456 6729 8049 267 3703 4420 3307 8180 9709 8501 6447 652 9653 5705 4668 7085 563 6580 863 2666 2707 2113 8134
435 3163 4020 8359 4615 849 725 1361 8463 1025 2274 4960 4906 6722 1937 4178
436 3119 3706 6250 1130 155 9091 9731 2013 1794 3638 2701 7668 6203 3900 293 6021 8992 7816 3752 5445 1625 7413
437 7634 524 190 5026 690 6015 6731 1369 1426 7126 9044 9097 2368 21 2969 8423 5130 8812 6060 2932 9244
438 4749 9955 6853 7536 2783 5793 1299 9162 2532 5905 9886 3376 5754 3473 4044 38 726 3877 2458 4463 9842
439 5104 4730 3863 6611 482 1147 7597 8711 2100 7207 5307 9868 5554 6082 7987 4512 4536 2490 5807 8491
440 6011 2409 8060 2895 3088 3154 4511 8712 2887 7459 7862 5890 6160 1690 2043 5985 9877 3783 691 1774
441 2240 2962 5761 4360 5673 8921 5154 6837 1182 647 7949 3845 8610 592 3707
442 3491 3172 5769 1662 658 6899 4437 2920 9931 9042 5743 6356 7978 7669 874 1761 8461 8978 9206
443 5815 9256 4580 9805 447 7490 527 8250 2264 8764 6613 2337 2812 8167 6746 6259 8043 321
444 5715 7438 7699 8987 979 2240 2870 978 36 3083 8914 1383 6173 7024 2906 1786 9822 646 8486 2911 2879 3792 9837 670
445 2858 2491 7277 7301 3985 1432 9595 142 1876 2135 7652 4973 5752 9349 2806
446 6458 7732 6613 1121 9075 2522 9260 2225 4915 7162 7736 8686 7852 9198 2445 9821 535 6603 6414 4389 6809 4529 7336 4463 5909 1898 1323 675
447 4528 5668 218 8681 792 4365 987 6103 8077 6636 7650 6249 3680 5900 2749 4170 6054 3982
448 3163 1882 4552 496 3825 3074 3250 5157 7307 779 4785 8480 3683 7349 759
449 2732 2422 7458 5635 191 5199 4912 1994 5461 1107 8995 2555 112 6656 3495 4299 1855 8907
450 7997 2155 1466 9146 7147 3193 7048 1958 5341 7991 5671 3932 5358 6999 3567 9635 2939 5872 5553 545 6608 3004 865 1167
451 199 2264 2617 9046 6216 2239 597 7826 1489 6196 1874 1389 4478 5817 3508 4173 8350 8337 9740 8748 4645 332 2513 6786
452 9485 4066 7350 1310 2624 8029 7169 9442 343 4702 4660 1340 5978 9839 3888 3236 1797 3877 9086 8716 979
453 8484 5423 6889 3728 3140 3264 1609 3031 7381 2438 2947 8967 8054 5416 8574 4294
454 3830 3877 7252 177 6847 1602 3869 2823 6534 1111 8804 331 9013 6980 7721 1888 6073 733 1264 4300
455 5043 6067 6070 1852 6331 5730 6408 6484 7484 7902 7751 7188 6884 5943 5236 8467 1998 6652 9139 4035 2240
456 2828 2962 4491 3460 8097 2449 9069 5928 3318 9903 816 1421 2138 6740 5916 1043 979
457 7659 6046 3243 1077 10 7819 4176 9388 6327 8469 1012 1134 6394 9399 3253 9979 5848 1791 6390
458 7845 2817 1176 3752 3052 6082 2611 9563 7212 2111 8548 8608 8906 6091 6333 2006 8125 6134 3236 8352 6054
459 7285 1546 447 3304 4786 2379 5838 6577 7025 7566 2262 2158 9354 4040 1007 4382 4527 8451 5997 5884 6281 8925 5474
460 79 935 6100 1430 1409 5749 5353 2126 52 7651 1962 7209 1066 9149 1651 7899 7604
461 1512 7039 6547 9005 9728 3999 8880 8367 3292 5415 8093 9573 4706 3694 6049 8611 8520 412 6020 3982
462 9270 6134 4091 7943 2394 5924 7964 856 5506 8653 641 8715 9129 9433 3050 2569
463 523 647 8822 1646 2599 663 1459 9529 7966 6378 982 3753 6033 321
464 2202 9569 1657 9014 8191 8301 8569 5748 5869 6238 3786 2119 972 1161 2615 4341 8125 6178 4129 6938
465 8055 2979 4504 2730 4526 2773 111 1969 3098 7630 4307 150 715 1625 7633 7773 3518 7227 1434 1984 5788 4928 9545 4317 3521 732 3074
466 8491 2288 9086 3020 7234 2448 1038 9641 381 4643 5649 2222 5200 2313 6184 3007
467 2565 8911 9933 770 601 4397 3255 9023 9555 9986 9254 8338 745 7562 3722 6584 7382 7901 7083 8069 8125
468 6778 6611 3830 2986 3499 7022 8406 1524 884 1237 633 7767 5444 6332 2929 1301 7092 349 6673 6257 5254 3234 7290
469 8256 4055 1036 7373 6941 1774 8632 6449 8644 323 6256 7204 9643 3280 7614 2129 4531 7454 6778 3074 5748
470 4252 9815 4771 9507 8061 1337 2137 4557 2418 6983 7976 8924 8041 1655 8193 9301 7762 3012 7153
471 8125 5194 8387 2558 7700 7305 8258 5888 9224 4652 5842 3211 9753 126 5185 6899 5033
472 5748 2260 2048 2575 9950 6050 6871 2643 328 2331 3507 9438 6030 388 1542 8387 2711 5826 6833 550
473 395 753 9107 6053 1569 4433 3596 6473 3330 8114 5356 5770 3830 6134 5350 152 7993 4340 937 6448 7469 952 9903 1113 2986 3982
474 7806 5193 4765 9731 2774 3543 1802 2273 1181 3274 5556 661 5752 4326 2466 1521 1997 2292 2692 9885 6024 6650
475 5412 9731 2704 3240 5003 5307 321 4854 149 195 9867 163 9618 8117 512 7285 2890 4369 915 9233 782 7511 638
476 8512 1020 1571 1391 648 4798 5459 5655 4464 7677 4644 2117 9592 1342 3981 4386 8023 7732 2986 6215 2685 5962
477 6063 1328 4348 6545 232 7202 9931 8949 8270 9224 9712 5897 8928 123 3936 2545 6547 6236 4493 2661 3111 3371 3621 5127 7118 4999 979 6986 3077 3074
478 5715 6114 8994 8625 4501 1516 3273 5282 6825 6990 7143 8308 4222 8723 6214 5333 2382
479 9533 6470 6134 2778 427 5723 64 2555 2614 9344 4240 2248 6067 1132 956 6163 8855 405 3190
480 8005 5045 3012 784 3056 2376 1124 5400 5189 6672 532 3260 2155 352 2541 9308 1480 8767 7992 8450 7856 2240
481 5397 3125 7068 4537 4728 5659 8445 3552 8578 5716 7477 4549 6521 7361 2406 8843 3682 7133 805 1831 246 6019 133 2685 5921 7438 3509 9834 6101
482 2976 8406 5625 7863 6339 7642 5891 7252 8121 8314 4166 7285 6778 4526 829 2322
483 79 238 9228 2208 3438 4860 5936 6648 2 3141 9030 1668 2847 8793 944 2512 3251 5418 9887 6712
484 9349 5710 7216 8814 9697 639 2873 9669 3147 1019 3149 8719 7117 8734 789 1180 5573 6600 6369 4893
485 1736 4801 5768 2156 2144 6633 1293 6685 6728 7353 3901 4566 9971 4882 7482 4703 1540 3074 7949 2589 6537 1979 7699 5962 2288
486 687 6698 7952 7259 813 9711 1807 9265 7386 1314 2936 5207 8141 9199 1244 5070 1784 9467 7883 5662 9677 2666 4624 6613
487 9425 2136 4925 4343 4774 6258 1522 6054 2235 4024 1037 7478 7480 2162 4001 9907 262 6630 730 7101 4341 8406
488 1685 1601 2611 9087 6487 6059 3967 5660 514 4531 5031 6229 6839 8999 6258 3352 7295 7061 2282 3507 1293 3543 4199
489 5462 1935 934 731 1241 5406 4148 6468 8176 526 2802 2596 9035 7091 9490 7699
490 5253 3081 3121 1377 2798 6908 6780 3144 4969 7608 1456 5319 4454 4402 188 6187 2643
491 5288 1354 285 44 2001 9624 1120 1956 1198 6329 3388 3382 8957 4530 6635 7699 7001 148 9244
492 744 175 8528 1639 8823 7638 5272 8002 5830 5376 7569 8601 7210 4199
493 321 5762 427 6665 3955 7840 1657 1982 1817 1236 8210 4442 7777 2747 6021 7948 6476 1984 4752 3285 2608
494 4606 7987 3395 1306 3005 5064 8304 7391 9611 4198 9660 6226 3042 4012 9468 114 1945 8551 3877
495 46 5993 676 8743 2058 7206 7193 2811 7791 9930 2909 6045 4824 511 701 893 1561 8207 256 3740 9079 2383 2650 7575 3982
496 7949 1504 5895 9930 7762 3970 8581 1366 1464 5343 8336 7321 9430 4078 8345 1139 5617 4989 8696 9794 4209 2093 6095 3936 1500 4350 8248 3144
497 1149 9270 2518 6250 9547 8879 4220 7709 5956 4716 4853 183 1401 4733 4027 2660 1457 3987 9315 329 8787 7057 4886
498 4843 8690 3013 1624 1209 5109 3336 6711 6764 2840 3713 4663 8915 6360 9848
499 2321 867 8753 8245 5654 6738 2017 671 1402 8622 7504 1129 104 8685 319 2602 7258 7852 7694 935 2345 9775 3195 2327 2555
