100
0 9033 2405 9145 4982 4079 4529 7 9752 4229 3 4796 8462 6849 4197 2302 8954 2359 8537 7013 9088 7568 3366 4723 3850 7887 7977 4350 9130 7229 6933 8326 9963 9899 713 3999 6011 7820 7682 9732 8311 8962 8937 9978 7569 9528 8726 4511 9878 7228 5040 8751 8606 4093 4628 5361 2972 7936 9637 1450 7788 7532 9209 9701 7439 8946 7092 4338 5760 8769 7908 8046 9253 7095 8093 7314 8588 8634 3337 7706 4526 7874 8266 7708 7082 2385 6249 6781 8892 8257 7242 8882 7899 5655 6884 8534 7048 7258
1 8530 8556 8626 9767 9305 9106 7906 9212 9488 6757 6848 273 4155 8740 8705 9307 7128 2168 7921 3173 8327 8526 8392 8549 8986 7500 4069 5776 5888 8914 1913 2307 8369 2210 8365 7933 8933 9469 9255 7044 4226 6417 5652 813 6465 8585 8418 4514 9038 3848 9062 9529 8737 2677 4276 8316 2132 9029 7273 8897 7360 5337 7295 8451 6509 8186 8836 9262 7176 9736 6037 5980 1621 6004 8197 8099 6949 9835 9418 3480 6799 5634 5860 6991 6328 3567 9358 2262 9499 9190 7841 4113 7872 1916 8578 7444 4024 3277 3063 8295 2101 7280 5657 6482 6793 7995 1065 7414 6024
2 4525 9981 8593 3163 4964 1970 6508 8710 749 9168 9450 7005 3410 6969 9748 9232 4128 7533 4810 7688 3857 5338 8579 7831 9804 3921 7552 2194 6650 8898 4032 3839 7121 5098 6405 1229 4067 8685 9020 9956 9224 4181 4792 822 5591 7628 8565 6079 8811 4056 7578 8132 6570 470 9167 6272 461 3375 9356 9163 7793 7940 8512 9330 7359 9768 8032 299
3 9607 9647 9766 9505 9118 8568 9028 8773 8749 8097 9256 604 7969 8461 9497 8672 9240 8700 7700 8920 7696 7379 9407 7303 4975 7503 7467 7699 7239 587 7595 7679 7365 7497 8367 7482 7350 9058 7255 6865 8517 7610 8045 7173 9592 8213 9383 8595 8156 6723 8822 7976 6615 4368 6815 8765 9257 8134 6293 8047 7056 8105 9715 6943 7017 8923 8208 6732 7221 9555 6437 7377 6012 8989 7451 6725 7939 5991 8552 9050 8234 6149 9983 5756 8601 5968 6867 8958 8828 9314 5868 9355 5903 3623 6823 5628 8306 6694 7131 8308 5460 1544 6805 8651 388 7172 6768 6423 7705 7692 6946 9219 6005 6618 7058 6385 6123 7716 7313 8280 6497 7225 6055 8083 6586 7955 6711 6709 6087 7437 6205 5412 7193 152 7050 6558 8416 5593
4 9848 3983 7181 8419 7957 8873 7559 8807 9903 3832 386 6819 1793 271 5993 9211 8750 5001 5609 5880 9239 3014 1498 7607 9806 330 3738 3246 5895 5365 1915 8035 7257 9817 3954 9458 3230 5877 213 5432 7238 338 9814 7081 6912 471 8988 8491 5788 6157 5824 5248 4775 6044 6635 5897 6132 4530 1714 7627 8230 1886 9772 8110 611 2859 2784 2815 8949 4159 900 2758 4859 245 2018 9072
5 8177 9052 1966 8970 7833 1957 4353 8203 1137 6252 6053 9977 1879 9700 7611 5739 8965 7505 2209 8173 6984 8813 9390 8454 1119 217 1752 9195 1552 7514 8555 5335 8584 6976 6341 3068 9007 6686 8496 9872 1069 9427 1948 5841 7175 7897 2447 6655 7384 7442 2413 1313 1237 6488 8346 3193 9473 9440 7038 6770 7738 9299 9871 4504 1812 3199 7873 5879 9883 8441 7464 5638 7261 9712 9992 9759 8082 6403 9870
6 9193 8691 7982 6831 6577 8253 8786 4817 1454 2842 3846 8487 9173 2068 4411 7306 5918 1576 7566 6760 8498 8951 7661 78 4687 7571 285 9404 8603 3941 5311 52 7067 8984 6483 2480 1384 9558 9322 6608 7572 3365 3903 2042 5438 4396 6115 6798 2861 582 6957 3147 7859 9790 9465 2107 7582 796 7637 8216 4407 8235 2283 393
7 9620 9340 9751 8194 8514 8748 8431 7302 127 7966 8736 9436 7084 6992 7724 7262 7448 7182 7294 9442 8355 8135 7714 9500 150 7346 7074 6995 7684 8528 7246 8387 8908 6782 6944 7022 7652 6026 9087 6771 5832 6499 5680 6494 6326 8383 6752 3247 6699 6603 7310 5446 5394 5330 9151 5618 6226 5794 9454 5354 9845 6638 5884 8019 6051 7406 8401 6484 8875 1594 8649 8271 6792 8168 8243 7528 6227 8880 8893 6110 8007 6538 9342 5958 5490 5743 6974 8321 2342 6968 6755 6786 6174 6126 7996 5678 4682 6321 7490 5690 9276 7579 6820 6808 7483 7443 5254 5622 1197 6441 9477 405 9236 5611 6674 7020 7597 5429 8256 5356
8 9306 9208 4544 8239 8934 2988 9575 9826 4062 6048 8395 9248 7498 3038 9554 889 1721 4722 9570 9796 2130 7226 9068 8468 4863 6563 4769 1808 6800 7554 7155 9486 5906 8586 9972 3602 7019 6336 8535 8151 3893 6217 2701 4417 7754 7436 6063 3652 9171 8664 1572 6196 9827 1255 7547 3046 2219 9268 3158 4040 4063 2555 7391 8312 3654 7834 5397
9 2361 8172 3026 7210 8499 1791 3264 8761 1174 9742 7428 2052 3962 6428 8155 8214 7980 5962 9523 4714 3964 5862 8012 7071 9805 878 4852 476 8017 8459 1423 6308 1034 3739 8070 246 7854 1092 9934 7502 6670 8518 4894 6495 7472 6637 6195 7746 5126 9621 9267 7806 6932 6200 9010 5423 2094 1547 7276 8743 2165 7773 4346 5878 102 5691 1629 8407 5719 7412 7950 9527
10 18 4427 948 263 3907 4700 8863 1903 539 428 222 1951 4807 7220 919 940 9101 6371 452 1109 1753 9243 6131 925 506 5 7362 420 340 9606 3936 1525 3432 4974 3646 730 5666 4495 4868 974 8389 1704 6002 6547 7416 1862 4797 9939 8647 1168 3589 9282 1844 9266 8043 7340 1687 6977 4347 2039 6620 1724 6916 3371 1657 3591
11 1231 7601 8698 6318 4691 1540 1201 9272 1169 4399 542 6254 5401 6302 7676 6355 856 8003 5814 4927 1157 6297 5800 7909 899 9419 9946 5494 738 9457 710 6099 3139 7768 6597 2077 1150 7076 6084 3473 5383 9187 7178 2860 6158 8449 8031 5722 880 4031 7321 6083 6225 6897 407 6150 5797 7318 8841 5537 6130 740 5902 4043 7587 7736 6896 5466 5307 946 739 8079 9134 8815 9352 956 9275 1125 6862 232 7304 7630 7284 1234 3933 7316
12 4693 4154 877 7898 9203 2327 5523 3311 7896 2249 6199 752 1535 1111 1225 6387 2013 7179 7025 8058 731 7542 524 8422 917 8255 7970 1602 8816 6107 5729 1697 6043 5046 5802 1016 4766 4491 7964 2544 6366 9345 9109 463 9495 5612 4805 2801 2115 1383 641 4692 3387 9399 3787 7240 5773 532 7045 848 8842 8967
13 67 8113 6779 9467 1132 5853 8174 8374 249 9481 7236 1413 8509 8165 3104 8818 1107 3901 915 6354 8278 5813 6640 8267 6516 9551 4222 5771 3538 2631 4696 7590 7691 3729 9030 9785 575 5517 3630 4508 8886 5967 2955 1346 8106 1746 3233 6559 4389 4794 6789 7633 6529 7356 5806 8259 7777 505 1226 7643 2108 4192 5250 9798 5683 8918 2455 466
14 35 274 239 1085 300 2389 3248 3107 2316 6595 8341 9430 9518 9359 7466 1344 9572 3220 8486 6788 4121 860 5615 6870 9432 2957 4611 1513 2703 9579 3138 5699 447 3559 5442 9593 9214 5858 1335 7865 5485 9847 4015 2543 2808 3340 1055 3485 1897 815 7296 368 2162 3076 7097 8171 1149 5935 3537 7911 9828 1037 8974 4568 1368
15 9731 7760 6357 6505 3649 208 9709 449 9549 5621 7602 6636 8515 5820 6610 9022 1944 5821 5538 6517 5938 6981 1108 9249 5761 1947 3878 5317 6541 6268 9945 9242 7419 6292 9633 111 6418 5913 4217 8692 5715 9431 6342 841 3681 26 8013 9525 5426 6719 5915 8653 6818 7468 8850 2000 1115 8464 9086 1737 6462 7337 1940 9192 474 7390 3637 341 8318 7674 8356 6662 7370 8883 6604 6898
16 2394 514 2776 8382 2388 9238 9385 512 9348 4535 7292 3188 6503 9150 7036 8928 9738 1070 5592 9735 4708 5893 9573 7260 9084 9321 6542 5533 9897 8551 8021 4782 2374 2792 4244 7381 6320 6649 302 2715 202 9378 5372 8724 9278 4553 13 5590 5044 3453 7869 2825 4392 9918 9206 4503 2164 6707 3447 7308 1855 584 9783 3902 6706
17 7216 469 9327 4141 260 6395 9631 858 1136 7396 9329 9013 7659 1526 6716 9226 9670 9107 345 8380 7096 8722 6546 7650 8940 6540 1599 8693 9320 8057 658 9824 6400 3930 7021 3749 6170 1438 7952 9361 5608 6415 9678 6980 6271 9944 930 6058 6031 7473 8164 8554 2230 7719 2662 7821 7668 5664 7992 2139 9056 2587 8039 8200 7417 9178 7190 6879 6305 6253 3300 9180 1646 6680
18 74 139 605 9024 9098 580 8929 7815 6209 617 1415 1843 9985 259 7666 1979 1673 942 8397 2303 5945 1845 7742 7745 852 9464 6438 8378 4886 8264 2445 538 8680 3855 8621 355 4956 5240 1158 5322 2664 6351 3266 5208 1089 9316 4371 3016 6029 6656 2787 2840 5706 1309 6702 7918 7878 5547 6644 5842 1732 5246 655
19 9298 9045 8381 2250 9059 8072 9704 7928 7904 9037 9875 6052 8644 8309 9439 8101 6175 7829 8027 6241 8730 8350 8076 6737 6136 7612 9143 5950 7516 6427 5405 6304 8425 5976 8469 8973 5493 424 6763 149 6307 8385 3582 7649 7723 8065 5869 6030 6841 8820 5555 2535 6267 6626 7320 3377 1936 5478 970 6095 5017 8519 7245 9357 2220 5503 3915 8116 9643 8652 5630 8510 1363 7784 9577 2483 9237 8507 8536 9646 8795 834 1965 9116 7654 8393 5740 1401 9841
20 8783 9 1751 1176 4554 7747 8788 8055 9381 9071 3676 1502 2383 2419 7553 7297 2794 6611 4044 6035 1719 7214 8955 3189 2040 503 1969 5595 8251 5071 7845 9746 9542 7759 5122 8953 1798 952 4737 2694 5697 507 2481 3309 3374 5489 9758 7341 5975 6360 7152 2217 9054 6198 7926 2268 9315 5033 3498 5353 5685 9902 8592 3904 8876 168 8678
21 9681 1837 2110 2367 434 8729 2444 933 3806 1923 1771 8659 1457 771 7912 8567 445 8375 8520 9083 1592 2309 1656 2836 7375 2837 7027 8107 8702 1692 1929 6549 3690 5411 912 9651 8562 4839 1688 7248 7556 5772 6310 4204 8111 7938 9391 8247 8442 1754 5898 5711 2775 7863 7640 8396 2203 9630 3118 1988 3119 5500 874 9247 6619 1219 7922 8237 277 5316 6543 6833 3259 7850
22 10 9269 36 1246 8456 4573 4513 4271 1775 2027 3479 1748 7687 2647 2308 1573 715 4158 596 2227 4266 2076 2926 8463 7775 7667 1563 1433 3997 979 3831 656 1474 5784 3866 4729 6859 8866 9807 5535 7757 15 8398 5614 58 9927 7149 1832 5873 6585 5410 6956 7895 1440 1982 5919 6753 1027 9280 4239
23 9600 9485 9788 8854 9446 7814 1992 7506 6972 8798 9638 6472 7739 8087 229 7286 6066 6646 8913 6475 6987 5934 6092 6574 5866 4134 6496 9400 3916 1878 7089 7823 7986 7277 7330 7275 1850 8094 8968 6742 8571 1834 7351 406 6687 8821 117 5720 7644 63 4760 1371 531 1187 8639 8990 7078 8547 7281 6232 1123 6873 9011 6258 5348 515 6452 9179 275 6358 3770 8119 1559 784 7203 4359 2301 7434 419 3329 6422 1713 1924 8121 1370 797 8550 2006 4022 1584 6345
24 951 2053 2189 2286 2261 1644 4245 7100 753 2033 1028 1315 353 2403 1866 3267 3080 1980 2752 1209 2218 1447 1695 528 1213 1180 4757 68 1402 7354 1072 1828 1473 2004 2184 1163 936 2397 2288 543 8344 7769 7042 1654 5758 1417 1289 9952 7249 2271 2254 1388 9472 7156 7018 2333 7327 3819 754 3240 5314 6000 2284 5546 1560 2158 9139 8766 3565 9053 8092 4701 6210
25 2187 7158 2026 3737 2129 1983 8952 4118 4987 2885 6378 2196 7109 3048 267 7770 6531 2304 2193 266 9725 8064 5362 8149 939 724 4261 2208 9859 6580 7753 1250 5516 6089 2404 6941 8233 3802 3136 4668 3743 1608 1625 4114 2639 7319 6329 1340 794 323 7481 2850 5274 8902 6464 2315 2151 3421 7563 9351 1766 6489 4327 1373 8150
26 281 2351 2331 707 826 2280 2251 1240 1162 2433 9301 3965 7779 7407 8211 1091 5576 9398 228 2451 865 9729 2718 1128 6074 4219 9628 8728 8620 2621 5724 7154 5569 9911 8299 3854 5527 114 2899 9887 4712 1269 6332 4052 9344 7575 920 254 9230 4885 7010 304 7421 2008 4510 413 8790 4846 6691 2845 5238 9672
27 4637 9382 7755 9386 7137 9233 7301 6787 6962 7347 8775 5990 7531 1712 7091 6681 5942 8541 6569 6479 5261 83 7049 3754 8895 5887 9032 6669 7491 4654 4632 5328 5039 8086 5273 6522 7458 7660 8140 6945 5875 3705 3512 6905 9036 8557 4877 5822 9317 4623 9186 1604 6090 5463 8819 4269 5536 6102 7333 8848 1054 6774 6392 2809 9832 2869 6393 8635 8050 8054 1990 7324 844 6183 8658 2360 7486 5572 3664 9335 1324 4130 498 374 2791
28 9079 384 1954 50 1889 7901 8349 597 2319 1758 8414 2153 3324 8339 4697 182 9090 9105 9698 2914 86 2321 3752 6928 2057 9510 3221 4925 8219 548 3204 1681 6979 7393 9069 9132 8715 1776 3950 4739 965 9891 6537 2058 3834 8694 9680 1366 3322 7386 5381 8758 5264 411 1144 7066 9774 2625 6606 2382 3507 5933 664 7187 9910 3566
29 4853 533 564 8559 504 2182 7981 487 205 125 7165 1667 2945 2096 2016 808 9648 4776 2198 2312 7325 8650 6203 1684 8768 8036 1620 6827 8666 1826 9727 1039 7392 5999 8581 3057 7604 1254 5839 3981 1422 5817 4963 8273 9175 7135 8616 8654 1777 196 1058 1008 403 4465 2069 9889 4880 7309 868 2223 7002 1273 2589 1934 8703 2393 9047 1907 3103
30 552 497 2673 4778 2213 2161 8291 589 4822 9408 8856 4843 1976 594 1139 4078 763 769 4998 1236 112 4483 812 7217 8370 2479 3545 9803 6668 2222 595 9690 6098 4336 3430 5068 6325 3099 9112 4717 2032 1277 3888 3265 109 2369 9673 5554 1281 4559 417 2411 6766 8969 5339 5276 8978 9125 2482 6431
31 565 7937 7589 8801 7488 6817 9162 6376 8060 7168 5645 7433 6440 2214 7704 2113 6236 106 5461 6445 5696 6420 3143 2668 9996 3170 6790 8582 5284 69 5977 9025 7844 9595 864 5540 5486 7801 7894 3360 9218 1686 4460 3720 363 8201 1515 82 7934 226 4215 2933 132 882 7730 3357 9816 6512 8802 8371 264 4011 1030 4594 4813 579 6 5431 9876 8832 9923 1769 7191 1875 8864
32 9202 4157 4548 6914 3276 4312 21 7233 4888 9333 4253 3462 9819 7786 3342 5836 9346 4941 6936 6929 6560 7680 1439 9035 8824 6060 5701 6806 8044 8343 6917 8527 991 3629 1094 9494 6352 832 5318 9003 159 923 5620 4918 3088 1674 7415 1660 3596 8608 4593 1148 2979 4861 2565 4947 6487 5700 5218 4874 947 1567 6221 441
33 9604 311 2260 2908 7232 4672 4021 5646 8695 1865 9114 2335 2427 6557 576 7750 6001 2364 493 7496 2452 2412 7958 7470 8348 3459 3334 8825 4942 5229 8504 7737 2739 2106 5785 4770 27 500 9802 9415 210 1259 8868 8025 5994 1977 6298 3984 3768 8084 8096 4727 1628 7039 6334 761 6248 3043 5863 120 5268 9603
34 980 835 789 3810 820 1705 4111 9155 3675 7888 3455 7701 621 884 3722 4603 9994 1736 76 32 258 3663 6145 3161 9596 9639 1233 3892 895 5693 846 3701 9840 1817 2242 7783 99 37 9006 5856 2434 9466 4984 60 9188 8675 4233 8465 7927 3772 7658 1403 3645 3141 591 4520 5931 1376 6222
35 8503 1245 1747 8352 7772 448 7107 391 9334 5851 460 5573 7311 518 1210 397 9085 242 209 343 1521 5973 1159 96 6234 7399 7315 2065 4976 6408 5588 404 9711 5299 6838 7162 9842 8476 456 235 502 767 988 7734 2736 6573 6651 59 628 2851 2671 8466 1838 2081 8163 7857 9452 379 9982 279 6498 2705 206 1900 7169 5914 6926 3558 953 4142 7106 927 3740 1432 5156 194 6961 4589 3369 9332
36 1203 4841 1194 756 8661 72 7423 6749 240 344 7573 8538 825 8717 536 170 3845 3198 7743 3296 6775 2075 366 6822 9750 237 7057 6367 6596 2346 8596 1894 9165 121 4698 5835 5629 3086 6142 702 1337 7764 7230 5586 9993 5818 3476 2558 4765 6869 7064 8944 3291 7148 747 2506 8810 1815 5585 5232 7751 3319 978 3942 4441 5360
37 2467 116 6663 4116 9545 6930 602 16 8574 1458 2169 7794 4945 7397 1618 8004 3809 8803 9009 8122 8630 690 6684 2111 2429 8224 5774 4538 166 8066 7195 9135 8602 7545 9931 8927 9663 8688 966 6776 7598 9424 9489 3555 48 3796 9377 5380 5228 2819 5074 4950 8744 9061 9894 5448 29 4459 7055 8373 1395 8797 4138 2311 9898
38 94 6168 8901 9940 1024 17 7438 278 938 8874 427 9066 7767 7394 1486 3853 6717 993 9942 33 1774 2133 8501 7063 3862 4856 916 4636 6842 2689 7047 660 722 3302 8020 7163 8713 1728 308 8368 1041 1626 9608 598 7003 1650 4645 3622 2728 1811 4494 7867 5716 545 3315 2105 2175 7931 4065
39 9468 2259 4057 9599 969 9108 93 941 8415 6927 6383 5647 5830 6467 3294 8059 3186 5948 98 7710 6590 5070 8642 3935 2769 2989 6572 3235 7011 307 6587 9812 4565 14 968 7830 1437 5721 7762 4582 8379 7016 5663 3531 6363 6821 3716 2726 3851 3734 9349 8983 1577 7200 1669 8926 806 3087 8903 2365 1512 5444 6490 1539 4058 4166 4595 1127 1076 6362 7670 6458 9553 6213 6934 401 9082 803 2226
40 3898 129 3407 8887 2066 23 9844 6356 8322 4096 7576 3286 7054 9979 9331 6388 1365 9235 2014 6239 8888 8827 6653 415 1239 3557 6835 5050 7562 1386 3179 1495 8015 4646 5808 7293 3499 9892 3475 4004 5564 9136 6909 8936 9834 5747 7268 4451 8193 2395 4193 365 5457 6303 3425 5491 1908 4798 8180 9490 3717 1243 3633 7136 7621 9476
41 3943 1884 8095 296 2907 9922 4420 481 2138 9402 9594 3159 1390 1672 1972 8747 4895 3504 2104 6837 7388 3224 5271 833 1591 5963 8005 8430 317 791 4919 8071 8034 9728 1984 4102 4408 2816 3229 7839 8228 5371 8583 138 4218 1426 2166 905 9561 8589 8467 473 5492 2465 1282 4443 2489 103 5855 3468 4892 2029 4939 8718 638 2098
42 3506 9365 3745 809 8292 893 610 7586 1588 6077 3458 555 2430 7991 9456 1718 2044 6966 6937 6057 1676 61 755 3513 3306 5792 2780 1499 1442 2037 8313 9369 3035 6953 5052 3040 6257 8522 3551 9223 2529 2339 5946 3404 8143 8444 9522 2050 4575 1797 6212 7183 5847 8696 5745 39 8246 2606
43 9392 4626 3805 8794 5258 71 5635 2665 5045 3376 4857 6164 5066 2900 3496 1816 1528 7591 3755 5604 4762 6614 5966 2983 9336 840 5889 5290 2070 5594 1849 3703 4518 4267 1397 4795 9487 6667 1710 7720 4620 1609 1935 1079 171 669 6447 3394 2998 1172 783 5287 1274 2466 2753 9618 1585 7529 3280 6659 3411 2523 2372 55 2799 5134 5541 9559 9181 2571 8976 9018 9337 4381
44 4572 4800 2762 1551 1809 1636 3445 9129 9632 1394 4953 2761 2243 6429 2749 8506 5363 3760 4283 6370 8610 1104 146 845 3816 772 9743 3460 6726 7235 9094 4124 6121 9302 1222 780 2119 8858 4038 8329 4434 6997 937 2497 9164 1 6338 5395 6507 5632 7282 1360 9684 8686 643 7527 286 6114 4588 1822 1639
45 4981 301 1589 195 572 4068 4832 295 1374 1441 4301 7485 2190 1677 1959 2925 1963 319 4484 7840 9416 1327 8573 2670 1406 6713 4285 8577 1841 6970 1056 337 6889 6784 9350 1601 2384 6832 2687 5952 3801 1538 1643 7785 6700 8575 1987 5979 1637 3279 5146 8212 7349 3587 7456 1164 8241 9004 1991 1575 9447 2064 6658 6630 4767 1933 758 2974 303 3361 5177
46 4500 1117 2177 3502 124 1805 1359 3674 2485 472 7389 7875 1859 1001 6627 4684 1481 3920 2248 2917 9888 9799 9716 1301 2473 2723 6450 8244 20 1587 8448 7782 2391 2341 8979 4143 30 5687 3773 9039 2498 2086 494 6892 6982 2062 779 7726 3227 3976 1064 1311 1120 7270 8249 4858 7826 8972 218 1074 5579 6616 6918 376 4703 7517 4706
47 557 8038 7832 2156 6261 1098 5769 6085 1874 5202 361 8814 6223 6096 458 3700 1411 1010 1998 1825 609 5984 1404 1066 4973 4383 8894 2207 1624 1574 4120 1745 8123 1580 9508 9460 5543 4638 2097 5709 5582 380 3695 1004 459 4092 362 3347 9204 2755 1785 7087 3257 8474 1873 1508 9067 2768 694 2458 2581 6456 3190 8288 1597 8142 9474 435 5661 3255 5506 8587 9515 5777 9043 516 8112
48 1040 3812 9148 567 184 4355 4940 4725 3018 3542 4826 9747 2266 1961 108 4995 309 6524 8980 4419 4536 4557 2399 6965 870 2275 2197 795 2645 5521 7373 1682 2504 3123 4615 821 1348 3644 4335 2061 4756 798 2472 6152 2902 8716 261 5221 2036 1290 6598 1467 9714 3524 6861 395 716 807 5867 2672 1655 1244 6883 906 1330 5864 851 4103 7942 4317
49 875 4806 1087 3568 4616 4704 4030 960 2205 3362 1795 4202 8492 3632 1772 3252 1918 4967 4089 1009 4528 773 4804 9516 571 1586 4689 3350 3658 8941 4425 4444 996 3925 3685 1952 4132 3178 4107 4234 3497 8270 706 3746 2005 8540 478 1872 1823 4361 2778 2704 1190 1909 3258 4907 3061 3572 1485 1581 2964 2893 3605 4487 2400 1661 921 8359 732 5366 9734 7124 1590 1146 6688 3100 2782 2910 2833 1968 2436 2719 4849 1353 2928 1893
50 2441 4924 2326 4455 3500 4752 4048 2421 9794 4748 4527 4774 2456 3824 9792 972 4172 4481 4061 1073 2296 9328 4644 9323 9778 2490 4542 1831 3704 9867 4258 3849 2019 8971 3238 7355 2416 4400 4551 3917 9707 45 4608 2653 3793 1562 2314 9616 4442 2580 3540 1173 438 1803 4745 762 3295 1833 6003 678 4169 719 1807 4726 3546 2502 6022 8884 4349 2834 4437 1355
51 7819 7012 1928 6920 3619 6160 4230 8088 9693 4362 3553 7537 6041 6067 126 3751 3457 8108 3627 4991 5833 2891 2487 7344 2894 6018 7718 6748 2817 8993 3682 2292 8102 1483 4983 4377 4225 7140 7923 4182 5929 6401 3911 5496 5359 6480 4759 4297 3372 5686 1853 6069 3640 5256 4094 5257 243 4584 3263 4445 6106 3628 4208 8052 6882 287 3996 4433 8205 4985 2714 5549 2323 6628 5376 6533 6185 8085 4875 4618 6948 6100 1377 2918 5550 3860
52 122 9420 4543 4228 4742 4211 4827 9997 3882 4655 3800 8513 2034 4386 709 7721 305 4260 4838 3673 3312 4479 3974 9263 1342 4988 4605 603 3096 5085 3759 3239 7885 9417 7342 3222 7105 787 3284 9988 967 9949 5091 387 9100 1446 5334 894 1836 2200 4537 4647 3079 1026 3092 9126 8846 6878 7132 1005 4957 3951 2079 3822 326 9254 1230 4540 7161
53 578 7893 8632 465 4488 3894 554 4200 7385 3249 4922 4854 3826 1996 4305 7059 4547 9370 128 3827 9818 1507 9429 4502 101 4793 3777 7441 3032 1143 4131 2805 6654 2493 6609 3323 1711 4051 2183 1851 1038 5255 3615 5279 6605 3835 2901 2903 2120 2428 2884 2941 2003 7212 4946 3928 4997 5422 3505 9426 4440 9885 6243 5603 2710 4613 2091 4740 2252 2377 6197 5011 1145 4151
54 2 2324 1876 269 1821 8770 4866 3783 4414 3741 4677 8885 2178 1863 1317 164 7979 3486 1050 4761 276 4074 4330 8643 4915 6665 9601 6062 9810 3449 4152 7031 4033 5922 7487 9265 3711 3861 3585 3481 9764 3216 6269 7455 8777 9524 6398 3072 1451 8533 559 7636 1627 131 6759 5602 4833 839 4657 2468 2985 1248 645 9998 5487 7077
55 7727 9075 6346 5796 5704 3869 5986 6118 7495 7267 6010 7024 6250 6783 4522 6802 6189 489 4029 3847 5111 5455 2147 7476 1018 3926 612 4546 5732 4374 6550 5480 3191 2087 4337 6521 4480 3581 4010 4629 1349 49 885 7774 3145 480 4923 810 3539 5823 4373 3452 7613 2539 2134 5694 9560 2426 6270 2796 1188 251 2651 2657 6161 2803 9602 2751 8763 5526 1784 2658 8548 2345 2530
56 4932 6756 3908 9166 4097 3023 9688 7791 4298 8358 6180 8511 3368 2103 1112 2994 6088 9584 4911 9511 6007 6187 7130 4809 3713 4686 7913 4214 6251 5049 7460 8209 1919 4109 5304 2731 1124 3336 9185 8051 4237 1083 764 3659 3725 4473 3214 5598 7978 4751 4236 8248 4135 3769 2054 2056 9207 3765 3584 8227 8335 5343 2128
57 2290 464 3899 8852 2055 8148 1134 6643 1633 7146 7971 6502 4325 4314 2390 6840 216 2457 3660 4387 949 7083 4160 3422 6954 7594 3494 4329 3821 6634 2904 1749 3318 7366 5790 5964 8077 5559 3066 6971 5553 924 2522 3961 5321 4882 9152 5313 9784 5656 385 9612 5476 2179 2287 5331 1482 8619 6380 1647 983 1926 349 3544 8023 8576 5748
58 4050 3516 4241 6344 2613 2378 9411 4719 9433 6967 4318 2435 9484 9483 1937 4803 9304 4372 4678 282 4183 8337 7452 8328 5075 1829 7177 6730 5159 4905 9531 4014 1212 2201 6794 5038 1113 1800 9936 5133 9836 2594 3515 1556 3091 1031 328 2313 7043 8424 1596 6312 6139 7543 2923 7606 7713 9921 8697 4952 3668 7651
59 1167 147 8068 842 6473 8457 5787 6746 7539 1013 6193 5358 6419 3905 9380 5557 525 6228 5283 3153 4533 6073 5759 3176 7715 4424 7110 6399 9221 3071 5379 8254 3338 6262 6601 8479 6097 777 5441 2334 9270 4203 4734 853 2746 681 9459 8127 7144 3194 5815 8297 8720 2366 9503 3130 3160 5421 7329 7023 7256 720 5605 3260 8098 6430 1860 7735 7070 8481 1726 3418 5852 5272 9874 9251 5778 1418
60 4190 28 1122 990 2269 3562 4912 8831 3412 6061 1021 1220 887 6327 7847 9886 6238 1347 3744 4541 437 1813 4490 8494 5323 3385 8617 7133 2702 2135 662 7199 7122 429 7271 6877 6751 7150 633 9279 1634 8428 4591 2995 4036 3303 3166 8117 9044 3886 6518 8167 1430 1389 5679 2508 7323 8018 9512 1424 221 689 220 7564 7729 6182 4099
61 1179 622 1153 1017 896 1068 679 430 675 141 2009 1095 6314 4469 3090 4851 1520 6331 7053 3885 8812 901 370 4161 3316 8139 4343 4884 7868 6324 9194 581 1154 935 3918 7000 2616 5894 3620 7139 2340 8207 9955 3656 6322 3994 1466 560 1288 3446 9937 5389 9177 5751 4635 620 2021 7224 7088 7312 5768 151 3736 7639 3101 9591 322
62 140 0 4173 3780 4404 262 4641 115 1175 1345 1200 9880 9754 2716 1022 3393 4319 1103 9624 2330 3774 3650 2725 5341 5241 5469 4018 2811 5008 855 5101 6264 4148 5513 2328 5048 4191 5179 394 2717 5118 9422 1071 8026 592 6291 636 888 1956 6698 7469 4216 8677 9507 4750 2538 9493 6259 2117 3282 7635 3398 256 9273 1032 8137 9413 2942 3467
63 9914 8226 8236 8829 9850 9869 3877 9133 7114 7732 7792 1047 7457 615 6368 6520 8900 9026 6584 7862 6803 530 517 5293 5037 4758 3344 75 5886 5488 9093 3236 3600 3472 6671 4448 5510 6514 6202 4003 5810 6904 7932 5286 7501 2626 8867 4656 5357 2734 2644 1852 5502 7447 686 3688 1694 7935 6283 2258 8995 2692 945 1648 6313 4277 8277 4272 2839 7499 5375 224 6826 6070 7126 7800 6229 1339 3735 5458 5471 253
64 265 1185 294 4566 399 85 6545 3583 1472 396 66 8484 7860 8871 785 4496 3914 7997 3799 1436 3408 2649 7141 9775 6421 7930 3669 5744 6747 2381 7645 62 7974 2059 5434 297 2353 1610 2748 1840 5190 7073 8738 2952 7387 4201 7748 1182 8447 5741 9127 3326 5018 4561 3290 8330 2553 3634 5928 5263 5312 1885 5982 6014 1778 7522
65 535 475 7188 8196 4847 3730 7620 2122 491 8485 3401 3381 3391 7577 7843 8524 4180 453 9626 89 6696 142 4996 3523 5912 817 4935 175 2976 495 2531 8999 7223 5840 4259 8129 8687 2876 4288 2126 6851 1448 1839 4467 5636 8614 9517 8420 3603 3384 2666 8756 7227 6561 891 9199 2206 1530 6384 723 4129 3952 2588 8153 7907
66 257 450 327 879 3959 9739 9683 9303 4489 6059 9578 9597 9563 7279 9723 4055 1690 5135 4587 2822 5041 255 9863 3647 5237 5231 186 9590 5112 4059 2578 9001 9295 2615 5152 9933 9856 8238 5145 4410 8631 5192 4232 5468 5217 5164 2533 4968 1997 8283 5219 4348 5022 8056 5158 104 5064 1193 7648 9308 541 5222 105 1238 5060 5303 6284 5131 2281 5036 632
67 9776 7947 6536 6143 6539 7903 6733 7584 7353 7202 3655 7524 6273 6672 7263 6065 6801 2640 5775 4801 6963 8521 5613 2943 5705 9574 7825 247 6886 154 4934 4789 6463 7657 5378 3973 586 7871 4284 5262 3203 6339 316 5333 5306 2831 5570 6377 4339 8741 5427 5837 4901 3444 3135 624 2889 5399 5568 5325 5012 7916 6673 4881 8657 3569 7116 3757 5735 3574 8286 3771 3955 5298 7626
68 9343 2007 4073 7945 9568 9984 9668 2486 9031 2232 7429 8679 2806 7395 9227 6964 5216 9740 3174 5089 8204 8826 890 7740 8363 9882 7689 5150 8605 4322 1264 1186 9189 6925 2604 7459 4563 9375 325 2549 5172 3353 4819 1729 2614 2099 3301 3670 2605 6453 8629 3031 1293 6025 1260 6935 5951 5607 1283 2583 1861 320 5677 4149 3169 6866 2824 1296 5144 2023 1871 9635 2576
69 9636 64 9617 3906 3968 4830 7837 7259 46 2877 7943 9318 3367 1183 1640 9174 5143 79 4351 3543 5073 4933 7338 1421 1285 3011 6705 2141 2959 3693 9838 5087 5214 8091 6091 2495 4828 9158 2863 6639 4315 2074 4955 9157 2510 5451 8475 5181 5109 2349 5737 5059 6769 2586 5057 5439 5184 2954 8478 3957 8890 1053 5206 3184 5165 2607 2699 5009 5130 9111 5201 1938 4545 1257
70 1310 4246 4390 8727 9002 3403 8764 9506 4994 9976 4020 9909 9634 8618 4221 9566 5170 9930 9536 9540 9720 9414 3865 9687 4958 9839 1414 9694 4904 9948 9954 9659 9461 2449 6436 5672 9986 9702 2185 2865 4836 9539 9471 4648 9347 8497 4831 8053 5198 2109 5154 3879 4194 5010 2823 1367 8877 1280 2830 9435 4550 963 640 4675 7478 6081 318 2459 2712 1723 2732 5096 1258 9877 9915 3297 2936 177 8182 588 7454 2568
71 9099 9605 558 1904 2048 8310 6266 8325 8222 1902 6710 2028 1960 6523 8531 486 8298 3778 6372 1361 7123 4970 3250 9721 2142 5983 496 7523 1097 6214 5812 6218 5449 5278 2930 5270 2002 5786 292 6579 7285 6923 180 5472 5702 4583 1207 3919 6715 5280 5023 6409 1703 1945 2773 4871 3450 2567 5445 4293 3686 3442 3270 973 9822 1794 3488 3155 6743 5667 4023 6181 6390 3937 1364 1184 2564 1888 3456 2293 3985 3162 3285 7709 2982 2946 696 3000 1251 2617 1971 3359 3948 1435 5113
72 2318 568 1953 9641 7264 9113 9161 9131 9569 9065 8891 9091 9281 3242 8427 9271 2887 9519 2188 9453 2476 5110 6689 3829 4205 350 8029 1354 830 2905 9677 1196 2229 2041 8473 5161 2443 2127 776 1270 1256 635 9541 9777 2540 6455 3358 4787 3653 9717 4821 5121 5067 2584 630 4660 1867 3332 3436 1161 3576 3763 7530 2795 3039 3142 9241 6959 3380 5175 3510 741 2221 4060 4944 1820 2675 8160 3782 5029 8817 2660 7118 3241 1392 9537 1326 1252 3262 2669 4711 2962
73 4897 4845 2386 1199 2176 1133 130 2140 959 2265 4428 484 549 521 436 742 3963 6754 8073 9217 7817 5459 3156 8505 3678 4562 6676 4046 3327 1733 3345 4016 1664 1352 3552 4586 6677 7145 672 3492 3274 2503 2082 7206 2499 4342 2990 2935 9017 926 625 5100 3256 1206 2648 4275 3706 7803 9653 2244 8008 3532 1298 1291 3527 4659 5174 6397 6942 8195 1272 1306 1075 2711 9565 7771 3813 4902 2818 3164 3004 3030 3044 3124 2667 6919 1555 1490 7196 3626 1607 3441 2173 3519 1787 8281 5236 2892 2192
74 1067 510 1025 4685 1768 8845 7617 918 135 8159 8853 8221 9339 9961 8735 4959 8294 9583 9959 9753 9649 1181 4837 9991 8477 4929 9662 7653 9901 7877 5162 5106 8805 9960 6625 7378 4869 5019 4402 1975 5086 5047 6350 8904 8539 9543 4790 2320 4661 7849 8723 9526 5058 8558 4320 8303 3944 9049 7883 3671 5054 4332 5714 8403 7371 4746 5183 8669 4576 8225 8922 4577 4590 2854 1224 8879 3560 3843 6582 4071 827 9953 8265 4077 4755 1019 2771 700 2520 3278 3958 5003 9496 7334 2788 4889 2919 5138 1341 1848 7605 3439 2781
75 8347 2437 3909 7335 6825 6994 6915 1653 6167 8793 7924 6394 6899 6622 6481 7663 5799 6138 7331 7474 7999 5437 5876 8305 5669 6353 2095 1606 6554 6459 2432 5336 5433 7993 7681 6233 2338 7062 4864 7741 4435 5497 1192 2940 5539 3217 3697 270 5617 1362 509 4189 7761 3434 7028 883 4025 3477 3419 4082 1985 3321 3887 3874 3841 3639 2237 668 4085 3571 790 2509 2655 3503 4187 4643 431 1218 2760 2738 3863 4248 2225 2204 2676 3346 1699 1156 2947 1505 2235 2948 957 3244 3521 1612 7244 2949 3726 3183 4037 4674 5302 2560 3698 1425 2569 3154 1308 2870 6729
76 8690 9640 9787 9089 8906 3518 1651 9374 2045 5136 9808 3202 9907 4439 4764 1558 5848 1082 7430 569 4309 3050 7435 2826 5203 711 2595 712 2996 4743 5104 1434 644 1846 6528 8662 7093 6795 7889 1955 2602 6853 8361 922 954 2574 1059 3415 9755 2572 3025 9763 1166 7951 2883 3254 1920 7274 6460 1160 7112 3803 3890 9092 3053 2733 6188 1611 5210 4357 2680 4238 4829 9557 3956 7398 1613 3971 4867 2500 7364 2557 6864 8131 3795 1302 3618 2577 3931 5905 5083 9225 8336 1101 392 670 2136 2585 2706 8915 7790 4017 8930 7778 9388 2513 2551 3448 9546
77 442 1891 3804 5194 3215 1995 2305 9905 1227 8964 2593 2688 3870 4666 1465 4450 7343 5139 1015 2550 9530 928 6286 3791 6333 5191 5259 4909 5654 3662 9463 8742 3073 2470 3320 3712 7519 4816 7852 4115 9478 9866 725 4041 1470 3001 570 9809 4960 8516 1284 4380 24 7638 750 3913 5061 377 1763 1318 4741 3234 7194 3390 2090 9773 4532 2804 9283 3864 1126 646 4848 8804 2603 5032 7856 5053 7989 6834 6975 2764 4223 5220 1847 3126 4619 1707 693 4639 3945 3949 5681 3522 3613 2417 3889 1228 8909 3047 8599 7493 984 2507 5056 1223 667 4292 7358 866 9926 8406 5025 2031 2608 3612 6474 2844
78 4378 8220 9360 4376 4084 9120 7208 4872 8176 9046 9048 7624 9741 9198 7616 8408 9669 7818 7876 4453 8992 9509 8597 2453 4890 8859 9285 9675 7632 9589 8423 7892 8706 9156 8362 9658 9614 9800 9137 433 6846 6466 8881 8284 8684 7884 8438 9820 9076 9379 9170 9019 5907 7508 9862 8637 9290 1002 2363 2376 3873 3691 3397 8792 5013 3719 2600 3517 3196 9652 8823 8024 1045 1469 8319 9363 2968 3779 1319 2552 9895 1369 765 7846 6171 400 8460 7596 2060 5251 2977 9480 4786 7664 1357 4720 4438 8961 3715 5026 5141 3414 2521 382 819 2590 9548 3225 8950 4426 2598 2846 1550 4707 8455 7449 7795 8490 2882 1978 6076 3271
79 8985 6762 7298 7090 9362 8440 6534 6148 7949 8483 4926 8282 7886 485 7402 298 5850 4 7164 2078 8276 9200 1391 1702 2124 250 4753 9655 5092 5364 5534 8279 4418 3078 414 2575 2072 5347 5377 5978 4294 5342 3208 1570 654 1652 2843 914 1476 2527 5392 4835 682 4664 191 3484 1799 1478 6890 2238 2862 6316 4624 4388 1463 2354 671 5119 4521 3435 734 2610 3742 1464 1242 7963 4458 5188 5625 2488 613 1600 2691 909 162 5035 9679 881 6683 5417 5197 2236 5524 2329 1635 6804 5195 3837 5826 2618 5368 1380 4482 5834 2873 306 5370 1780 1622 1278 3561 4075 4954 3008 4464 375 5167 1322 2332 84 5969
80 9623 9176 8674 9660 2247 9757 9957 8357 7185 9389 9968 2233 9821 8997 8104 7581 6568 4153 1303 2663 8774 2231 6607 5688 5575 695 3702 7234 9811 1509 9231 5095 4117 8147 4328 8607 8192 5505 5005 3987 8771 7629 4307 5407 3579 5088 4053 6156 4360 4001 8146 4512 4534 9908 4862 2997 8386 4949 9629 8405 2150 9421 5583 1214 6599 1890 6492 9063 816 4870 9737 9042 2256 1331 3792 3108 5166 1215 6772 911 1488 2049 5544 1517 3005 9138 4365 7372 4324 5076 1253 818 2938 6990 4394 8187 4364 5140 6735 5726 1773 3897 156 7213 2071 4207 2999 5623 8296 1501 41 5324 3786 1946 5320 9726 8081 4633 4621 7561 5386 5234 2418 3070 5668 7646 2747 9685 1571 4282 2973 8446
81 4823 2080 523 2234 6978 6347 3245 6406 8232 5956 3833 2408 4585 1336 4990 8402 2051 6910 40 9027 2922 25 9971 3592 7363 5730 5243 2517 1385 5253 1516 5872 5924 5782 5265 9286 5340 4358 4466 2295 333 5650 409 4156 661 2439 5168 7117 3578 634 7125 1455 5601 2913 6765 3069 3464 4436 6364 3084 5637 3388 8641 3165 2425 1130 3308 5245 199 831 4989 1665 857 637 3580 3167 3929 3029 92 9312 3529 7166 5674 3511 811 4549 1043 3807 8776 4049 5755 8124 3785 5114 5626 8028 4667 929 5355 3067 5556 1548 7252 5285 5153 5584 958 7075 3102 5644 9713 336 3313 8857 4570 2783 1276 4027 733 2774 4039 5199 2679 3934 8847 1901 2864 2856 185 735 4679 4627 6040 8439 8543 4168 2282 3330 2911 962 5507 1468
82 163 9228 2263 8667 8987 4108 4452 9943 9843 8925 8627 9567 4379 9159 7879 4369 8141 8324 8665 8001 7231 9582 9782 9371 9932 9183 9387 7828 8622 8604 9513 7728 7209 6552 8623 9160 8668 8364 8594 9041 9761 4341 9719 8671 8907 9556 6701 8975 2362 8011 9708 4599 9115 2239 3180 1974 7984 2167 8701 5631 4580 3756 5224 1868 290 1641 9861 2744 1247 6461 9261 2772 1006 8849 9403 4213 3978 9916 183 174 418 8482 2619 8994 786 4920 3168 7994 6931 5382 6042 5230 5670 8138 4110 8078 1323 7960 8388 1549 9864 7987 4397 1372 332 5675 4850 4167 9619 425 5132 847 2757 7477 7973 2724 6050 5798 8796 1806 4914 7461 6206 8681 8834 7558 5124 2528 788 2025 5861 9586 4519 5995 4486 462
83 9664 9000 8245 7881 8840 7789 8625 8725 8061 144 8323 8865 9122 7004 6947 289 7380 7520 6960 9005 7432 5562 6141 6411 4367 6207 3112 5600 1052 903 6240 3137 5589 1510 2020 4777 5464 1287 6128 9154 5169 4651 3593 1543 3121 9146 95 3594 4196 2310 3483 3710 313 2652 8633 744 8063 3641 9310 479 3764 3588 2798 3932 2627 5642 5180 3923 3232 3272 378 9354 1910 4818 3946 6191 2678 1883 683 2852 760 2355 3684 1802 3875 2118 703 6017 7855 2765 4669 5108 4951 3128 161 5970 550 5937 5548 3912 3721 2347 5566 2800 6973 5024 2674 727 5673 1671 8002 8838 364 1522 3474 4412 4326 3728 4007 4256 7001 2709 1118 2890 5754 828 867 2690 3549 8546 5624 5400 774 5178 1375 2157 2532 3373 1500 4978 5859 4461 5746 6056
84 7677 2163 7656 9710 2240 8563 2253 8128 8745 9012 9501 6855 3491 6093 3383 6589 3310 5004 4966 2152 6120 5015 3732 446 674 994 6404 2012 8663 3195 6369 9562 5695 1939 4965 8443 8258 3370 7207 8699 7625 5443 6281 836 5308 179 4860 649 3547 1756 746 5932 4163 8569 768 100 2017 1003 5498 5416 2879 2526 3409 268 9376 8130 7026 4478 3349 2623 3687 8314 4126 2267 8977 3212 1429 1896 2357 193 6468 3677 3055 5428 8179 1410 5676 8800 3856 1603 1049 6285 6807 7171 2471 3098 4310 3127 4609 4501 1300 8746 9341 1532 3947 2131 2370 3808 5115 9642 398 1856 4422 9008 7383 8734 3614 3616 6078 5028 704 2215 6219 2030 1407 5712 7920 3097 5329 4601 4384 6244 3604 5728 153 8733 1314 2656 3331 8215 5435 4456 7080 6426 4382 2597 7851 5413 2272 9625 3842 4240
85 546 1151 4421 272 38 1428 6105 6903 4506 371 6695 5874 9140 3269 8781 9479 5587 6720 2143 3125 1316 9502 792 3443 4391 863 9645 2484 6172 3454 1110 7425 5578 4295 3140 1767 7776 6169 876 2956 5987 989 971 3556 9395 9823 43 8315 1036 1679 3836 623 4405 3111 1081 2650 4820 1870 8472 5137 666 1962 2154 5007 4688 1523 8169 1147 1266 1475 4086 3424 5297 2155 4571 6192 4127 1796 6237 1553 8878 5185 2089 5120 7880 6049 3059 54 3378 2356 4413 3723 9532 6631 4446 9034 3389 3466 3268 8263 3013 3352 9504 3784 4195 5829 944 5094 2344 4658 2630 3590 5189 2961 4268 1271 2410 4431 1477 3416 5960 737 9396 3171 9699 22 1023 7816 8752 5633 5581 3094 5531 4352 5103 5127 6581 7711 4749 5080 188 1387 5807 5749 4524 7756 5289 197 5043 4763 1480 2085 1720 4076 4170 8452
86 5242 4606 9730 9650 4602 8762 9259 599 8048 8394 7404 8409 8851 9588 3881 8010 8334 7507 4472 8799 9367 8399 9451 9438 9999 9724 4188 9384 8839 8963 8860 9128 7731 9547 7810 7608 4598 4993 1211 8542 7975 7102 3830 4125 6478 5653 8544 519 1675 726 4680 5560 1662 6682 4242 3034 5733 4249 157 7541 3489 2228 6745 215 1801 9491 8956 829 4145 1408 90 6998 4937 5209 9535 1645 7376 3428 961 2646 8932 5163 6340 9055 1261 9674 1804 8613 9989 2835 4340 6449 9913 6140 1744 8184 8000 7411 6443 6476 3766 2868 3205 2975 1750 9585 6287 5542 6112 6246 8218 6660 3129 4072 5499 4555 3213 8708 2642 8861 5474 1198 3610 3113 1917 838 3564 1524 5780 9873 1658 3423 4106 6071 9906 9865 701 1459 5871 4321 6722 2446 3680 6125 5391 6224 6155 9103 2300 9587 2875 1680 351 665 6485 8640 3924 6556 6675 4279 9900
87 9274 9144 8919 8787 9846 8939 8570 8022 8272 7998 7842 7870 7618 8911 7968 9950 8042 8133 8532 7902 7348 7550 6578 3223 7609 3696 5482 7184 4101 5467 4999 3883 8413 6881 5315 687 2212 7052 2735 3149 1922 3328 4855 934 5736 4531 2790 367 1232 3075 4144 6999 3867 5762 7422 3624 1869 5319 4600 5606 2112 5698 2409 3986 2820 513 2915 537 373 3020 6718 1701 4287 3767 3838 6315 7099 5149 1494 2897 383 6724 4671 2797 6177 5211 7041 814 280 6260 5766 172 3495 897 1536 6731 2636 6163 5393 6697 2920 4910 6094 6296 3891 2211 192 3364 6797 5462 2554 5419 6594 6645 6777 6708 6850 6714 4470 5795 4231 3577 6562 6728 902 3731 5819 2306 4475 1760 6633 2633 2916 4622 9153 7291 6641 2858 189 451 4066 4936 7009 3482 1716 331 618 4724 5016 3015 6704 6993 5301 3525 932 7808 2046 3608 1431 1715 8753 2906 467 4401 5713 1564 3427 2766
88 291 9857 2368 9550 2402 2255 9682 8982 8689 3451 198 3027 4395 4005 9372 9110 53 9813 3960 2727 6173 4462 7237 6785 248 5408 3776 5658 5757 5738 5447 7961 3900 5396 5142 5925 1241 1329 2770 7108 2745 9213 6454 8458 4579 7440 8791 619 1129 5519 4054 1011 3750 3990 9081 692 3022 6988 2373 9277 5684 7113 8889 5849 6780 4560 9205 2789 520 2505 8991 1320 3526 9793 347 231 4652 1542 4630 5267 8158 9762 2407 1304 1941 7752 3815 5949 4716 2431 2278 444 9142 2001 4064 4270 2337 5277 8754 4476 8779 7504 1217 8217 7068 5125 57 5710 2729 9919 339 7317 7085 1102 1267 5616 5896 9401 9967 9544 6204 5552 3825 9833 3625 3413 799 4123 3304 4286 2224 3207 5518 6871 5450 3694 9941 2838 4185 8206 2643 4493 6734 8938 389 4931 4406 238 7265 7197 8739 1617 6750 1489 4747 4663 390 2450 7548 3392 5941 6054 1949 2929 5117 1484 97 6469 3953 1614
89 6379 6736 8755 4834 2888 5660 5865 7361 7702 6511 1378 9947 8400 5390 1121 3289 3077 9829 9733 65 1906 3638 5783 5763 4429 5811 6519 1334 4971 2191 1443 544 4492 2912 6306 6513 2121 7534 2756 2541 5532 8785 3617 2641 7014 5717 4896 3541 3989 7405 5465 1818 6117 5031 9831 3028 1294 3575 745 5703 9797 6008 342 354 4485 2713 9051 3790 4088 3607 3747 8683 4171 359 648 5346 7180 4735 9258 1678 7600 426 6215 3400 5854 6758 9366 3828 3054 5093 5641 7671 3972 9609 6555 9405 7475 5387 4754 9095 7290 3657 6166 4209 2063 2592 9980 7030 6323 6278 5885 573 6741 8377 5062 5223 7804 7254 4210 7763 9040 861 1382 8199 2474 1286 8646 6647 7946 2180 698 2591 6256 4665 8809 7138 8175 9801 1493 3811 2596 2707 5765 9855 244 47 1444 8126 7824 3609 5244 1527 4979 1914 9987 2939 2350 6693 4840 454 843 6824 2853 8301 169 6407 6583 7241 3355 1792 1462 8935 3597 4146
90 81 4986 8345 8611 9353 9119 8709 8916 9667 9912 2392 9437 9434 4574 9023 9124 9104 9654 7929 8945 3683 1742 6571 1202 7494 2294 2611 5332 1265 6958 4165 6872 2461 165 631 204 7758 482 5989 6525 3699 6515 107 5349 6575 4505 5430 6124 1619 1452 508 3175 5900 7565 823 6082 6648 7033 9015 8759 540 5249 7512 1685 3611 8100 6952 1595 312 6194 2599 5910 7799 4783 1178 1060 6279 1561 5639 4673 5281 4552 7446 8959 315 8285 5901 2827 4710 3910 6661 314 2159 5082 8041 3343 7069 1492 6381 8921 1605 904 9197 2986 5545 2024 4780 5961 2475 1779 230 7218 5226 5495 6727 5425 6038 4650 7453 1783 5520 133 5055 3876 5831 8598 3420 2958 4597 3417 4175 6009 3396 6738 1135 6764 3021 5300 5580 2700 759 6791 7919 7289 4385 8338 9854 6839 6433 3631 4709 7560 5959 2415 3431 4081 3045 4842 2832 3939 12 5065 3019 4878 3243 358 4788 2573 6652 743 1789 5034 7142 1165 2291 432 3406 1449 4702
91 9962 657 181 3348 4802 4013 6013 187 136 211 7619 5801 5845 7549 3563 8445 6343 677 6591 1782 283 5006 5899 8189 4509 3283 8493 4694 1491 7809 3762 6020 4313 3433 3665 7061 7167 5157 1506 2088 5345 7492 3192 1299 3037 7733 721 5225 7465 553 5522 4791 3219 3868 3727 7072 6629 1088 2857 233 7305 4768 1114 7215 3478 4250 173 4247 3490 2298 2847 775 3354 931 4363 6178 3114 2695 8924 3131 2440 793 9311 6373 3692 3144 7614 3386 7015 3017 5292 200 3287 1529 7698 3341 3880 9928 8040 4150 1858 2148 324 5002 2898 2570 6365 7535 955 2855 219 3010 7445 5484 4199 4344 7513 7744 5920 1545 7065 7007 4306 2123 3251 4375 4119 7484 2492 2848 2317 4744 3429 782 5369 2786 2514 5682 2566 2638 6064 778 6127 7151 6319 5561 7037 3598 4098 3966 2438 3666 1734 908 252 3817 652 4254 201 9060 1921 7479 1078 5838 5998 2684 3056 2829 1981 801 6006 5512 3134 5764 8572 6080 2343 7400 7749 7848 6617 3317 6860 9264
92 2423 9097 9770 2422 9234 145 3064 3292 5409 2325 4653 3402 8210 6983 501 998 9791 1531 3718 6311 593 4333 6410 3132 3798 6657 2102 5504 7008 7266 1579 4303 1631 7307 6435 907 4243 2448 7642 6201 6439 2620 7222 1420 577 3041 113 8115 854 3339 3042 7822 7835 3509 5965 381 3210 3679 995 9644 7690 334 4008 2546 4274 8261 1986 5525 7211 7634 2011 7694 1717 7555 5021 6876 8707 8183 3273 9514 3896 3871 4773 5173 2116 5477 6891 6021 5186 997 1999 3535 3200 1332 1761 6335 9611 7060 2010 8412 4556 3794 7247 2491 7367 614 2622 5078 7345 1131 7811 9598 9123 2264 1566 7956 872 5160 4263 5176 8198 5662 7631 7891 4403 1722 8353 9016 8833 8525 7673 3007 2759 3122 7675 3708 3150 4174 663 5734 6858 8114 7418 6386 7712 4516 6721 1932 1632 9904 4415 9260 8757 9410 1895 6231 4898 3187 9294 9990 1615 699 4265 6108 8009 7905 2463 4354 1116 2545 7954 2966 4908 4705 1292 6247 3975 2754 7219 7962 422 8676 3733 6382 9482 986 717 6894 1046 2202 5128
93 7269 8250 6277 5911 6900 2114 6033 5805 9326 5473 6330 8523 4162 7827 6389 5282 3781 5182 4290 6856 4617 1012 9686 2950 5927 2524 2750 2810 2960 2496 3461 7079 2601 7509 5295 4799 2686 3299 1152 7521 3117 4345 8260 534 2073 5193 7426 1708 6602 2172 943 9462 1925 5212 7480 8712 7408 1416 9780 6500 6275 9995 5291 3487 2083 1020 6985 2542 8033 1093 6045 1765 718 6816 607 6527 1583 6470 2612 1268 7796 1014 4844 2921 9749 110 987 9884 4080 6133 2420 1519 4808 9077 3074 1080 1557 2978 1927 5723 3275 6844 1930 714 4281 1138 4969 3231 9881 3789 7328 1379 3643 7253 223 7944 7813 6165 5418 5882 11 1189 8624 9581 1698 2186 8948 8269 1400 1461 7780 6068 5957 8181 6857 8638 352 7450 7098 1781 7665 6137 1057 3085 1882 3979 9696 5275 9021 2931 119 4930 9169 134 2624 650 4227 4289 8190 9975 862 2924 3089 9215 5926 2015 439 6739 8014 4091 4042 5042 561 4815 2697 4012 4296 7115 9969 356 2276 8240 2562 3980 8732 7915 3062 360 5129 4596 4278 3237 5309 3635 6023 6101 642 6134 1487 5077 1249 5406 6830 1533
94 9896 9622 9610 9924 2322 9852 9078 9394 9117 9938 9868 8981 8488 5414 8118 1943 6868 4771 7615 4009 1877 8591 585 680 1048 2414 6146 1755 3859 6301 1630 3305 3530 3823 7515 9057 9533 7401 2793 1967 4732 7204 3333 5779 8566 8655 2813 9744 7287 2144 1911 2777 7489 3601 8960 2478 7006 1205 6032 5350 3110 3115 3438 9172 6921 1084 4498 8290 5107 2878 3852 7251 5069 639 284 7424 6613 3201 9691 5155 8489 4728 4569 1142 9879 5415 3550 9538 9102 6299 9368 5610 9074 4224 410 5344 7623 2171 7413 8342 4184 7120 8772 5402 1412 7427 4083 511 9475 9229 3006 8429 5809 9920 2516 1141 1221 160 3988 6532 5123 6255 4198 6211 1668 6216 372 5081 3724 2464 9552 5014 3325 4140 4449 7357 2895 1623 2084 5939 1419 176 4139 6567 5116 9409 837 1042 4432 590 8470 6349 8161 982 3995 5352 6588 5196 3636 9935 8390 7717 5742 6880 1568 8835 3211 5072 4179 8711 3938 7882 6908 1029 3992 5574 6027 691 3606 9756 5213 7153 1727 8600 2100 2454 5731 2477 2737 802 2047 651 6263 6493 3437 9324 1396 6039 7585 7403 7127 3382 1964 227 6902 1409 4972 4047 3621
95 3814 8782 2299 6019 8912 7551 4477 2984 2849 5404 2137 5689 8704 6046 8274 1693 4087 9966 416 5571 5327 7094 7787 3095 7580 4900 8154 4558 6448 3797 4176 8830 3152 7086 1881 5030 369 6414 4304 551 5385 8508 5310 2685 8580 977 9406 2971 1854 5200 2967 1044 3379 5187 685 4255 5151 5890 7134 6566 781 4028 8905 3226 8432 2067 123 9890 2767 2880 2145 7703 8910 6446 3012 6885 1735 6565 5718 659 5750 6151 688 8843 2874 4299 1659 6811 2632 7462 5235 5992 5481 2494 2730 5215 6295 7798 6412 5424 4045 8307 3534 7300 3872 6854 5708 6015 5227 5027 1096 5252 7272 5384 6888 4280 8062 2093 4356 766 4614 8360 5233 3405 1537 3508 913 1381 9412 4977 6875 5373 1275 2934 5515 9073 5296 4873 6190 7890 8166 5063 455 9070 8545 6416 6564 6996 3471 8109 5659 5452 4186 6843 2629 9951 4090 4604 1892 6359 8354 3840 8074 5294 6773 1709 6396 5916 1393 6535 8719 8320 7655 5511 335 1569 2512 1642 5804 1994 1757 2635 5205 8628 6086 1565 5816 8268 7722 1105 2779 7583 3281 7525 4523 3661 5619 3148 1905 673 2696 4662 6553 1989 8553 2561 3595 4779 5403 6122 9293 7129 1358 212 6300 9695
96 529 70 7544 526 2375 8645 7201 3003 7160 2241 440 402 804 6208 9498 2763 566 3133 8391 1106 5846 7339 9964 421 6288 1456 9830 5599 869 6153 7836 805 4539 7382 4447 7540 483 4264 357 8049 310 6047 9455 4916 5789 1790 8789 4928 3116 2536 5767 6592 4122 3288 9373 3642 1830 236 2886 7374 4825 9789 492 1835 3753 3261 9147 2693 3426 4206 2460 6442 4251 563 3982 5665 6829 8529 8931 3940 1899 1842 5440 7812 7985 2992 6814 9917 1398 606 4147 2348 7170 616 8899 2637 1427 3514 158 2274 4921 5567 1958 1405 7511 9825 3967 2866 9613 2352 4423 5857 9771 6887 4177 3536 6939 5971 2245 1706 1739 2742 4235 4649 7157 6911 992 6986 9149 7797 4715 5051 6159 1725 3120 6491 5981 2035 4865 3024 8682 8304 3185 7972 7766 488 3049 7641 5475 8317 7900 5596 1061 849 7159 886 2802 7192 1683 1827 7431 7669 4006 2814 9191 7410 6551 7917 7683 1616 6510 8229 4699 5649 6692 4334 2270 5420 3109 88 1077 4262 7326 3151 9970 6796 477 1297 3172 3356 2812 5943 556 7518 8152 3002 6874 1762 9627 1700 9893 1819 1140 4564 1171 3081 871 9441 4416 3748 1191 3307 4100 7910 3293 981 6129 5725 5260 4899 5844 6922 4300 8784
97 7035 9615 4178 2722 2927 6955 1689 3363 5648 8145 34 6235 8417 2442 5530 5930 2043 4824 5985 321 19 8170 2785 5954 9722 7119 7802 6220 8351 118 3033 4980 5529 5988 3105 9300 4517 490 4302 9182 1356 8943 4730 3399 1155 6265 4316 5020 4457 608 2741 6413 7693 6179 2743 9534 729 2698 7914 6486 7046 7104 6028 3463 5247 6309 708 1546 6913 6863 8966 2387 3709 4567 5972 8411 4220 2511 1514 4893 7678 8942 8075 1208 9745 2720 8896 4733 3858 8287 288 3093 348 3106 2953 9576 4811 8090 9706 3052 1204 705 5651 2380 6425 859 44 4000 2396 4164 5514 1399 7990 8869 6593 1099 4681 7603 7283 9291 4992 2681 2548 5269 2125 5692 4034 3177 1666 3970 3761 2965 6778 7570 8125 9184 757 6034 6280 3667 4095 6895 5079 6744 4879 2871 9443 1328 499 824 9849 4736 8872 51 4578 2628 8080 1741 7205 5207 627 6116 8778 4393 1598 5084 6432 3351 2195 6184 5825 4634 1321 5974 4497 1338 9364 8844 697 2881 3884 3570 3157 7299 6940 7040 8372 4891 9521 2937 2661 728 7988 1007 2683 1554 8300 8564 6290 4876 6951 7662 964 5828 7352 6989 155 7322 8333 9292 8609 3314 5640 8242 3501 2896 7707 2579 6938 3554 1504 9853 7250 898 178 6374 8136 6712 148 3820 4398 4257 4640 8289 3395 6852 2181 457 5997 5917 6477 8223 2170 3528 8006 2547 8030 8996
98 8453 1351 7336 7278 4610 7538 9397 8957 6548 3998 77 8837 5953 527 1912 4499 5105 5479 6624 137 4212 6526 2273 9121 2469 3209 9141 6230 3927 9393 3493 2609 1993 2556 5627 7592 9781 7147 1333 7574 5288 7695 1195 8185 293 5171 7807 2807 91 3818 3844 2841 975 5597 4642 5753 910 5707 7034 574 4592 4670 2216 4323 203 6424 5944 6836 7029 5921 6036 6375 3182 2160 5892 7948 7032 423 3586 6767 9250 1216 1471 143 3758 7858 4721 1887 6317 3520 7861 8660 2174 4273 5923 7686 6104 6242 7526 1350 7536 2634 8436 3218 3083 3465 1063 1786 5947 1578 5097 950 2537 1000 8435 1764 8103 9216 2909 443 7925 190 6678 4463 5781 6186 5456 2406 8366 3672 4607 7622 626 3060 3533 7174 8262 1810 4917 7685 6642 3082 4784 8480 9445 4943 80 9296 1312 5239 9760 6471 1479 5996 3895 468 6361 8037 4903 3707 7369 1295 9448 8714 3469 6075 8502 9564 3206 5793 2932 8721 5727 2969 5398 2534 2379 5367 9428 8426 7243 5204 1325 8016 8450 8302 1880 676 7111 7288 9837 1100 5090 8656 4133 9958 1731 214 1263 6685 4291 207 2371 3253 1062 3146 9965 1942 1649 3573 7101 2092 6444 7941 3470 3009 522 653 9338 1593 1730 1898 2991 3181 3036 6276 4883 73 6690 8144 3977 1696 241 6809 9571 7186 5883 8340 2654 5752 1814 2981 600 8089 8433 2708 4002 8862 9974 5501 7463 9313 9765 7420 8202 8293 4772 4507 5374 7332 8067 8404 7953 2944 3058 6337 8615 9325 8648 8471 1453 7965 583 4430 7725 892 2872 5881 1035 2501 8437
99 8560 9297 3065 4581 4366 2297 2022 3599 1503 4938 5955 7588 6907 4785 8384 6813 9851 6245 4695 8870 8191 346 5099 5827 6924 1638 6072 42 9676 9769 1541 9222 9580 3335 6612 4625 7409 2563 547 6576 9661 6666 6847 1497 9252 985 6289 2038 8434 2525 5643 1170 7983 2519 9210 9423 9080 2279 9096 9671 1051 3548 1770 6434 7864 976 1534 770 1864 1857 6113 5508 4962 9246 6901 8069 9244 751 2867 6530 7765 4136 2970 6632 7697 562 7557 6906 8421 9718 6664 6501 7647 9425 6016 9779 2559 2289 8 4738 3689 2582 1788 4906 8806 4781 6451 1279 684 8162 5483 5870 5454 8731 5558 800 2515 6828 3991 8917 8332 4311 4331 4252 9973 2149 1343 2518 8636 329 2246 5509 9288 5436 7967 6274 9287 2987 6391 56 5904 8252 6147 1033 3228 8673 234 4105 8331 2401 2358 5148 9064 2285 7198 601 1518 4718 9656 2277 2682 9319 6457 4026 4474 1235 7567 9929 1743 6623 1460 8947 6103 4961 3788 8808 6348 4690 6144 4683 4812 4308 647 1177 6845 9289 6504 7866 5891 5940 4104 8500 5305 7510 6111 5326 5843 9815 8231 3993 3922 4713 2659 7853 6402 6544 5351 1582 7546 3969 3714 9925 6679 5266 4676 1307 3648 4515 8178 4370 8590 6761 1950 1305 6282 9697 9309 1090 9703 2721 2951 9657 4035 2462 9245 6621 2146 2993 9692 2199 3298 629 167 6506 9520 6950 5909 1759 5102 6810 4409 2740 4070 8410 6176 9705 9449 8760 8855 6812 7471 5388 2828 5577 5908 3775 4112 5565 1262 5803 8780 4019 9492 5453 9665 7959 6893 5563 31 2336 6135 3440 2980 1663 4612 9786 999 873 3651 850 1931 7368 8670 9666 5551 9795 748 6703 6119 5000 225 7781 4887 6294 8767 7143 3197 8376 5528 1738 6162 9284 9470 4814 4468 7051 4454 7599 9858 9689 1740 4913 412 87 9220 1086 7838 5791 9196 4137 736 7189 4471 8188 4948 2424 7805 2821 7103 8561 6109 5936 8495 6740 5770 7593 8612 9014 1445 408 1670 4631 9444 6154 3051 2963 1496 5671 4731 8157 9860 1511
