100
0 1788 1950 1786 1942 3181 3177 1790 1958 3172 1943 3210 3420 3243 1792 3392 1801 3213 1870 3331 3232 3373 1868 1902 3388 3308 3330 1773 3070 1799 3247 3008 3271 3294 3186 3376 3350 3407 3249 3183 3163 2269 3345 3256 609 2752 630 3377 3277 3270 1748 1959 2296 3393 4044 3760 3189 4283 8720 297 1812 596 669 2428 1562 924 3540 2222 1803 4745 579 9322 4765 5331 8583 1728 1530 2164 3596 1908 9889 1041 1650 7637 5863 2974 1822 6753 8790 5946 3404 3467
1 7983 7557 7967 7510 7546 7278 7538 7526 7536 8037 7288 8862 8943 8942 7990 7283 7988 8006 7544 7540 7985 7511 7972 7518 7551 7272 7515 7287 7489 7585 7509 8014 7307 7555 8009 8939 7549 7492 8040 7535 7513 7565 7289 7560 7290 7946 7968 8038 7504 8938 7348 7548 8010 7541 7497 7448 7506 8822 7828 8798 8002 7221 7629 7531 7584 7876 8279 8845 7539 7559 7449 7457 7310 7856 5025 6795 7951 6460 8895 5162 9960 7528 7710 386 7244 8007 7165 8863 7428 7228 6687 7771 8831 7483 8253 7837 5962 7830 4023 7314 7657 7232 8123 7281 1367 8534 2893 2459 4351 5977 7338 4535 7840 7054 8579 3159 8204 7843 7226 5439 9301 7124 2734
2 8647 8209 2480 9494 9680 965 4859 3233 3981 7775 2076 461 285 3432 2374 8602 7261 9553 1900 2006 6070 3630 2903 2333 1873 7304 6770 2135 4067 2615 8955 2504 3688 5758 4359 3316 9243 8926 8898 9111 6503 9263 170 6354 6549 6292 2193 6377 7257 4484 6821 4817 6249 8266 6390 7607 8946 6436 6455 5622 2535 5938 6189 6838 6968 6218 6672 6914 6792 6188 7612 6293 2017 2554 986 2545
3 7331 2150 7286 2247 828 2890 4326 2118 2355 3641 2156 2272 5435 2030 3614 2234 3055 193 7026 2526 3983 994 4452 5807 3590 2089 7012 2875 2300 7262 3564 6992 6443 6998 2228 7004 5653 3525 6993 4066 2916 4910 4671 3986 934 2405 147 3625 3825 5616 231 2373 6988 1011 5447 5658 2939 1527 573 7030 5387 3054 3607 7014 3617 3638 2291 4081 604 3021 5520 5495 2475 2986 314 315 4552 312 3611 2294 2343 3056 252 2123 7007 3010 955 4637 3017 7015 2392 2298 4013 1046 1615 3007 1131 614 2010 1999 577 7008 5504 2102 593 998 3064 3980 2015 134 1080 607 2083 2073 2960 2524 2950 2114 3621 1964 2477 3992 3636 590 1042 3988 1141 3550 1142 7006 1967 3530 1630 1755 585 1989 673 1994 6996 3534 2874 2880 123 2067 1044 1140 3024 2035 6986 2441 3642 3003 2375 2181 6989 51 3052 1514 608 2043 2442 2872 583 3058 4002 600 3009 2371 1100 3533 1000 950 3083 2174 7032 7029 203 574 910 1993 2963 2199 2951 234 3991 2515 2289 976 6924 2022 2297
4 2047 100 1876 1169 2265 2665 1874 1920 2706 2949 1923 2569 1308 1952 1980 1996 2945 2229 2972 635 2389 1872 1190 756 528 2101 1119 2908 1633 2736 46 789 1690 1454 1109 1976 1363 2670 370 2365 2928 1539 2714 715 506 1236 1234 1535 226 1115 720 2651 2815 2941 7793 1324 2340 1736 1182 2466 2445 2791 1836 8680 2672 1071 2498 7356 5806 5768
5 7308 2489 7456 7783 1282 8368 2115 1637 365 6966 9507 500 6997 1144 463 8936 1643 2252 7064 9512 9758 5316 3476 4109 3411 6 3092 1432 323 1030 874 1572 9602 8142 5572 4591 5951 2346 4608 3222 7821 6100 5071 4204 1070 3704 3360 6187 3669 7897 5399 3921 9886 6651 2964 5010 3359 9880 4776 7875 478 1954 3583 9946 7884 9908 9693 9256
6 5022 9036 9253 4714 4995 3436 3755 7579 8382 9271 9281 9091 4590 3521 9380 3887 7790 5083 9529 8326 9631 9959 8973 9961 9530 9480 3691 9290 3837 9787 9675 9509 7818 9726 9983 7616 7372 9741 9811 7581 9821 9360 9389 9312 4230 5168 9604 7477 9619 9327 9257 9362 9513 9354 9782 8001 9625 9567 9592 9376 9843 9943 4860 9562 3383 9501 9442 7482 9395 9645 9479 9585 9913 9850 8932 9848 9436 7731 9386 9367 9305 9259 9941 9967 9650 8935 9950 9980 7475 9405 9609 9497 7618 9854 9446 9382 7479 7484 9605 9437 9751 7614 9353 7465 9306 9294 9410 9611 4091 9881 9995 7408 7480 9462 9326 9914 9324 9756 9935 9368 9538 9951 9938 9412 9340 9776 9966 9622 9627 9613 9825 9620 9962 9292 9364 9600 9745 9300 9325 9313 7463 9338 9428 9296 9445 9607 9393 9444 9284 7471 9309 9815 9929 9319 9287 9288 9973 9425 9423 9297
7 6585 9351 9802 2666 7152 3453 9266 6859 3634 1113 923 7163 9282 1451 494 355 7293 7460 916 8527 5729 1601 7748 1386 4149 6430 8106 2748 2775 3260 5898 8110 9942 8077 3853 3917 1965 7388 6132 6980 8995 9678 6605 1573 3504 3198 2549 8494 4267 2644 7916 9511 4319 3734 2613 345 4648 5760 1574 5496 5860 3730 5980 2771 5336 6353 5026
8 42 8 2246 2277 1460 1090 1759 850 225 527 2273 1333 1216 1471 1887 1350 1063 80 1312 1880 1062 1593 1696 1814 490 708 1208 705 824 1598 697 529 2241 236 492 2274 2245 1061 849 2270 1819 2137 2145 1096 1892 212 2144 511 1623 1152 534 1583 1882 862 2276 1579 2264 699 2250 1299 778 1619 823 1605 1334 2255 648 1678 2063 861 1151 248 1941 2278 1617 1760 2259 666 2263 2253 1837 446 1429 153 1314 1953 951 7 1883 8668 1375 1336 199 116 2231 2205 896 1391 294 1463 2140 2236 2210 327 2060 1966 263 1315 679 7437 295 8451 7945 428 4826 4787 2885 7082 5348 177 316 471 3749 8562 4285 2755 7868 4595 4504 9859 8164 5879 6751 6362 4018 2701 2054
9 1638 6434 7697 4738 1033 7853 1663 7838 7805 4731 3493 7807 4721 6317 443 8262 6471 1649 7802 4730 7693 4733 4811 6425 4736 6432 3501 7707 7836 4264 7812 992 3120 7766 7900 4262 7910 7787 1659 7798 7890 1642 3148 4771 284 7717 7882 1029 6330 6389 3487 1020 6470 7796 1014 987 7813 1631 6435 7642 6439 7822 7835 8261 7634 7694 4773 3535 7631 7891 7712 4802 211 7733 4791 4768 4744 6319 4254 7848 7758 4783 4780 7814 7998 7842 7789 2187 2191 7755 7700 6323 7804 546 7824 8133 4630 7752 4270 6204 7760 7832 7904 3767 6296 2211 7699 4724 7677 7808 7975 1662 4249 1645 6340 6476 5474 3269 3125 7656 43 3111 1475 2155 8367 7880 8263 4658 1477 7756 3491 6404 6369 1939 8045 8135 7714 8179 8213 7879 6426 4155 3112 5600 5464 95 469 7976 8063 4818 442 3684 7855 550 8222 8172 7893 4110 7987 4850 7973 6050 5798 6347 1385 3619 7886 7739 5637 8357 3167 311 7347 7732 8124 8028 4667 8327 7903
10 1440 2942 1373 1724 5146 6332 1269 1817 5933 4347 9424 9923 9072 9175 1026 7230 6483 1340 9247 3565 9663 9885 7674 4668 52 8802 2758 4259 8034 6926 783 8824 7276 7212 8058 6183 228 1591 7105 2472 2662 9510 1937 1682 6774 7447 8890 2397 1577 1753 2275 5672 8295 9024 1677 9687 180 396 2077 472 269 2394 2610 1795 9875 1185 9212 1060 9409 9406
11 9823 8355 8925 1455 881 465 8369 9652 1319 8298 8909 1846 8691 4700 2113 9093 1752 6671 7478 407 921 5333 9633 1838 2194 8339 7930 2308 3930 6650 5813 9590 3353 9716 7133 1924 7038 6271 5893 8085 5945 7800 9464 1860 9069 6077 6320 8032 8728 9524 194 3290 4467 8944 7148 15 3227 3421 326 3515 447 4465 1676 1855 9490 6334 3765 4559 1032 1732 3513
12 7494 7085 7520 8388 3592 7166 9156 7100 8099 7443 8476 9203 9013 2584 1021 3442 1502 1107 9435 2649 6531 7573 4644 2746 8874 5608 6405 7249 7468 8850 6932 3713 8054 9772 2768 7169 7648 8378 3545 8407 3255 2058 794 1384 3773 5615 888 8329 2799 5011 1674 4726 7522 58 328 638 7582 8842 5842 7039 1335 7003 5246 286 9476 5177 5343 5074 7077
13 3065 2867 2970 1343 2987 2682 2659 1307 1305 2462 2146 2993 2980 999 873 748 2821 1670 423 1578 2406 2969 3146 2092 653 2991 2654 2981 2501 2722 2511 2720 348 3106 859 2125 2965 2871 1328 2195 1338 2661 728 1007 2896 869 3116 2886 2693 2460 2992 3109 3002 871 2984 2971 2967 685 2767 2494 2093 1537 1381 1569 2512 2478 3006 1668 2895 2084 2454 1012 2496 2686 2978 352 439 3062 360 3041 854 3042 2116 2491 872 2759 1932 2966 2088 1088 3114 3144 2492 652 1078 2684 2461 631 2159 2024 358 2888 1378 3028 2713 281 2474 2180 2853 1992 2770 2505 2407 2001 2838 3020 1701 2897 383 1431 2906 2646 2975 1917 3443 2484 2956 989 2650 3094 2152 2012 2048 1896 3127 475 2656 3594 2652 744 1087 3588 378 760 2674 2386 1974 2051 2922 2295 3084 857 3580 485 2233 3102 2783 1276 4328 2189 1768 2843 2488 819 2882 1995 2804 2764 5621 1878 6423 3254 430 3053 6297 1132 6228 3958 6545 9835 8747
14 5202 3390 1763 4134 3001 3627 3073 5645 6333 6286 5194 3779 3719 5903 6383 5834 6752 5417 5868 2354 5769 5347 6175 6138 1571 3786 1791 4841 3579 6568 6622 3313 3785 3464 3069 5782 6536 6406 788 1806 847 1323 6461 5746 3728 6357 5970 3128 3687 3547 3195 6581 6192 3556 971 876 792 1316 6224 1459 3113 1750 2868 829 1715 331 5795 5762 1614 2929 4286 3304 2729 1329 5757 5408 843 5765 1818 5717 2912 5811 5763 3077 3289 6511 5660 1789 3019 5959 5831 568 5900 1742 5764 3134 801 3598 5682 5920 3341 3131 3433 3563 5801 5734 5662 3794 501 2924 2931 3074 2921 943 5473 5805 2737 1727 982 837 5809 5415 2878 3115 3110 5779 5816 5804 1393 2934 4280 5708 5424 3012 3226 5385 5689 5420 1616 488 2352 1842 1835 5767 5917 3820 2937 3157 2881 1321 5825 5692 2953 2741 3105 2927 2944 5752 522 3253 1325 2932 3206 3060 2909 1764 5707 5753 3209 5770 5803 2740 167 6621 1582 6623 2358 985 5827
15 4137 3036 4178 3033 4220 4164 4147 4177 4235 3049 4176 4184 4140 4139 4179 4227 4243 3037 4247 4175 3045 3027 4185 4144 3034 4145 4163 4049 6040 4117 3987 4307 5850 3108 5140 5851 5320 4069 5342 4388 6041 5625 5035 3898 5013 5830 3225 5950 4245 5259 3366 4991 4050 5261 3518 3612 4488 4200 5497 9026 3841 3571 4790 3882 3503 8723 9526 5058 9049 5183 3999 6096 6236 4046 9742 2900 2485 6073 3044 3124 9276 2209 9390 3039 3686 1180 5455 2243 3926 4502 5017 4312 4536 5543 4337 4677 5286 5630 5432 1948 3695 4217 4769 9624 2490 3647 3920 2645 1972 6488 5815 7306 2555
16 6497 2891 2733 5493 5045 6440 5460 5032 2603 5401 5394 5061 1772 1470 1780 1380 6574 9589 1478 5076 3005 1215 5166 1331 5991 5095 6012 6437 6148 6472 6534 6266 6505 1522 5108 1802 6191 6207 6411 9642 6285 6468 6281 6093 6855 6237 3424 5987 6169 1428 6556 6485 1524 6660 6246 6287 2766 6478 6641 6562 6714 6797 6163 6260 6315 6469 6871 6454 6785 1462 6583 6824 1444 6256 1286 6741 6278 1443 5034 6791 6738 6009 1783 6727 6124 5989 6860 6617 1981 1245 6231 6721 6858 1722 5078 6335 2011 1986 6201 2697 6739 6857 6165 6844 6816 6275 6500 6856 6493 6263 6216 6211 6255 6532 6146 6868 6553 2696 6535 6843 5063 6015 6854 6811 6151 2685 6874 6796 6510 6551 5981 6491 6159 5051 1706 6814 6829 6153 1456 6208 6477 5997 6852 6712 5974 6744 6778 6863 6486 6265 5988 6220 5985 6235 1453 6809 1730 1731 6242 6836 6424 6230 6548 6154 1445 6740 6162 6812 6810 6506 6544 6504 6845 6147 6828 6501 6847 6813
17 39 3076 5448 393 4950 8153 3904 9273 5410 2411 1281 6487 5685 4880 5395 1031 3796 5706 473 1008 9337 5457 7224 7636 5068 4063 5724 1219 438 5513 5303 474 1128 4997 791 8370 9630 1861 8486 611 7754 6935 7327 2111 3675 2184 4489 1258 4793 3472 3063 2449 5359 309 4513 4762 3653 9071 9668 115 1793 2560 4543 41 5114
18 5848 5976 6779 2045 4292 6304 4742 7044 5258 5833 6834 4816 2470 4909 3791 928 3870 2129 2521 2977 2968 6603 5167 5704 6746 2873 948 4664 2527 1960 4453 2747 6849 4512 5005 5688 2663 2911 6725 5674 6364 5265 5253 5243 6910 3833 5124 6167 5132 6042 448 2619 5178 2709 7001 2798 4367 6244 5028 5115 4749 6105 6675 6071 2642 6140 6449 1408 7084 265 189 6094 2920 2915 4855 6054 5277 2437 6173 5223 122 6166 6215 6117 2756 6379 4788 5300 6038 5226 6381 5281 6194 1595 6082 6080 6064 5292 6373 6178 6247 6108 6386 5242 6021 4986 6101 5309 6068 2420 6133 4844 2423 4799 5295 6027 410 4728 6086 6396 5294 5296 6446 5310 7086 6448 6046 5260 4853 6442 2536 5789 6047 421 6374 6184 2628 6034 5247 6028 6179 5020 4824 4772 6276 6444 2534 5793 6075 5239 4784 6186 5781 6104 6375 6036 6109 5791 4814 6176 6402 5305 4812 6103 6391 6274 6451 4781 6072 6245 4785
19 2792 8815 8867 5582 8475 8741 6130 7844 3741 8892 6262 8578 3847 597 9948 2096 4857 6748 4082 343 7058 2432 3252 1228 980 4723 4666 1227 2590 3737 2552 1002 1047 1242 5680 191 4835 4890 4753 4621 911 4870 4862 1303 336 4704 4626 2517 2528 4616 290 4580 4599 4669 3764 4651 2597 4601 4609 2623 4688 4897 2143 351 4680 1211 618 4622 280 537 4602 4493 2643 1267 558 4716 1304 4652 1129 619 4606 2591 274 2541 1153 1121 4702 1165 2573 4878 4709 4597 622 2599 1265 2611 1202 2566 2570 4694 4705 1116 2546 2620 1249 4596 4815 1093 2601 4617 1221 2516 1205 2561 4662 335 4604 1171 556 4699 4865 4649 606 563 310 483 2547 4640 2579 4634 2548 4681 288 1155 1295 4607 2537 4670 4592 4642 2556 2609 4610 4631 1086 4612 4676 4683 1235 601 2518 2582 2559 562 2519 1170 2525 2563 4625 4581
20 1864 1857 4105 1743 4104 3969 4112 1738 1740 4212 626 321 4095 1741 627 1830 4206 8931 158 1827 88 4100 1881 1854 1735 4090 1877 691 334 8924 1858 324 4199 1734 4088 4209 1914 0 692 4101 1716 157 4106 1747 4076 649 1756 704 2744 332 9 333 4156 661 4197 156 9019 9363 8950 4211 712 4157 9113 668 3658 2214 3698 9342 3843 3674 3582 3278 8887 6445 5869 539 9922 3800 3532 1490 3441 4383 1134 7530 2795 5429 4866 3000 5198 3401 9248 7354 3973 512 6502 2805 3543 5073 3068 4094 216 7553 9009 4584 5411 938 3757 4894 1512 3574 8292 6954 2914 7613 8643
21 4540 3265 4798 1309 9112 4503 2840 9836 2044 2086 2710 32 4647 7370 7106 8356 6518 9192 6512 9616 8082 812 9712 5894 1840 8581 935 7670 4272 7873 82 9267 884 232 945 2014 942 1353 686 1406 1852 2178 9323 912 9328 658 9734 476 1865 3061 1775 1498 502 1256 1483 271 1457 530 2204 569 567 1635 504 179 2085 1680 53 283
22 3633 4833 3279 4957 308 2382 2062 4635 7469 2217 1718 5038 6794 3854 9639 3866 5476 3229 3158 832 4288 9784 1238 8953 2094 694 7256 206 2000 2901 1576 2413 1979 1938 1672 1669 2334 319 1402 1581 1971 1364 1695 1916 1624 2540 1345 1298 1352 1809 2065 1850 431 1359 1361 1059 1469 1913 1464 2072 1712 1501 1517 1488 1246 2025 1641 1510 1904 1744 2224 1779 2148 1506 1782 1781 1379 1519 1504 2216 1511 1518 2149 1503
23 5109 3851 1327 1022 5256 7279 3311 1421 69 9877 4096 21 1435 940 6716 4419 4945 7908 7109 3258 1703 128 9537 3782 1161 8155 7715 350 489 1607 2388 50 3242 2009 7803 8086 9976 7360 7273 7909 4970 3671 8203 7883 3244 7986 8271 7877 239 3806 933 8003 8019 7833 7977 8113 7989 3864 8221 7264 8059 7933 7795 7846 8024 959 8076 7963 8234 8146 8176 929 92 7949 8047 8068 8177 1796 7819 1804 3867 7902 8042 7961 8199 354 8285 8272 7947 3868 8072 7811 1761 8269 8260 7827 8250 8290 3859 8268 8074 8062 8274 1762 8049 357 8289 8080 8287 8075 8067 1898 8252 8069 1770
24 4695 1051 4136 4252 4690 4713 5351 629 3998 3818 3844 2160 3895 5204 4133 4291 3977 241 34 4302 3858 4000 4992 3970 5207 3884 964 2170 4122 4251 3982 3940 616 3967 4715 1725 981 4300 3814 4087 5200 5187 4255 4299 5215 5227 4614 4186 3840 1709 5205 4779 1048 3823 3852 639 2171 4083 5196 3938 5213 802 5182 4290 5193 1708 2172 5212 4281 2186 1057 3979 4289 642 4008 1717 3896 997 4898 3975 721 5225 4250 4119 4098 3966 3817 1921 1685 140 4710 5082 5055 1135 3939 4190 4896 3828 5062 3811 4146 3776 3900 5125 4123 4747 3953 4975 2212 1869 2112 272 3891 8963 5016 4598 4072 371 4806 4295 5137 2154 5120 4195 3877 4352 5103 5289 5004 4966 5308 4478 4126 1856 4456 3842 5169 4196 364 4341 4461 3978 4914 5730 4926 811 7402 5644 4376 4168 4153 3702 816 9334 9042 9050 4282 2575 4141 4482 4720 7852 3913 8406 7889 922 7705 3778 9845 773 7524 1816 3497 7458 1207 6626 9209
25 87 91 913 651 227 110 18 119 650 657 165 599 814 578 875 838 746 273 3 637 671 725 525 700 141 406 249 612 617 275 246 255 1053 9525 6862 9956 9750 817 844 4056 5840 6806 7387 9152 7359 807 1337 4594 6604 9612 4813 906 1330 6870 9876 6366 636 3369 5975 8051 1987 9181 2042 7757 9054 2703 1259 8868 6022 3387 4751 3138 2861 1977 5250 61 8150 376
26 2203 237 1079 8474 4884 4460 7155 4541 6199 9458 8035 2141 4933 6069 9754 586 6749 7071 9226 9195 2280 7721 4527 6886 1200 7923 3968 7196 1150 5588 9683 7817 6011 6709 521 7955 7028 7761 8280 9038 9454 6465 1955 8516 3943 9800 654 1702 2938 9138 9048 9629 6261 8997 6160 6962 5861 2724 5631 3180 8011 1118 6920 683 3923 6615 9371 3212 674 3171 4820 6960 3129 2633 7041 373 7052 3223 4406 1167 4421 2727 1231 47 4842 2958 7069 7033 1203 7037 4823 7065 7061 187 2202 7060 3231 1138 6908 3211 6921 680 4873 688 659 1191 4825 4876 4891 7040 4879 1204 4893 6913 7046 7035 4883 676 3218 7034 1195 7051 4887 647 3228
27 7215 5390 5783 7302 7210 1652 7202 6051 7330 7275 1551 1621 2188 1820 330 6546 6090 9416 6203 5877 5466 5150 7053 6563 1813 6655 6967 6342 9577 5788 6747 1313 7594 5426 6775 2075 9299 9944 2230 5740 6063 9897 1346 470 2751 7487 1446 1625 5719 9768 9618 5018 4636 5818 6608 3302 895 2625 5133 3725 6014 3587 3942 9465 322 1355 1273 4099 120 3315 7713
28 6078 8528 5340 8776 8552 460 8415 8365 8492 6368 8469 5794 1434 6484 790 7399 6307 6558 6755 6321 222 9541 7788 9190 2196 9806 3824 7650 7740 9459 9218 5592 9472 6447 4183 9165 4946 3303 9994 3861 1608 6284 5661 299 4942 560 846 1926 2377 3088 5612 8241 6489 978 1832 3768 1626 848 4874 8967 947 7517 303 8313 2283 7867 1376 7097 9921 8697 4952 5147
29 7753 9503 276 6370 6490 3422 4161 1397 9651 7081 8478 5841 594 9723 7318 6521 9238 1251 8031 4934 7980 9720 8521 5678 7611 9700 8937 7523 8416 996 7371 8316 8805 8764 6768 8651 8490 7596 8823 4693 8828 3484 5968 4427 8859 5776 6771 6646 2049 8775 6607 8857 8644 6765 8834 6206 8849 2627 9582 3710 8740 3808 6757 8699 8663 8752 2356 8315 8753 3608 4993 6777 3696 8762 8754 3526 8725 8126 8829 8809 8748 6758 6008 6513 6764 8759 6575 3666 8749 2898 8570 8503 8493 3283 8757 8114 8854 2622 8787 6311 3275 6602 8523 8835 8566 6301 8118 3595 8553 6773 2629 8545 8843 8580 8508 8830 8844 8125 6309 3573 3707 6767 3586 8495 8561 8855 6761 8500 8808 8806 3689 3599 8560
30 4216 5438 5312 779 7340 2106 3430 5322 6898 7455 76 7177 9931 1296 7745 822 8244 1111 9224 8631 9090 8149 1349 3885 4697 1684 8940 2427 9101 3799 9232 8093 3937 1024 2232 9241 3919 9634 2990 152 9225 5652 9903 377 8906 8881 8914 8081 3897 9198 8220 8908 9176 2239 8975 9012 8987 9034 8878 2240 9153 9033 7601 9081 3990 9213 3960 8920 9040 9095 9269 3972 9197 904 9264 9104 9124 9023 8916 9119 9059 9260 9169 9021 9118 8919 9074 9144 9073 9078 8912 477 4006 886 9149 1899 9274 898 8872 8869 892 468 9216 3927 9141 9121 9220 8917 9096 9080 9210 8870
31 8696 4065 7931 5716 9413 3591 5873 3319 4236 7415 4473 1513 5527 5784 2372 2201 5679 5372 2689 780 4491 6547 2384 6537 894 3216 3505 5839 8233 5190 6438 104 4266 2784 5711 1886 8283 798 7499 2426 7719 3670 603 2068 8363 9179 8116 7533 4374 972 5488 2122 2943 9930 5086 353 1223 5986 4399 5888 4633 6143 5676 6633
32 9552 7702 9240 6734 9547 8985 9535 9504 9383 9008 9160 6787 2157 1117 6318 8078 2757 8674 3929 6156 9148 162 2307 3850 8239 2595 6528 4116 3894 3803 7398 6636 8168 9543 9161 9496 7145 1472 6579 4801 23 5705 9701 9461 8901 9221 2169 3745 6225 9007 9872 3974 6688 1264 1654 6392 810 6035 5085 366 5694 2416 8151 1154 340 8464 8247 9606 7025 8442 7759 7000 1737 8021 8716 1547 2587 8396 4974 730 9714 6784 3711 7940 6251 8687 7319 4766 7991
33 5955 2279 6901 5870 5904 2285 5891 5843 5909 5908 6893 2424 5936 5953 5944 5892 2634 5947 5727 2379 5883 5881 5954 7119 2387 2380 5828 5846 2637 5857 6887 5943 5725 5844 2299 2849 5890 6885 2632 6888 5916 2635 2414 5939 6880 5911 6900 5723 5882 7115 2422 2448 6876 5845 7072 2847 2440 2855 2638 5561 5838 6571 5910 5901 5961 2415 2832 5865 5854 2592 5885 5738 2431 5896 2450 2820 5766 6731 2636 2306 2858 3015 5874 8667 5829 5960 5749 2310 6552 2362 5859 7117 4796 2425 2177 2444 5635 7093 7049 6355 4238 6586 6584 4402 6930 6110 6582 6099 4533 6597 2711 6522 1197 4958 2266 8894 6643 4361 8639 6480 4241 8519 9317 8459 6976 9563 452 9775 7736 9584 9068 5325 7442 901 7036 3538 1237 9194 2692 4329 5915
34 3197 3182 3185 3201 1568 1487 3200 3187 1232 1198 1147 1603 1543 1653 1214 1890 1946 1068 1978 1983 1082 813 3025 1157 1192 2738 2082 3153 2887 1095 2005 808 235 2221 2147 2564 1580 1072 1183 2220 2822 213 2081 1186 2782 1831 2429 1893 1515 2904 1935 3240 320 1525 387 4603 1422 1984 5313 8688 979 277 4004 8312 6878 6464 1956 3016 4611 9927 8248 3984 218 7149 6644 3902 9684 6221 4706 7527
35 5585 6957 3559 5855 2108 5491 7349 4692 6259 9206 6198 1064 3214 9807 1769 1777 5928 349 3446 4729 9345 3589 8619 4038 5636 8228 7839 8299 9596 8330 8654 2179 9003 9126 8621 2876 1726 5697 3834 4389 8129 6107 4148 6074 5075 1610 2208 893 1826 186 956 1559 864 2994 6150 307 292 6085 130 3051
36 2162 2037 3141 9125 5339 2819 7927 3584 9847 5700 1628 9207 8718 4727 1575 3498 2834 1248 920 5748 3336 6351 6145 6832 3740 7922 4856 8984 4143 4102 3326 860 6917 1274 5835 7337 7452 9572 337 9398 3301 6713 2833 690 3100 8344 7200 6418 9427 6059 2823 1947 4271 3829 1970 1825 1206 9909 2870 1156 3276 1586 3434 1101 1521 9092 1805 3050 3414 3500 36 183 519
37 4366 4938 4962 6016 4906 4331 4474 4961 5940 3648 4515 4370 3775 3651 6119 4468 4913 4471 4499 4463 4917 5996 4903 5090 4507 5930 4517 4457 3709 4567 4578 4497 4539 4916 4928 4921 4334 4564 4899 4477 4900 4558 5992 4356 4523 9695 6032 4498 4569 4572 6039 9686 4969 3643 4930 4333 3798 1332 4924 4354 4908 4509 4500 4363 4344 4574 5998 6006 5512 5332 4505 5425 4971 544 4492 4485 3790 3657 4210 9767 4462 4560 1320 4931 5941 4531 4472 5149 5393 4470 4936 4242 4937 4340 4555 3680 6172 9710 6049 3723 5127 4524 6120 4965 479 4368 3875 4951 5937 3721 5024 9638 9556 9708 786 5995 9660 4989 9713 4570 4039 1901 735 8543 4362 5505 9737 5990 6066 450 4207 5623 9669 5092 5392 9614 2359 6466 5197 8593 1045 8319 6171 3215 2305 5139 5053 5618 9130 3907 9546 1594 4654 1425 5958 1667 4655 3552 6408 9211 5236 3473
38 7043 4317 9006 1148 9911 3374 5272 1222 8620 5867 966 1389 3119 5334 4646 9330 6264 2926 9163 6462 731 6979 5314 7217 6458 1344 7680 2811 845 7661 2796 9116 5468 9871 4330 3774 6684 4587 4479 3703 4061 6452 6371 7027 4623 6541 6258 1526 4871 7220 1394 7236 9536 2173 3030 8836 4912 7605 8174 8403 8761 2598 2329 818 2282 8641 8783 3140 2438
39 8420 1940 2003 317 2803 9056 3936 2902 6835 4483 6270 112 2533 5164 4618 379 3602 7355 1038 1686 2889 259 4203 4828 1520 1143 4638 7395 3985 1392 2660 8817 4904 1414 2207 5702 776 8029 2818 2640 2342 4889 6974 2817 4854 2854 3346 8649 8737 96 1159 8131 6864 2680 1957 6554 4619 7433 4223 4228 1884 4380 4544 6076 1550 2007 1548 7246 8134 5224 8352 5180 8633 8215 398 5189 5094 1679 5163 5209 5117 389 5142 8175 535 2857 5157 5128 5176 5160 5173 381 5129 5116 5123 5155 5107 5151 2742 2866 2683 2681 118 190 5097 5171 5105 5102 5148 5099
40 9470 8302 8293 9468 8300 9964 8304 8317 8307 8354 8320 9868 9475 9485 9482 9857 9797 9987 9438 8323 9674 8861 9906 9865 8324 9183 9864 8796 9586 8923 8986 9420 9862 64 5437 9088 8305 9469 9085 8294 9763 2762 7993 7653 827 8962 8993 497 8618 8427 9329 2989 2667 7059 8852 8148 9839 9794 9659 6409 8582 7092 6232 7762 4851 7454 5306 2863 2074 1163 8693 9882 8122 3569 7021 1125 7466 3460 6879 6305 900 5691 4142 4011 1430 9531 4537 2430 5118 5489 9939 660 7132 114 8533 2899 6115 3447 9280
41 9132 2254 6928 5126 3539 4761 4696 6044 5248 5771 89 4160 7373 4433 6640 6238 9979 4684 3954 6840 4003 9595 1285 3531 3191 5646 6081 6884 6083 5686 4546 4526 7706 3456 4414 3488 5379 5875 7118 4060 8349 108 3176 5604 2190 7490 4093 7162 3908 3826 7176 4632 4674 8094 6610 4725 3477 7225 8875 4927 7364 6933 4554 6853 9907 3945 5876 9866 3457 3751 3517 5324 4394 5285 5872 4585 4845 5562 4501 4413 4571 6155 3423 5499 3427 7009 3495 5532 4306 4313 4303 7426 4304 4308
42 4430 1689 1666 1683 1700 4416 1693 1565 4224 4162 1698 4296 1533 4653 1531 1566 4263 4174 4265 1529 4165 4834 4171 4754 4231 4475 1564 1675 1658 1553 4422 4213 1665 1589 1622 1651 1606 83 3931 1362 4353 4576 2788 3156 4132 2905 4778 1961 1108 2034 1252 4789 3738 4557 2877 4810 2732 628 915 820 9320 4988 3681 2809 4819 1785 4620 9573 7366 415 787 1990 6726 5664 2522 5311 7667 9139 6329 7547 4589 221 5535 8023 3384 9840 2039 2801 4657 2098
43 8756 1083 1627 196 5389 2957 4336 3161 1448 6659 2345 7964 5852 2481 507 632 6619 538 8255 4121 917 2859 5050 1634 8658 1039 6313 1127 3257 142 4998 427 2436 6170 3839 5009 4656 543 2495 1073 1112 3297 878 2153 3367 8877 2946 2773 968 75 1326 2778 5161 1196 830 5138 1085 2509 1122 1918 1126 918 1465 1509 6481 774 2020 6219 768 4170 1114 714 718 1105 766 1106 757 1099 729 770
44 4441 7010 9790 3371 4327 4892 9164 8608 151 7088 719 3544 1466 4169 851 5304 5586 5179 6243 1784 4214 8015 6861 5287 1776 3179 1254 7063 2580 6598 1290 7417 9743 8551 9417 9084 5576 7738 8586 9626 7144 9738 7496 6925 9934 8819 6965 9460 8882 6905 9471 7995 9688 8813 8281 9566 8751 9736 8729 8192 8208 8218 8206 8217 8194 8189 8198 8183 8210 8190 8181 8223 8202 8185 8188 8191
45 9789 9884 9975 9791 8840 9869 9900 8800 8838 8907 9916 8954 9655 9895 9905 8964 7823 9662 8055 9065 8173 7178 8214 8375 8574 9523 7794 8053 7687 9597 9740 9270 9643 8466 7238 3965 6882 8341 1719 5735 7888 1694 3462 9799 4985 8617 9440 3650 6185 6058 4277 5217 4551 6580 8219 6653 2227 7023 7057 8441 6161 2616 9759 2479 5666 5922 6060 7735 8264 3086 7970 9827 5229 8758 5541 5747
46 566 2 565 113 219 244 38 384 391 126 67 392 458 9721 7076 63 66 8661 9822 217 8634 101 7815 7943 7016 1721 7441 7141 59 6202 9411 6896 459 2301 4895 7556 1417 4335 2271 1749 7473 8554 9346 5964 45 9542 5122 5091 9870 8777 3831 7154 8846 1158 6543 8902 689 8713 6892 5785 937 6561 2506 891 8212 3546 9230 6298 3147 5773 532 5380 417
47 6982 8614 7834 2544 6003 6851 3280 1366 7067 3300 4244 5321 4495 4152 4036 5553 2139 7578 20 1845 4678 3523 9601 2059 9473 7935 5502 1863 2447 4111 2349 4518 2749 2510 9838 3286 3915 5822 889 6550 3048 2982 2319 3023 2218 7389 3962 6799 2192 3480 3164 2292 2260 2142 2520 2235 2225 2760 4187 2237 2136 2095 2290 2182 2332 2238 2261 2078 2176 2408 2347 2361 2370 2131 2410 2326 2409 2337 2121 2324 2100 2348 2396 2336 2401
48 1176 3869 1015 4189 3419 1218 2132 1848 3235 4583 7660 8140 3380 481 580 9365 267 2251 5143 1473 4955 2004 1092 437 9484 8795 7720 5836 4232 2839 3031 224 1239 420 9010 2581 8348 3793 8132 9426 5817 6121 2018 6002 3663 5044 8398 4052 403 2502 3099 1815 2056 3772 1933 1403 8335 7621 4239 815 6691 6222 2105 8974 6431
49 6654 2097 5797 5113 9554 7498 2836 6601 7397 9347 3479 7709 6463 973 4469 7659 7429 5111 7872 4748 4496 7620 6674 6614 1371 6441 5383 6420 6808 5037 9453 3899 1075 1272 7396 4221 9878 5270 8008 6030 5278 6801 5039 5461 5066 6754 2919 6742 5490 5283 7682 1136 3018 6223 2948 7704 7024 4435 7741 4864 5433 7716 7692 7089 1284 4960 7664 5370 5188 5364 7646 5799 6149 6026 7652 5544 6772 7234 4084 5755 5601 4466 5924 7684 4990 4920 7727 4382 7080 5932 4079 4086 4506 6745 5319 5315 7609 4476 6407 7600 6306 5349 5345 5899 7665 4080 5350 7662 7592 7593 7588
50 6984 8934 7285 7898 9711 8726 9528 7569 8073 8642 9131 7820 9739 8669 8303 7849 7277 7747 8900 8336 9991 9545 7406 9755 7676 7435 5405 7267 5628 8727 7516 9548 5141 5368 8350 5787 7311 9640 7091 8101 7022 9439 9421 5407 7208 5507 8282 9403 6972 7231 7298 7171 7207 9699 9396 9058 7294 9623 7182 9587 8000 9989 9037 7102 7239 9451 6177 9588 5736 7184 7265 9401 7317 9919 9407 7237 9801 7254 9682 9051 9550 7142 7218 9015 6958 9731 9654 6127 5369 9667 7305 7167 6020 7219 9016 9598 7247 9028 7211 9644 7222 7266 6023 9696 7098 7253 6985 7079 5282 7269 5742 5352 9045 9691 7251 7204 9057 5414 7129 6122 6190 5373 7300 5750 7134 6019 9441 7192 7159 7157 9455 7201 7250 7322 7299 7205 9443 9722 5374 9647 7243 5367 9448 7147 9664 9014 7189 9689 7143 9666 9665 9449 9692 9657 9697 9656 7198 9671 9661 9676
51 1164 6916 5699 9344 9199 1687 8575 3701 5381 1839 5808 8883 394 3458 8167 9764 4905 9404 1597 5423 3394 7126 8498 3160 7018 9707 7885 429 6634 2134 621 7767 3296 9856 86 6283 4222 3096 8127 8052 1139 5012 2183 5540 6400 946 6339 1415 3857 1436 887 1413 4298 5121 1175 2503 361 1174 1357 1278 1133 1130 1287 1407 1300 1387 1266 1036 1261 1102 1294 1310 1292 1420 1400 1189 1416 1409 1419 1412 1405 1399 1035
52 1177 1262 293 1263 73 440 369 160 356 907 291 931 107 1178 1179 359 347 444 1217 902 467 1110 197 1049 1040 313 174 1043 229 1201 250 433 135 750 957 7649 404 1306 117 4973 405 707 8871 154 1213 9429 8358 9792 344 9348 9945 6091 1034 9333 9985 7666 949 480 9698 9275 8286 8211 7590 9933 5774 8297 8201 5595 2323 7087 6837 1841 1388 6970 7019 4875 9430 8635 6826 6936 5533 2451 2976 2995 5064 9308 3928 953 3585 2158
53 6482 9499 6267 9842 5984 6004 6174 8891 9977 6065 9457 5983 3700 8311 8225 7050 7491 6227 9963 7062 5905 7344 7313 8196 6193 9583 9808 9339 7172 9926 9255 7194 9478 7495 7568 7168 7617 7508 6254 9076 6092 5978 5832 8276 7164 7624 9046 9120 8104 7451 8989 9555 9757 9286 7363 7558 7461 9115 9761 9041 7346 7209 7851 7335 7383 9133 7173 7432 7255 9005 7216 7425 7380 7365 7137 9681 7608 9724 7099 7422 7404 8048 7550 8158 7379 7113 9372 7138 8982 9366 9258 7180 7534 7361 7400 7151 9704 9311 7345 7367 9514 9581 7328 9099 7403 7153 7357 9229 7413 7623 9744 7401 7615 8981 7655 8109 9394 7094 9000 7326 7410 7641 9771 7170 7374 9373 7382 7339 7160 8996 7352 7603 9706 9576 9766 8966 7104 7332 9765 9571 7101 7111 9564 7369 7174 7622 9397 7336 7103 7368 9492 9705 9245 9703 7647 9718 9246 7409 9580
54 3022 587 2080 944 3549 962 8601 7493 9732 672 6126 8513 6945 9702 970 8511 9385 9174 5041 2249 287 4318 9352 7691 9832 7958 6393 6760 121 4159 5131 7416 2523 6380 6029 5397 3507 8589 4858 7826 5683 9783 9593 9591 755 2313 4703 1567 7136 8969 1499 3645 3361 5919 8876 8235 4846 2845 5931 4459 545 8373 6257 6212 8678 8120
55 6907 6666 6632 6906 6664 6679 6950 6703 6624 6678 6642 6685 6690 6955 6895 6940 6951 6938 6939 6911 6692 6922 6902 6830 6657 6891 6894 6629 6872 6648 6952 6661 6839 6736 6647 6693 6780 7068 6750 6724 6697 6645 6708 6850 6728 6704 6682 6947 6695 6631 6865 6762 1410 6848 7090 6973 6815 6994 7114 6701 6978 6931 7107 7017 6899 6782 7075 6944 6539 6804 6975 2031 5104 6946 262 4940 1611 2551 6350 6669 1699 1612 6252 6053 3080 5328 5494 6677 1441 8065 5449 6756 5993 6508 4682 1354 5472 6577 5001 5611 5280 6399 2704 6793 5966 6573 5722 2109 1123 6781 5510 515 1915 5216 9594 5338 3901 1162 6540 7501 5057 278 3323 7769 4092 795 4058
56 2038 5643 5508 5454 5509 5436 5565 5563 5627 5597 5456 5501 5648 5514 5640 5599 5440 5567 5649 5571 5718 5515 5511 5619 5610 5574 2325 1632 5484 5430 5639 3989 5465 5641 1493 5519 3815 5518 5467 3838 5462 4188 3830 5560 3924 2163 5578 3836 564 5185 1720 2331 5695 5443 1003 5498 301 5428 3856 1532 2215 1052 9154 5566 5624 2167 2168 7960 5675 4519 5650 5626 5584 2256 5386 5377 4294 1644 2026 5573 4464 1322 5647 3320 2033 572 693 9374 2844 4967 1166 2500 4048 2677 9899 6831 5302 1866 5070 3706 4987 5299 5110 8473 4830 4944 6401 1184 2399 5317 3716 8652 4719 5568 1968 2248 5172 6131 2099 4166 3204 2314 7562 4442
57 4568 3860 9672 5935 8522 4381 1811 2728 4510 2482 7421 6248 8137 1657 5442 2032 3468 1230 5994 8193 4805 8976 3903 4218 3259 1168 7386 7323 7391 2036 7542 3652 5605 7342 6450 3318 8653 7746 6415 3720 4010 5206 2954 1929 6088 4314 3381 4831 7708 4757 4907 1909 8256 9844 5047 4025 74 3126 1318 195 4 4679 2053 25 40 192 97 133 201 173 145 81 176 178 155 44 143 77 31
58 499 526 223 995 663 508 698 238 533 127 932 523 215 961 665 161 969 409 1017 1025 941 542 518 449 753 570 615 1028 644 28 514 879 242 424 484 296 149 436 464 1010 16 835 605 14 9986 988 1065 640 740 266 8768 8903 7472 769 7362 834 575 548 610 8422 5629 7381 8389 8447 7633 7572 6360 6698 9936 9834 9489 6606 764 620 2021 4193 8227 6139
59 5521 8856 5463 3203 6331 5335 7514 4722 3248 9357 2312 4582 8414 3879 3948 2617 3338 3285 2383 3236 7734 3827 1220 3410 8990 3262 4565 3763 4660 9477 3676 1951 5613 4902 3813 4301 9565 4983 5040 3935 3178 3274 4586 3963 3439 5337 3685 3267 3925 4746 4320 4661 4643 4276 3874 4154 3217 4804 4068 4837 3971 9557 4829 4357 4514 4764 5136 4226 3613 4404 4532 4115 3712 4426 4438 4786 3196 4458 3208 4549 3165 4379 5015 4763 3013 5007 4405 3205 4401 4999 4663 4579 4005 4840 4735 4385 4800 4673 5002 3219 4415 4808 4432 5014 5000
60 9828 2128 1395 6953 7055 2923 29 9894 9061 8744 4494 1027 3103 1982 3043 7282 304 6658 6918 4885 2565 2979 5232 3888 582 2497 4451 9887 3291 138 1424 6869 5569 5048 5506 4794 524 9167 1746 1193 9171 78 1401 993 3557 1293 6453 5790 5823 6516 6495 6102 5451 5902 1834 4342 738 6419 209 388 24 84 6492 733 1751 390 198 204
61 4311 4316 5819 5871 6125 4529 5589 5642 5754 6056 5382 4167 5956 5556 5575 5668 5796 6499 6475 6136 4173 6569 4848 5681 6010 5884 3655 5887 4017 5617 4641 4248 5557 4922 5853 4073 4964 4821 4547 4711 4260 4836 9083 5154 4877 5889 5503 8380 4888 5810 5594 2851 3581 6388 6001 8506 8468 4863 4387 3184 9431 2364 362 5824 4343 4373 1348 3455 3329 5549 2061 4181 6387 2303 6542 33 3449 8664 8200 3961 3524 6866 5222 7773 9335 5602
62 6875 7108 5849 7303 7595 8184 5728 6141 9261 7125 670 7778 549 8941 7193 4425 1374 8965 8395 6344 9011 9408 3846 338 9778 2910 2381 493 6827 4809 8238 6719 1076 5912 171 9841 495 6089 3166 3558 1495 3950 5656 2658 4963 9874 5864 6291 1426 3603 9910 8096 2064 6706 643 6114 3622 8703 2393 9047 413 591 1442 6312 1897 5360 9603 2175 7911 4575 5745
63 8755 8736 9087 9753 9017 9637 9915 6595 3957 9863 4253 8036 8491 8013 9819 9066 7392 5591 7195 8288 7604 4698 5101 541 4033 9265 7070 1588 2023 102 4440 3637 4124 9350 5741 5500 6789 6649 8825 1255 2200 555 3855 8273 5603 5431 6883 8616 8018 5590 6098 7777 5134 4371 5263 4918 9018 1058 7268 2538 6325 441
64 9107 8254 7414 8769 6743 8165 8679 1745 7005 9370 7860 7901 4758 8540 1209 8606 7768 8659 8571 8539 7982 1302 9617 7112 2883 9400 7638 8159 8742 2600 6067 2376 7474 3561 9355 9820 8438 9137 6494 3742 7632 9063 8462 8405 4001 8147 7924 9971 9861 6915 9208 9719 9752 1928 8623 7920 2357 2267 8130 8310 8569 8258 8452 7816 7776 5780 7679 7906 2797 8061 9793 7589 7763 9733 9829 9947 7870 6433 7919 8097 7799 7928 7881 7749 7929 8022 7744 9928 9912 7809 6382 7962 7954 7905 9990 9904 8353 7956 9788 9846 8115 6983 7915 9770 7780 7944 9749 8033 9780 9879 9890 9924 9610 9893 7917 7797 9896 9830 8030 9853 9849 7914 9615 7725 7965 7953 9974 7941 9965 9958 9837 8016 7925 7861 7858 7948 9781 9860 9858 7781 9795 9786 7959 9925 7866 9779 7765 7864 9769 9851
65 298 613 93 9679 306 765 125 1528 247 1507 8257 9318 9227 588 7847 9025 7831 9804 890 8524 624 9824 739 3660 8657 9189 9150 7459 325 8848 8507 9867 9735 8666 1729 5906 363 1673 7701 7806 8685 797 4372 279 251 2918 9279 8005 1584 7640 3066 2653 2884 5221 9949 6889 8738 6253 2952 6730 9180 9082 30 9558 4770 2571 2825 747 5598 8025 9377 60
66 7567 7599 137 7574 7695 7686 8103 7685 8502 8089 7678 3093 8090 7570 3133 3288 3261 7431 7669 7683 1077 3151 3081 3095 7580 3152 7703 7462 7722 7583 3281 1084 7427 8429 7521 3117 7450 3089 2562 3237 3132 7690 3273 7673 3122 7675 3150 7619 3192 3287 7698 7445 3175 8100 7446 8041 7453 35 7969 8514 7671 7696 7440 520 3207 8413 3149 513 7507 7467 7966 7724 7488 3268 7711 7625 7610 2471 3098 3097 3137 3272 2532 8325 8482 3168 3245 8483 1067 8419 3029 3173 510 2418 8457 8284 9170 8306 9193 1847 3047 8095 7602 7681 8401 5948 8243 8265 3542 8321 1733 3139 1944 7996 7591 5634 2443 7936 2213 785 2138 8322 696 8497 5732 7423 6327 7576 7325 2936 5262 8359 5570 7297 9331 8079 7203 1808 7248 9483
67 7045 1074 8180 7878 3101 7978 641 5751 7850 2664 2508 2558 9892 9039 4561 1244 6529 3862 1646 6934 6196 7390 4882 6213 8056 3220 5963 5469 6367 8066 6498 1609 7260 5434 2702 5298 4795 2917 7784 5059 536 576 1069 1692 4480 2390 8496 8722 1240 2830 6024 2327 2962 2055 2769 2935 2499 2776 2338 6385 2572 2417 2688 2363 2124 2368
68 3428 4108 9146 3932 4007 4256 877 8879 1404 4573 2988 5478 3600 3162 9748 3107 777 9817 5307 380 3744 3263 3188 9814 930 3239 6971 7393 6788 3375 3334 341 2715 4956 9109 9559 7564 6977 1660 4443 1277 2468 2069 8972 5856 1991 723 4135 9214 2369 2223 7161 598 3306 8592 655 5792 2780 3537 2050 2311 7183 1368 9898 2398 9201
69 8384 8947 8376 8453 8957 8436 8435 8366 8480 8426 8450 8433 8471 8437 8372 8391 8360 7525 8960 8390 6277 8948 8381 8412 8525 8945 6279 8959 8461 8683 8672 8377 8458 8532 8394 6999 8956 8472 8563 8443 8595 9500 8622 8604 8364 7772 8402 8387 6346 8392 8446 6241 8531 6681 8383 8807 8853 7131 5220 8952 6302 5203 6395 8915 5539 8968 7723 7912 6991 7011 9540 9168 7791 7532 7020 7439 4293 8520 5667 6095 3337 5284 4448 7899 9670 8695 7770 1423 7419 4315 2671 7577 5181 5737 5913 7292 8487 7801 8812 4545 5237 6157 7779 7979 4849 7857 5279 2321 7630
70 4287 6825 6995 6376 7185 6733 6735 7158 6683 6737 6663 6699 7013 6823 6467 6479 6496 6459 6638 6618 6520 6625 6763 6803 6538 6819 7295 6676 6783 6841 6397 6517 6949 6919 6981 6715 6587 6314 6378 6158 2309 6873 7688 6209 6429 2457 7175 4059 4258 9888 6696 2869 2258 2412 9982 3893 1225 754 9746 4022 4687 6570 4346 2391 4886 5526 5318 2126 3994 7481 905 9415 5579 9998 5547 3398 256 2589
71 5084 4556 2514 4665 4600 737 4369 6017 1006 1199 4229 634 3805 2864 462 4365 4364 1570 2453 4521 2691 4202 1369 9709 400 382 4041 5446 5358 3795 4548 6590 4976 9953 3682 2244 4205 8484 9358 8770 1450 5609 4024 7078 9098 2456 3155 6181 2161 1859 3572 8291 4550 318 8182 6363 9796 2726 3690 3628 1342 3996 7121 8346 6637 7626 925 3494 8121 1370 6217 5999 1754 1283 8337 6272 7235 105 4201 498 5687 258 9527 1833 2119 7135 7296
72 8434 8421 8332 8331 9064 4026 3993 8410 4019 8340 8404 8417 8351 8411 8333 1297 551 8432 9117 9070 8488 9102 8342 8470 3995 9097 8347 9077 11 561 8445 8345 8338 8400 2596 9110 1241 4054 8991 4064 8334 8399 172 8544 9055 2446 623 8977 8746 9079 2765 8793 9075 9108 2679 8439 8774 1253 8913 8637 8792 2593 1210 2574 2585 2421 85 2676 1224 1664 4932 3496 3626 3746 1270 3358 2668 5175 9303 3344 709 767 3450 8980 3372 3964 7871 8803 3011 2493 3770 6106 9237 4605 7645 8577 4708 3849 8971 6822 5375 2705 7571 5516 7992 8999 6403 9474 5422 3620
73 8231 8242 8229 8489 8240 8245 8226 8301 8431 1484 8517 8314 8671 8440 8232 8526 8499 2110 8607 8771 8549 8296 8408 8423 8362 486 8460 8961 9143 3234 260 8425 8735 1009 8477 9516 8515 6711 2655 1505 1137 496 8505 9506 7351 5786 9418 2476 5361 3412 9031 8449 3705 8588 7242 963 7258 2378 8091 4339 6627 6673 5362 8988 4839 7952 62 1289 6667 7394 5192 2725 7271 633 1377 5607 5967 9035 3169 5144 8715 8207 2226 3629 1016 385 4014 3295 3322
74 412 70 10 136 426 836 867 418 5191 2608 5003 4562 5067 2486 5023 2198 5441 5089 4843 8717 853 5184 4445 2699 4629 5130 5363 4542 2483 8139 2614 3729 4915 2120 4348 7470 5638 8430 4782 8448 3646 3722 2717 7737 3654 55 9690 1418 6197 3659 7942 5979 2594 9918 7563 5614 2117 9798 2434 7309 5218 5554 5276 8978 8424 3340 2008 4588 3485 3035 9223 7651
75 4718 2350 2351 2913 2302 2487 3618 6233 3448 2907 2781 4275 4107 3004 5720 4377 2892 6328 6168 4029 3104 2983 4672 2806 3408 3038 3673 3032 4325 3174 3444 243 1347 1146 5098 9487 3644 2605 2452 6533 1104 4792 2013 166 146 2531 261 253 5914 3802 5060 4130 2281 401 2328 4737 1585 4408 8112 1862 4613 8237 13 4103 5778 7598 983 1844 411 27 8576 5982 2985
76 8275 1037 9522 8143 7543 1907 796 5858 868 4947 4939 9399 2242 4151 6182 3951 7726 4237 7066 1800 9937 559 5264 9251 8020 1124 5371 1538 656 7764 1704 9891 1602 3136 8603 4919 1681 175 1997 3752 9621 2019 503 2435 939 4043 6639 6514 4182 706 9262 7862 9219 8418 954 6417 6805 7887 8933 7519 2550 9089 8537 6523 4624 6316 6394 1671 4777 4650
77 6612 6576 6289 6530 5558 6457 6348 6282 5551 6294 5528 6526 8144 6337 5530 5529 6593 6280 6290 8136 6288 6592 6566 6565 6295 6564 5659 6359 6300 4732 6613 6299 6567 6349 6588 6527 5525 6013 6343 6591 5522 6525 6515 5545 6652 6519 6555 5552 6578 6881 5606 6718 6594 6722 6903 6817 5633 5581 5531 6589 6807 6723 8141 9636 7074 4691 6710 7056 9715 6732 8087 8088 4872 7213 5234 6473 7188 5756 6867 6326 7792 5907 4752 7343 8108 7981 6226 7430 856 4867 2557 4847 4869 4689 5714 9217 7206 1903 926 5293 7140 749 9450 2675 6061 1758 4128 4021 7971 1280 1001 4675 5663 1723 1963 4487 8017 3640 9578 5537 8107 5366 1849 6358 2586 4269 2607 5486 1851
78 684 56 736 214 457 402 163 455 1757 372 1765 717 677 553 233 540 230 743 557 169 687 367 897 726 701 54 1023 903 150 703 695 682 94 397 667 124 713 675 106 7334 710 625 1291 300 1018 589 9433 7502 26 6635 9646 7743 6031 8535 4538 581 6200 5517 6717 6560 9086 7436 1339 282 9127 5036 8979 5046 2621 9302 3499 8504 5952 595 8832 5564 1089 8043 131 4396 7312 9579 103 37 3769 7859 5353 8797
79 3481 3743 1629 8512 2133 4803 9235 809 2288 5135 5886 5880 2673 8567 6942 8197 5696 6037 5593 8385 9381 5412 6205 2513 5973 6123 5210 6005 6372 2826 4309 4355 7358 184 8455 5251 5969 5826 5524 5534 5726 6599 5583 185 5355 5245 4486 5670 5230 5400 5673 6128 6240 5329 5712 4268 5297 5587 5391 4321 6112 5542 5733 5713 5301 5419 1536 5211 5698 5710 5949 5267 5684 5925 5396 5244 5346 5703 4429 5580 5249 6365 4274 5965 6410 5406 6134 4278 5926 5275 6137 5957 6045 5291 5927 6033 5731 4198 5402 5344 5403 6416 5233 5384 5252 6412 5235 6414 5327 5404 6129 5596 5971 5665 4257 6116 5269 5651 5972 6413 5398 6361 5923 4273 5921 4323 5288 5671 6135 5577 5388 5266 5326 6111 6144 6113
80 9422 1560 7586 7730 2955 967 8811 9135 2657 5008 8886 4508 5219 4686 833 6948 4996 1056 9785 4925 8251 5376 3193 9361 453 9105 7407 1688 7894 2197 8064 936 2568 1711 7689 2626 8057 3230 7587 3135 6557 8702 1828 732 8841 7096 9186 2925 7874 2293 1458 4774 4386 5356 5029 8160 3142 5929 7110 4424 6923 5273 6963 445 8195 5821 4020 8186 6729 6273 602 4037 5820 3863 205 5354 289
81 4138 3668 2339 2529 3551 3040 5052 1149 7606 9369 368 168 7907 2588 4015 9673 5632 9447 9004 99 1556 7643 6303 1383 2079 2166 9316 2739 4740 3266 5274 1233 2850 3475 8724 9268 2816 6668 9515 302 8587 1697 3997 8927 5546 8117 435 1467 855 9988 1301 7552 3391 3512 3567 1821 858 866 434 3578 3732 3766 9999 3699 482 200 3781 207 1810
82 4717 2731 9278 9993 3079 6210 3418 9378 9803 1094 9628 8481 991 2694 2639 1563 395 2284 7073 772 7742 6079 6229 2933 9391 9067 2353 3224 6336 4261 2366 6310 1229 1365 5255 4775 9452 8928 3347 164 1257 8518 6670 9134 8605 5536 2304 1604 1661 9336 880 1485 7997 7476 3071 8374 3492 6164 3906 7123 6055 8814 1181 1613 5814 3715 2618 9685 8156 9341 8169 3251 8161 8166 8154 8152 8170 8145 8157 8178 8162
83 4349 4593 8249 6057 5492 8467 3736 210 7729 4712 4434 7785 7316 1482 7529 2576 9053 8694 6043 374 1871 7223 5458 2718 852 6929 132 8951 6665 8888 7566 8610 7786 6628 2104 9952 7434 5897 9204 1620 7116 4881 9155 1590 1705 79 2400 7375 3878 7245 8786 3014 2185 7644 6509 1411 6250 5054 5800 2320 6018 270 8930 4350 6474 5195 208 1468 1540 188 6720 339 57 1452 181
84 1797 5485 3717 645 5033 3787 3091 9254 6707 6384 6937 2787 8677 2395 2151 1885 9774 1145 8259 3801 3072 6961 6352 716 2824 3357 8501 3459 8098 3735 6152 8393 5421 7934 4074 3342 6195 9486 5112 841 8267 8163 1004 1103 9157 8826 9158 6097 4822 9570 9508 9940 9249 9632 2041 5739 8102 4511 9029 8880 571 9901 9388 9463 9658 914 1098 9957 1081 9852
85 2772 4566 4707 71 3697 1019 1097 771 6084 2066 5555 3170 741 1945 826 8046 1853 5365 6705 6686 5290 8885 6609 2647 885 4923 3486 4615 2539 4410 3130 5241 1260 7324 8428 2583 3057 8743 2404 7031 7782 7412 927 5802 4040 1212 2287 5620 3555 1120 48 4192 8884 4129 4861 6616 9608 7865 9902 4767 8686 2543 758 2808 5268
86 9997 5106 4085 139 5459 9984 1555 6820 9414 3576 9996 9129 4807 4113 3914 9239 2860 6524 4338 4062 7146 8379 5096 240 1640 4481 5214 4901 7438 9349 4734 6769 9725 6912 7774 763 2040 1713 1648 8629 9359 6596 4417 865 1894 6345 1774 6456 9992 6941 952 8463 9044 5878 1433 8548 1655 4797 159 9432 6833 7341 5693 1875 3976 1766 6702 584 6338 4984 4407
87 2219 3309 5049 9955 4114 974 5159 2341 4868 9816 7190 882 7863 8596 4941 9321 9518 7654 9560 1091 7199 7284 3821 9972 9295 8536 4051 8510 9242 6964 3312 4031 9826 7841 9187 8270 5775 8821 3678 9022 8904 9032 9062 3848 8361 9151 8599 8873 8958 8597 7537 7500 8309 7957 7939 7663 7252 7921 8105 8994 9932 3947 5416 4279 9103 9122 9106 9128 8799 8851 8409 7503 5482 8801 5450 9762 8889 8791 9813 8911 9831 8921 7512 9060 4516 8833 5477 5409 9969 5418 5452 5481 8910 8905 8784 9970 5475 8899 8789 8896 5479 8837 5453 5483
88 9315 762 4701 5156 5777 2753 8343 3886 1829 9729 2998 6025 7329 5341 4756 7627 7156 4968 1508 2057 5 662 9001 2631 1050 4411 2604 4490 5201 4208 4322 8119 7750 1481 6904 2316 6341 9114 3605 4172 9402 5721 68 8929 4759 4953 3332 9717 4097 9777 5170 4234 4522 4659 3527 9653 6786 4755 4639 5119 4525 4949 4534 5088 5199 4978 5548 5043 5080 4982 4979 5093 5031 5065 5006 4981 5186 5021 5077 5042 4972 5072 5081 5069 4977 5027 5030 5079 4980 4943 4948
89 1998 8632 2862 414 3078 4418 2973 2071 4390 3792 4360 4053 2774 3026 831 4436 4378 2439 4358 1516 425 1372 4397 1549 1247 3756 1500 2690 4412 3474 727 2800 2852 2678 1910 4240 3604 3616 4310 268 3409 2879 3370 2467 1480 3416 4431 1271 2961 2344 3784 4446 3059 4127 1962 4455 2835 90 2046 451 3731 3364 1494 2790 2735 3883 1489 799 1542 2789 3750 2745 4395 3451 3597 454 3609 2707 1382 3400 3747 342 745 3575 3541 2402 1449 759 2700 2318 1492 2827 1561 2829 908 2786 782 2317 2848 4375 1545 3692 2695 775 3727 3762 1491 3733 2754 2463 3708 4403 3718 2624 3085 1461 3789 1557 1268 2612 2542 4345 2810 2750 1396 3437 4449 2464 3724 2777 2813 2793 1358 2779 1275 2730 2322 977 416 3748 2812 2814 2802 1739 3536 4423 1427 1398 3753 4447 2763 804 3528 4398 3554 1554 3570 4393 3761 1546 2698 2743 1356 2785 19 2708 1479 3082 3758 975 2841 2807 2469 1351 1496 408 4454 2828 4409 2721 3714 1279 751 1534 3548 1497 547 1541
90 6062 8050 8397 8277 7845 3933 4158 6818 9030 3759 5145 6324 5772 1710 3771 6800 7042 9375 7333 5357 3845 5715 8692 681 4180 4911 5709 5257 3739 8538 8650 3810 2831 3693 8584 5895 5378 6897 7259 8818 6048 3783 4297 5657 6969 3911 8750 9166 7263 3250 6234 7378 8083 2940 9467 3949 6694 9002 9379 8706 8730 9285 8992 9272 8386 9231 2856 9027 8701 9162 9052 9307 9387 9202 8734 4391 8698 8739 8779 9277 8689 8772 9293 9298 9291 8767 8780 8760 9289
91 3335 3788 3922 3298 3672 3363 3667 3351 3314 3356 3307 3293 3797 3379 3872 3661 3305 3333 3601 3325 3606 3382 3299 3635 3292 3339 3679 3871 3348 3665 3490 3354 3880 3317 3683 3910 3343 3876 3631 2641 3355 3694 3328 3624 3577 3610 3454 1523 3378 3389 3352 2630 3506 3310 3349 3677 3909 3593 3483 3568 3912 3649 3812 2028 3529 3511 3807 3934 3362 3502 3553 3435 1600 3873 3623 2090 3889 3916 3264 3832 2894 3905 1975 2947 3154 742 2002 4420 2669 1936 2103 3246 2712 2419 1552 2837 1843 2716 2842 2330 1317 3087 7554 821 752 3615 3835 3238 7974 2723 1714 1486 4215 4935 3918 2458 1172 5471 2165 4739
92 1824 2530 5470 2606 8246 5847 8444 8171 4520 761 7002 9188 1243 2107 109 2455 9466 3952 7751 2029 3566 7270 2465 6798 8810 7187 1226 7191 6656 1005 7869 9561 9177 220 1647 3365 9136 2553 4553 2091 5240 2687 8026 7047 516 8092 4219 8044 9094 3941 3664 9178 3190 8230 8573 7932 8485 9314
93 9222 9252 9244 9520 9196 9250 9760 9182 9534 9184 9521 9498 9147 9917 9191 9505 9533 9172 9920 9215 9234 9123 9434 9730 9142 9544 9833 9392 9384 9145 9873 9140 9502 9233 9228 9532 9343 9159 3121 9310 9641 9968 8847 1476 9981 3397 3632 1544 399 3516 1771 3562 3327 2930 9519 3519 9236 9539 1618 3777 111 1054 5231 4078 3452 8224 9020 4400 8550 3819 9810 8949 8039 3118 5701 8328 7139 8371 264 6559 9635 1173 8816 8318 245 7950 6398 722 6909 2315 6759 1807 4750 7639 839 3425
94 9043 8565 7938 7179 1969 6422 3385 419 8205 7214 7083 1438 7130 784 8630 6421 2794 8070 5837 17 3324 6268 2087 8555 72 6180 1888 2027 1794 9818 4120 7597 3510 9575 9694 1867 9574 2262 2127 6572 456 9677 1066 1787 2052 9568 1879 2648 1636 4016 9978 517 3944 552 98 2577 3403 487 4118 711 2507 375 909 1891 960 842 9599 22 3466 1767 863 3489 3482 1922 1949 3413 144 1906 65 3406 12 3431 3396 3417 3429 3386 793 3478 1895 3509 3402 1930 1927 1925 3461 3438 1911 1905 3471 3508 3405 781 3514 3426 805 3395 148 3463 3399 3470 3469 3465 3520 1912 1931 3440 329 800 346
95 702 6662 803 8766 9100 1988 8071 7545 1587 7486 1250 5559 3816 6877 3199 4530 6239 3955 5323 2719 4563 8278 1390 7896 1599 2433 4055 2959 5523 3809 4852 5480 8557 840 5655 4838 6356 2567 5761 7320 3865 6428 4225 4628 4760 6689 4305 5538 5812 5743 3560 4444 3726 5019 4929 4832 4528 3959 4827 4428 3956 7229 3754 4089 4959 4439 5669 5654 3804 4027 4030 3946 5413 4384 4057 4125 3881 4150 4012 4042 4047 4009 4045 4028 4034 4070 4035
96 8731 8636 8673 8590 8670 8612 8660 8714 8721 8656 7186 7420 8615 8648 8778 8564 8609 8645 8529 8682 8782 8704 8719 8628 8591 8655 7424 7120 8711 8600 7127 8712 8624 8638 8568 8732 8707 7418 8676 8611 8773 8709 8572 8530 8556 8598 8626 8625 8785 7405 8700 8646 9855 7241 9205 7197 3075 8839 8860 7291 8542 8865 257 9491 7376 8613 7411 8708 8640 8781 7350 8745 7301 9488 8627 8733 8665 8705 8594 8765 8546 7128 7181 8681 7377 3067 8559 8794 4324 9200 2367 8690 8684 8541 9549 3780 9809 9773 9283 8804 1558 8662 8970 8585 7274 9649 7385 7718 8788 2403 8558 8893 7315 4332 8922 8897 9419 6214 9569 4994 8456 5174 9747 5690 7505 5254 7485 6959 6790 8509 305 8547 8012 1656 8004 2335 6308 2473
97 8236 2286 2999 6987 5942 6118 129 8308 3522 2602 1160 883 3321 3639 6087 3445 6802 8820 8710 7825 3241 7444 919 2865 7321 9805 2070 825 6611 806 5444 724 9304 8827 8111 7668 2360 9356 4191 6142 6322 202 6842 1919 1474 678 592 8858 6680 9456 3892 5208 9185 505 6700 3822 664 4392 7227 1778 6620 2206 9493 7926 8864 1311 7575 3282 2268 7240 1 7635 8918 466
98 422 432 646 1707 1194 554 509 1341 9481 1889 1447 9812 531 8454 1187 9954 1437 491 7095 9648 1592 2385 7233 7048 7854 9173 7384 49 9551 5152 3194 9727 7628 9883 7150 1188 7464 5677 1798 6000 9728 8763 7913 1288 9332 9517 8866 9495 7918 254 8084 5487 6507 6630 1360 5228 4437 6956 8675 4233 4645 8465 6766 7895 7658 8216 1934 1055 1596 1639 5238
99 6776 3046 6269 3656 5158 5550 3284 1439 5271 3221 7122 5918 2578 3123 3145 5744 182 4032 5165 6007 8983 5427 2130 5087 870 4284 4131 8479 4194 5862 3368 3090 7280 5445 2761 1823 3143 5759 2016 5100 4077 899 4071 4577 1985 3890 990 3415 4743 2996 3202 5056 984 5330 4741 1013 5866 6427 3662 4450 2846 7353 7999 6927 4954 4075 5934 6846 7892 734 8027 6890 8060 7829 4685 7561 8187 6990 2997 4627 958 5153 6052 4246 6943 8138 7994 7984 7728 8128 7810 7937
