100
0 7258 7048 8534 6884 5655 7899 8882 7242 8257 8892 6781 6249 2385 7082 7708 8266 7874 4526 7706 3337 8634 8588 7314 8093 7095 9253 8046 7908 8769 5760 4338 7092 8946 7439 9701 9209 7532 7788 1450 9637 7936 2972 5361 4628 4093 8606 8751 5040 7228 9878 4511 8726 9528 7569 9978 8937 8962 8311 9732 7682 7820 6011 3999 713 9899 9963 8326 6933 7229 9130 4350 7977 7887 3850 4723 3366 7568 9088 7013 8537 2359 8954 2302 4197 6849 8462 4796 3 4229 9752 7 4529 4079 4982 9145 2405 9033
1 120 8675 1732 598 3765 848 6644 1626 4441 9783 5856 7878 4939 5232 4892 7918 5855 1309 4236 4751 7978 4503 8467 1383 3016 1426 1647 780 4613 4636 4191 4668 8743 33 5008 4686 5217 9621 8903 8928 8747 8578 9190 9358 9418 9835 6004 9736 9262 8836 8451 8897 9029 8737 9529 9062 9038 8418 8585 9255 9469 8933 8914 8986 8549 8392 8526 9307 8705 8740 9488 9212 9106 9305 9767 8626 8556 8530
2 7601 8698 8068 9272 8457 9981 8593 7539 7676 8003 9380 7909 9419 9946 9457 7768 5383 8710 7485 9187 7389 7715 9168 9450 9221 5379 8449 8254 8031 9748 9232 7321 7533 7688 8479 7318 7840 9416 5338 5537 8579 9270 7831 9804 7587 7736 7552 8573 8079 9134 8815 8898 4032 8127 9352 4285 9275 9716 8297 8720 7630 4792 8244 7329 7023 7628 7256 8565 720 6079 8811 8132 6430 1587 299
3 5593 8416 6558 7050 152 7193 5412 6205 7437 6087 6709 6711 7955 6586 8083 6055 7225 6497 8280 7313 7716 6123 6385 7058 6618 6005 9219 6946 7692 7705 6423 6768 7172 388 8651 6805 1544 5460 8308 7131 6694 8306 5628 6823 3623 5903 9355 5868 9314 8828 8958 6867 5968 8601 5756 9983 6149 8234 9050 8552 5991 7939 6725 7451 8989 6012 7377 6437 9555 7221 6732 8208 8923 7017 6943 9715 8105 7056 8047 6293 8134 9257 8765 6815 4368 6615 7976 8822 6723 8156 8595 9383 8213 9592 7173 8045 7610 8517 6865 7255 9058 7350 7482 8367 7497 7365 7679 7595 587 7239 7699 7467 7503 4975 7303 9407 7379 7696 8920 7700 8700 9240 8672 9497 8461 7969 604 9256 8097 8749 8773 9028 8568 9118 9505 9766 9647 9607
4 9072 2018 245 4859 2758 900 4159 8949 2815 2784 2859 611 8110 9772 1886 8230 7627 1714 4530 6132 5897 6635 6044 4775 5248 5824 6157 5788 8491 8988 471 6912 7081 9814 338 7238 5432 213 5877 3230 9458 3954 9817 7257 8035 1915 5365 5895 3246 3738 330 9806 7607 1498 3014 9239 5880 5609 5001 8750 9211 5993 271 1793 6819 386 3832 9903 8807 7559 8873 7957 8419 7181 3983 9848
5 9870 6403 8082 9759 9992 9712 7261 5638 7464 8441 9883 5879 7873 3199 1812 4504 9871 9299 7738 6770 7038 9440 9473 3193 8346 6488 1237 1313 2413 7442 7384 6655 2447 7897 7175 5841 1948 9427 1069 9872 8496 6686 9007 3068 6341 6976 8584 5335 8555 7514 1552 9195 1752 217 1119 8454 9390 8813 6984 8173 2209 7505 8965 5739 7611 9700 1879 9977 6053 6252 1137 8203 4353 1957 7833 8970 1966 9052 8177
6 393 2283 8235 4407 8216 7637 796 7582 2107 9465 9790 7859 3147 6957 582 2861 6798 6115 4396 5438 2042 3903 3365 7572 6608 9322 9558 1384 2480 6483 8984 7067 52 5311 3941 8603 9404 285 7571 4687 78 7661 8951 8498 6760 7566 1576 5918 7306 4411 2068 9173 8487 3846 2842 1454 4817 8786 8253 6577 6831 7982 8691 9193
7 9620 9340 9751 8194 8514 8748 8431 7302 127 7966 8736 9436 7084 6992 7724 7262 7448 7182 7294 9442 8355 8135 7714 9500 150 7346 7074 6995 7684 8528 7246 8387 8908 6782 6944 7022 7652 6026 9087 6771 5832 6499 5680 6494 6326 8383 6752 3247 6699 6603 7310 5446 5394 5330 9151 5618 6226 5794 9454 5354 9845 6638 5884 8019 6051 7406 8401 6484 8875 1594 8649 8271 6792 8168 8243 7528 6227 8880 8893 6110 8007 6538 9342 5958 5490 5743 6974 8321 2342 6968 6755 6786 6174 6126 7996 5678 4682 6321 7490 5690 9276 7579 6820 6808 7483 7443 5254 5622 1197 6441 9477 405 9236 5611 6674 7020 7597 5429 8256 5356
8 5397 7834 3654 8312 7391 2555 4063 4040 3158 9268 2219 3046 7547 1255 9827 6196 1572 8664 9171 3652 6063 7436 7754 4417 2701 6217 3893 8151 8535 6336 7019 3602 9972 8586 5906 9486 7155 7554 6800 1808 4769 6563 4863 8468 9068 7226 2130 9796 9570 4722 1721 889 9554 3038 7498 9248 8395 6048 4062 9826 9575 2988 8934 8239 4544 9208 9306
9 9603 3769 7240 7783 5491 3425 2117 4692 1259 747 9834 3291 722 8026 8724 4109 5586 9527 7230 916 5049 7950 8407 6107 9426 4148 9994 4346 7773 7063 8501 9010 1076 4595 9267 8610 366 5255 9295 9590 8926 9150 8518 9934 8983 9263 9584 8506 9349 9563 9597 9578 8459 9805 9523 9303 9812 9632 9129 9166 9742 8761 8460 8823 9652 8499
10 18 4427 948 263 3907 4700 8863 1903 539 428 222 1951 4807 7220 919 940 9101 6371 452 1109 1753 9243 6131 925 506 5 7362 420 340 9606 3936 1525 3432 4974 3646 730 5666 4495 4868 974 8389 1704 6002 6547 7416 1862 4797 9939 8647 1168 3589 9282 1844 9266 8043 7340 1687 6977 4347 2039 6620 1724 6916 3371 1657 3591
11 286 4703 6630 7282 4874 5218 5700 6487 9447 4947 6616 5579 2565 1575 3498 1074 1991 218 1 7826 4593 6489 4858 8249 1164 7456 1120 1311 7415 5979 779 1987 6360 494 8902 6961 8032 754 171 146 232 724 543 739 740 777 319 628 59 407 21 528 235 749 738 124 753 518 460 717 699 663 614 577 593 501
12 9776 7993 6729 7263 9574 9818 6463 9508 9460 7441 5570 4339 5427 5837 4901 5582 6609 7896 6199 5568 5325 2183 5012 7916 6673 8657 3569 3347 9204 8286 3615 7626 6605 3835 7087 2901 1111 6387 2013 2458 2581 6456 2941 7542 4946 3928 5422 8255 7970 5661 5729 1697 5506 8587 5046 9515 5802 5777 9043 8112 9345 4740 2377 463 5011 9495 4805
13 67 8113 6779 9467 1132 5853 8174 8374 249 9481 7236 1413 8509 8165 3104 8818 1107 3901 915 6354 8278 5813 6640 8267 6516 9551 4222 5771 3538 2631 4696 7590 7691 3729 9030 9785 575 5517 3630 4508 8886 5967 2955 1346 8106 1746 3233 6559 4389 4794 6789 7633 6529 7356 5806 8259 7777 505 1226 7643 2108 4192 5250 9798 5683 8918 2455 466
14 8171 1055 9351 4833 9579 7563 3421 9337 131 1627 1674 3088 4611 4434 6982 6464 8533 7316 8619 7341 6870 6398 8777 323 7359 9764 4124 3743 3861 4121 3802 952 4033 7031 6941 6788 4152 7578 7169 8486 9572 6929 6936 9810 7466 5591 9359 9518 337 9430 9601 9859 8643 7284 7304 7144 7979 7042 8341 8885 7233 8770 7110 7178 7076
15 6898 6604 8883 7370 6662 8356 7674 8318 341 3637 7390 474 9192 1940 7337 6462 1737 9086 8464 1115 2000 8850 7468 6818 8653 5915 6719 5426 9525 8013 26 3681 841 6342 9431 5715 8692 4217 5913 6418 111 9633 6292 7419 9242 9945 6268 6541 5317 3878 1947 5761 9249 1108 6981 5938 6517 5538 5821 1944 9022 6610 5820 8515 6636 7602 5621 9549 449 9709 208 3649 6505 6357 7760 9731
16 8381 8072 7928 7904 6052 8309 8101 6175 8027 6241 8350 8076 6136 4786 4720 5950 6427 5405 4742 6304 8425 8095 5976 5493 5202 4827 6307 8385 4655 8065 5869 6030 8382 5555 6267 8148 6643 6626 7320 6356 5478 8322 4838 6095 5017 7146 7245 7815 7971 6209 5503 6502 8116 6388 5630 7666 7292 1972 7888 4895 5592 1673 7594 6239 6634 5893 7388 7366 5271 7260 5790 8397 833 5964 8077 993 6542 8393 5740 5945 5533 5963 8005 5559 8034 4956
17 6680 1646 9180 3300 6253 6305 6879 7190 9178 7417 8200 8039 2587 9056 2139 7992 5664 7668 7821 2662 7719 2230 8554 8164 7473 6031 6058 930 9944 6271 6980 9678 6415 5608 9361 7952 1438 6170 3749 7021 3930 6400 9824 658 8057 9320 8693 1599 6540 8940 7650 6546 8722 7096 8380 345 9107 9670 9226 6716 1526 7659 9013 9329 7396 1136 858 9631 6395 260 4141 9327 469 7216
18 9499 8874 9084 9302 5208 9316 2151 8810 2489 9399 8180 8842 6706 7003 6248 5246 4233 4645 3584 8465 7927 655 7658 1403 7136 2942 8227 3645 8335 3141 7621 9476 3622 5343 2728 1811 591 4494 1639 4520 7867 5716 5931 1376 6222 545 3315 2105 2128 2175 2098 7931 4065 2398 9201 8120
19 2250 122 4543 4228 129 980 4211 2394 514 424 3407 149 3582 2776 2066 2388 23 2535 2034 3377 4386 4260 970 3673 4096 3312 2220 512 3286 4535 4479 3974 4111 3188 1363 1342 2483 3675 4605 3096 1070 3455 1365 884 3759 1965 3222 1239 3557 2374 387 3179 3722 2792 4603 4244 9100 1446 302 4537 2715 3092 3499 3475 3161 4004 9639 4553 5590 6878 3701 1005 4451 2825 9490
20 4381 1637 8575 5778 3801 6832 2341 6806 6784 470 3260 20 3130 1234 2473 3194 1125 946 880 1859 3338 3410 4711 3262 1326 1392 3241 8817 3510 5175 3380 6959 1677 3576 3436 3332 1867 4660 5067 4821 3653 4787 3358 6455 3176 5161 3829 6689 2476 3473 2887 9271 3242 3139 3153 2485 9569 3674 3163 3502 4486 5995 4519 5861 6206 4914 5798 6050 2757 4167 4850 5675 4397 4110 5670 5230 6042 5382 6931 3168 4920 3978 4213 2772 6461 5224 3756 4580 5631 3180 4599 6701 4341 6552 7209 7231 4369 4379 4452 4108
21 7850 3259 6833 6543 5316 277 8237 7922 1219 6619 9247 874 5500 3119 1988 3118 9630 2203 8396 7640 7863 2775 5711 5898 1754 8442 8247 9391 7938 8111 4204 6310 5772 7556 7248 1688 4839 8562 9651 912 5411 3690 6549 1929 1692 8702 8107 7027 2837 7375 2836 1656 2309 1592 9083 8520 8375 445 8567 7912 771 1457 8659 1771 1923 3806 933 2444 8729 434 2367 2110 1837 9681
22 10 9269 36 1246 8456 4573 4513 4271 1775 2027 3479 1748 7687 2647 2308 1573 715 4158 596 2227 4266 2076 2926 8463 7775 7667 1563 1433 3997 979 3831 656 1474 5784 3866 4729 6859 8866 9807 5535 7757 15 8398 5614 58 9927 7149 1832 5873 6585 5410 6956 7895 1440 1982 5919 6753 1027 9280 4239
23 8678 2606 9898 8246 39 5745 8696 5847 7183 6212 2311 4575 2050 8444 4138 3404 3551 8373 6953 3035 4459 29 5448 9894 8313 9061 4950 5074 1499 2819 5792 3513 1355 9377 8884 3555 6022 2502 9489 7598 4169 7991 8688 9663 8927 9635 1588 9931 7545 3793 6025 8066 9189 9778 8605 9328 9740 8574
24 9559 927 7106 9618 3565 8766 2466 953 1274 3558 6926 783 5122 2998 1900 9542 9746 669 3819 206 6498 7018 1609 5595 7249 503 4044 8163 4267 1838 8466 2184 2004 2671 2070 5290 2983 1502 1695 502 1447 3676 1209 456 3755 2752 3496 1980 3267 1866 3376 1028 4245 5573 3805 1751 4626 1747 1046 986 3733 3975 4354 4265 1895 4415 1632 1932 4516 4174 3708 1722 4403 4263 3794 1761 3535 997 3871 3896 1717 1986 4274 4008 995 3679 3509 113 4243 1631 4303 3798 4333 3718 998 3402
25 4218 8329 6380 5331 8020 6351 5371 5274 5322 355 7481 5304 632 7412 6121 1984 8264 8233 8071 5064 6438 7670 5219 6653 6580 5164 6837 3494 6370 6840 6059 6024 7414 7995 6793 6482 5657 7280 8295 6378 7444 7872 7841 6328 5860 5634 6799 8099 8197 5980 6037 7176 8186 6509 7295 5337 7360 7273 5070 6763 8316 4276 5948 4514 6465 5652 6417 4226 7933 8365 8369 6737 5888 5776 7500 8327 7921 6757 7906 7518
26 9672 5238 2845 6691 4846 8790 413 4510 2008 7421 304 7010 4885 9230 254 920 7575 9344 4052 6332 1269 4712 9887 2899 114 5527 3854 8299 9911 5569 7154 5724 2621 8620 8728 9628 4219 6074 1128 2718 9729 865 2451 228 9398 5576 1091 8211 7407 7779 3965 9301 2433 1162 1240 2251 2280 826 707 2331 2351 281
27 9857 9382 9550 7755 9682 8982 8689 9372 9110 9813 6173 7237 6785 5658 5757 5738 7961 5925 7108 9213 6454 8458 7440 8791 5519 9081 6988 9277 5684 7113 8889 5849 6780 9205 8991 9793 8158 9762 7752 5949 9142 8754 8779 7504 8217 7068 5710 9919 7317 7085 5616 5896 9401 9967 9544 6204 5552 9833 6871 8206 6734 8938 7265 7197 8739 6750 7548 3392 5941 6054 6469 9386 7137 9233 7301 6787 9604 6962 7347 5990 7531 7091 6681 8541 6569 6479 7049 5887 9032 6669 8086 6522 7660 8140 6945 7232 6905 9036 8557 6749 5646 8695 5822 9754 9186 7573 6090 8538 3393 8717 7750 5536 6102 8848 6392 7743 2869 3296 6775 3650 7958 9750 6393
28 9079 384 1954 50 1889 7901 8349 597 2319 1758 8414 2153 3324 8339 4697 182 9090 9105 9698 2914 86 2321 3752 6928 2057 9510 3221 4925 8219 548 3204 1681 6979 7393 9069 9132 8715 1776 3950 4739 965 9891 6537 2058 3834 8694 9680 1366 3322 7386 5381 8758 5264 411 1144 7066 9774 2625 6606 2382 3507 5933 664 7187 9910 3566
29 3103 1907 9047 2393 8703 1934 2589 1273 7002 2223 868 7309 4880 9889 2069 4465 403 1008 1058 196 1777 8654 8616 7135 9175 8273 4963 5817 1422 3981 5839 1254 7604 3057 8581 5999 7392 1039 9727 1826 8666 6827 1620 8036 8768 1684 6203 8650 7325 2312 2198 4776 9648 808 2016 2096 2945 1667 7165 125 205 487 7981 2182 504 8559 564 533 4853
30 6431 2482 9125 8978 5276 5339 8969 6766 2411 417 4559 1281 5554 9673 2369 109 3265 3888 1277 2032 4717 9112 3099 6325 5068 3430 4336 6098 9690 595 2222 6668 9803 3545 2479 8370 7217 812 4483 112 1236 4998 769 763 4078 1139 594 1976 4843 8856 9408 4822 589 8291 2161 2213 4778 2673 497 552
31 565 7937 7589 8801 7488 6817 9162 6376 8060 7168 5645 7433 6440 2214 7704 2113 6236 106 5461 6445 5696 6420 3143 2668 9996 3170 6790 8582 5284 69 5977 9025 7844 9595 864 5540 5486 7801 7894 3360 9218 1686 4460 3720 363 8201 1515 82 7934 226 4215 2933 132 882 7730 3357 9816 6512 8802 8371 264 4011 1030 4594 4813 579 6 5431 9876 8832 9923 1769 7191 1875 8864
32 6918 4918 1643 923 9251 1538 2523 5272 5318 3773 832 5156 2481 3418 1340 3629 4143 991 5036 9082 1601 5131 1625 2158 1860 3375 5158 5516 4056 1439 3394 4348 4941 5421 2333 4181 4410 4620 1301 1969 5098 5444 3462 4059 1719 5363 1406 4253 2288 2397 5041 1327 1473 4888 3531 4312 4757 1374 2065 1359 4548 4157 872 854 907
33 5360 5268 9413 3043 8137 761 6334 7039 256 1628 4727 7635 1815 6259 2538 9507 9415 500 2106 2739 7064 636 4765 1337 8825 5513 4130 6264 855 8348 7486 8596 6183 7470 7324 6596 8054 7057 8050 5341 8635 6822 9832 493 6774 9624 536 825 576 344 240 72 756 115 262 83 8775 311 390 389 799 339 57 2337 444 347 520 692 619 248 198 0 140 291
34 9298 9704 9875 9420 9439 9143 9997 9844 9238 9385 9357 9348 9643 9979 9331 9155 9577 4988 9237 9738 9735 9235 2014 9573 9116 9417 7342 9321 415 9841 3284 9988 9897 8551 8021 9949 1386 8015 4646 894 6649 202 3079 1026 9126 7293 9892 6145 8846 9278 1233 9136 5693 6909 8936 3453 5747 2079 8193 1817 4392 9918 365 9206 3633
35 2423 9097 9770 2422 9234 3064 3292 5409 2325 4653 8210 6983 9791 1531 6311 6410 3132 6657 2102 5504 7008 7266 1579 7307 6435 2448 7642 6201 6439 2620 7222 1420 3041 8115 3339 3042 7822 7835 5965 3210 9644 7690 2546 8261 5525 7211 7634 2011 7694 7555 5021 6876 8707 8183 3273 9514 4773 5173 2116 5477 6891 6021 5186 1999 3200 1332 6335 9611 7060 2010 8412 4556 7247 2491 7367 2622 5078 7345 1131 7811 9598 9123 2264 1566 7956 5160 5176 8198 5662 7631 7891 8353 9016 8833 8525 7673 2759 3122 7675 5734 6858 8114 7418 6386 7712 6721 9904 9260 8757 9410 6231 4898 3187 9294 9990 6108 8009 7905 2463 1116 2545 7954 2966 4908 4705 1292 6247 2754 7219 7962 8676 6382 9482 6894 2202 5128 8503 1245 9392 8352 8783 7772 7107 2053 9334 8794 2189 2286 1176 5851 2261 7311 7100 1210 5258 1315 5635 2665 5045 4554 1521 5973 1159 7747 8788 6234 8055 2403 4857 5588
36 5863 3319 7751 3984 5585 1977 3282 8025 8868 9493 4750 210 8677 4216 9802 8944 6869 592 8504 5229 9993 4942 9422 5118 394 5048 2791 9335 5629 5101 4698 5572 121 4018 6367 5241 2452 7496 170 8819 4319 6001 2716 5463 9317 4672 9880 1200 5273 5039 5328 4632 4654 1194 5261 4841 5117 4663 4747 238 4931 4493 2643 9941 5450 5518 5125 4476 5277 4716 5267 4630 4652 231 4560 4579 5142 5396 5447 5408 2727 53 4637
37 4437 5228 4349 61 48 3546 1807 719 1718 1833 762 2430 2576 966 555 3458 1871 3540 1296 2824 2580 3169 610 2583 1260 45 3031 8550 2416 893 1370 2605 1713 3329 2019 419 3353 2429 2301 2549 2111 2604 690 1559 1264 2490 1073 515 2806 1123 972 2169 2456 1458 2232 1187 531 2486 1371 117 1834 602 1850 2421 1878 2007 3500 116 229 2467 3506 2326 1992 2441
38 367 513 373 383 280 172 192 189 451 331 467 8706 8684 465 7508 8637 9290 2363 8024 8319 7846 6171 400 7596 2977 9480 7664 5026 2521 382 4426 2846 1550 8455 7449 7795 8490 2882 6076 94 5497 6756 6168 9940 1024 6180 8511 316 5306 17 6088 7438 2889 9511 6007 6187 4881 7130 752 5298 9066 7767 7394 6717 8058 731 1597 8142 9885 3862 4856 2731 3336 7163 8713 1145 4237 1083 2801 4151 5598 2054
39 8368 9378 2200 3255 1629 5691 102 1324 3086 2165 3459 1547 2094 3460 1894 9553 1250 2360 844 9942 1225 1104 1508 3257 2075 9646 806 1669 1092 266 2726 1690 2304 1112 1865 878 2103 2243 2908 3023 2989 2769 2052 1636 1809 361 1174 3264 879 1978 3225 3715 1319 1712 1791 3026 1564 1715 2046 1716 1760 2211 1536 1494 1701 2112 1869 1232 1922 1614 97 1949 1489 1617 3694 2224 1267 1102 1217 2001 2278 1941 1304 1542 1129 1241 2255 1203 1700
40 7308 37 3447 9254 99 6707 2164 326 4193 2395 3822 7268 9840 4957 7869 5564 7132 895 13 3892 9596 3663 5808 32 4647 76 6320 1836 1736 7381 1495 5091 7562 4782 5050 6835 1401 787 7654 7885 834 621 7701 603 7784 1705 820 3810 3915 789 7576 1936 305 7721 709 3800 835 7723 7649 3882 7516 7612 3898 7829
41 3725 9561 8576 8023 3544 1089 138 3266 1482 2287 8228 2664 1158 3229 2689 2816 4408 385 8680 4102 538 2445 9152 4440 3961 2522 317 3066 852 1845 2303 3713 3239 3224 3318 1749 2904 3821 4329 942 4160 2755 1979 949 4387 3660 278 2457 1843 2390 4314 4325 3368 580 2138 481 4420 2055 605 3899 2907 139 296 74 2290 1884 3943 3271 819 1002 932 902 897 537 934
42 6987 7089 16 406 63 7078 1618 3174 890 275 6358 784 7203 809 325 1729 3301 3238 797 166 7195 6935 1584 2653 1562 320 6866 6077 1803 3295 6003 678 9456 6776 9424 2044 6966 4726 6937 6057 1676 3796 2834 5380 755 3306 2780 1442 2037 8744 9369 7055 5052 1395 3040 6257 8522 9223 2529 8797 2339 5946 8143 9522 1797
43 381 334 3007 3150 1615 422 448 391 2033 397 242 343 353 3080 404 1816 1528 767 2419 2851 2794 1163 2081 5758 1417 3189 6667 2271 379 1388 7156 279 2705 3240 5314 5287 4142 9139 4737 5697 507 3740 7529 3309 4701 3374 3280 5489 6659 3411 2372 4589 5975 9332 2799 5134 5541 2217 9181 9054 2268 9315 5033 5353 5685 8592 8876 168 5470
44 9202 9381 5604 7875 5966 8841 6130 9333 9459 7769 6035 8577 9888 9001 6490 9819 7720 7786 8631 8685 9982 9020 9956 9224 9503 5836 9346 5605 6560 7680 6458 7759 8056 9035 6570 8824 9167 8448 6272 9356 6060 7735 9163 7793 5701 7940 8512 8044 6284 9350 8343 8979 8527 6329 9494 6352 5687 8092 6210 5852 9003 9874 5952 5146
45 1172 6665 4915 3933 6970 4330 4074 4067 6862 1229 5815 6405 4761 6713 3839 3920 3647 6650 6595 5307 4734 5466 6896 3921 4043 4684 6627 4203 5902 5441 4484 4677 5797 3741 3857 4810 6897 4031 6601 4128 5722 4414 3783 6969 4866 4024 7005 4113 6399 4424 5759 6508 4301 6597 4533 3935 4964 5494 5283 5557 5800 6914 3905 6297 4832 4068 4927 6419 3848 5358 5814 6355 6302 5401 6746 4399 5787 4069 6473 4525 4691 6318 4155 4500 4981
46 1953 2362 2239 1974 2167 1868 1641 2744 2619 1549 2724 1806 2528 2025 1540 2177 1589 1805 1441 2077 1970 2229 2041 2443 2127 2540 2584 3763 3039 3142 9241 1820 2675 3782 2660 9537 1252 2669 2334 1481 681 2670 956 2723 3160 822 461 30 9758 3369 5620 6198 1148 2468 5442 2979 3942 2064 6658 7865 9902 9684 8686 1567 6221 2808 2974 6114 3340 4588 441 1897 815 368 1149
47 5612 8816 917 8422 524 435 3190 2884 694 2768 7025 7179 1785 3771 3574 1038 459 1851 1004 4051 3695 1711 3323 3135 2493 3444 2831 2805 4131 1143 3032 586 3973 3827 4120 2943 2640 3700 3154 3698 2560 4037 3183 3726 877 2949 3521 3244 2948 2235 2947 3346 3249 2676 4248 3863 4187 3503 2655 2509 3571 4085 3639 3841 3874 3887 3321 4082 3419 3477 4025 3434 4189 4154 3697 3217 2940 4200 2338 3655 3894 2432 3909 2437
48 4317 7942 4103 851 5864 1330 906 6883 1244 1655 2672 5867 807 716 395 6861 3524 9714 1467 6598 1290 2036 5221 261 8716 2902 6152 2472 798 4756 2061 4335 3644 1348 821 4615 3123 2504 1682 7373 5521 2645 795 2197 2275 870 6965 2399 4557 4536 4419 8980 6524 309 4995 108 1961 2266 9747 4826 3542 3018 4725 4940 4355 184 567 9148 3812 1040
49 875 4806 1087 3568 4616 4704 4030 960 2205 3362 1795 4202 8492 3632 1772 3252 1918 4967 4089 1009 4528 773 4804 9516 571 1586 4689 3350 3658 8941 4425 4444 996 3925 3685 1952 4132 3178 4107 4234 3497 8270 706 3746 2005 8540 478 1872 1823 4361 2778 2704 1190 1909 3258 4907 3061 3572 1485 1581 2964 2893 3605 4487 2400 1661 921 8359 732 5366 9734 7124 1590 1146 6688 3100 2782 2910 2833 1968 2436 2719 4849 1353 2928 1893
50 6453 3917 4551 4400 7355 3670 1924 6422 5774 2099 2614 3849 7434 4819 4258 5172 3704 1831 4563 6684 7459 6925 4322 4644 3770 5150 7689 7740 2296 5089 4061 6452 5216 6964 4481 3809 5348 6258 3745 7395 4172 6873 6232 7397 7281 3824 4945 7794 7429 4774 4527 4748 4760 7644 5720 6687 7351 4073 6742 6930 7275 7330 7277 4048 7823 4116 3916 6496 4134 5866 4752 6663 6574 6092 5934 6475 6646 6066 7286 7739 6472 6972 7506 4455 7814 4924
51 7819 7012 1928 6920 3619 6160 4230 8088 9693 4362 3553 7537 6041 6067 126 3751 3457 8108 3627 4991 5833 2891 2487 7344 2894 6018 7718 6748 2817 8993 3682 2292 8102 1483 4983 4377 4225 7140 7923 4182 5929 6401 3911 5496 5359 6480 4759 4297 3372 5686 1853 6069 3640 5256 4094 5257 243 4584 3263 4445 6106 3628 4208 8052 6882 287 3996 4433 8205 4985 2714 5549 2323 6628 5376 6533 6185 8085 4875 4618 6948 6100 1377 2918 5550 3860
52 8172 7210 6466 5251 5437 5141 5433 7428 4987 3962 6428 8155 8214 7980 4953 5962 7830 7109 4714 5721 3964 5862 8012 7071 4877 4852 7770 8017 4623 6429 6363 6308 5523 5333 7279 1604 4055 3739 8070 7854 8064 5362 7502 5237 8149 1054 4894 5231 5112 7472 3955 5152 6195 7746 5126 5145 7806 5192 5468 4968 6200 6362 3816 5022 5423 772 1774 104 6089 7276 7648 5835 5719 1230
53 1329 1011 1320 1484 6641 2361 1045 1469 1357 6572 1345 6587 1394 968 7016 476 6531 1423 6821 1034 1022 246 6670 6495 427 6637 6932 1486 2725 8658 2428 6726 9165 5878 4214 5334 6142 258 2717 5372 846 6698 5785 7469 3951 5457 2242 5994 1908 6298 9006 8248 4798 5773 978 8084 2056 8096 4540 4984 9207 7161 60 9188 9608 9273 1032 1650
54 7077 9214 5487 3768 645 4135 2985 1855 2029 3559 3787 1766 8608 7270 4443 447 3138 3387 7349 839 2506 1064 2703 1513 5602 2571 905 7152 2166 559 1451 4038 5615 159 1222 7319 860 3136 1238 7487 5922 1344 6062 276 1317 936 3159 6097 3107 6150 6225 6083 6262 6158 300 6073 6084 6099 6228 6193 3186 813 6254 3173 273 814 1231 274 35
55 7727 9075 6346 5796 5704 3869 5986 6118 7495 7267 6010 7024 6250 6783 4522 6802 6189 489 4029 3847 5111 5455 2147 7476 1018 3926 612 4546 5732 4374 6550 5480 3191 2087 4337 6521 4480 3581 4010 4629 1349 49 885 7774 3145 480 4923 810 3539 5823 4373 3452 7613 2539 2134 5694 9560 2426 6270 2796 1188 251 2651 2657 6161 2803 9602 2751 8763 5526 1784 2658 8548 2345 2530
56 8718 2787 8589 4473 6656 6029 4371 349 1926 8583 7839 5240 2179 5476 8621 9612 3855 7460 5656 9784 5313 4882 4886 9728 5321 8378 4919 9464 924 5553 6971 7745 8430 7742 8827 8888 8795 5085 2104 4708 4809 8536 8507 6503 8510 9985 8652 9594 9402 8519 8929 9098 8901 9024 8852 8513 8820 9922 8887 8973 8469 8730 8644 9037 9059 9045
57 2 3081 1191 2324 618 951 2168 1876 1201 1913 2307 2210 3414 269 239 2677 1821 3276 2132 1085 2900 3235 1134 2389 2262 2885 14 1916 3277 3063 2101 1213 1065 2736 1001 617 3248 2316 2822 2749 259 2178 1672 1863 164 3087 3486 1050 2578 2615 1127 3342 1841 3220 3449 967 1193 541 6889 105 3585 3481 2281 3216 2639 6269 1094 9524 1919 2119 3072 2850 8858 9432 55 2086 2957 2162
58 4050 3516 4241 6344 2613 2378 9411 4719 9433 6967 4318 2435 9484 9483 1937 4803 9304 4372 4678 282 4183 8337 7452 8328 5075 1829 7177 6730 5159 4905 9531 4014 1212 2201 6794 5038 1113 1800 9936 5133 9836 2594 3515 1556 3091 1031 328 2313 7043 8424 1596 6312 6139 7543 2923 7606 7713 9921 8697 4952 3668 7651
59 376 7926 7726 8976 6997 7785 1418 2498 2384 7455 8481 9768 4114 7782 6450 9799 7121 2746 3071 2860 2962 5029 8160 2795 7530 9717 9777 9541 8473 9677 2905 8029 9453 9519 8427 9281 8891 9065 9131 9161 9113 7264 9586 7558 8834 8681 7461 8796 7973 7477 9619 7987 9864 8388 7960 8078 8138 7994 8994 8482 9916 9403 8849 9261 9861 8701 7984 9115 9708 8011 8975 9556 8907 8671 9719 9761 9041 8594 9641 8364 8668 9160 8623 7728 9513 8604 8622 7828 9387 9183 9932 9371 9782 9582 8001 8665 8324 8141 7879 9159 9567 8627 8925 9843 9943 8987 8667 9228
60 4190 28 1122 990 2269 3562 4912 8831 3412 6061 1021 1220 887 6327 7847 9886 6238 1347 3744 4541 437 1813 4490 8494 5323 3385 8617 7133 2702 2135 662 7199 7122 429 7271 6877 6751 7150 633 9279 1634 8428 4591 2995 4036 3303 3166 8117 9044 3886 6518 8167 1430 1389 5679 2508 7323 8018 9512 1424 221 689 220 7564 7729 6182 4099
61 322 9591 3101 7639 3736 151 5768 7312 7088 7224 2021 620 4635 5751 9177 5389 9937 3446 1288 560 1466 3994 6322 3656 9955 8207 2340 7139 3620 5894 2616 7000 3918 935 1154 581 9194 6324 7868 4884 4343 8139 3316 4161 370 901 8812 3885 7053 6331 1520 4851 3090 4469 6314 1095 2009 141 675 430 679 1068 896 1017 1153 622 1179
62 3467 7148 27 4770 1956 888 6291 7737 2558 3476 5818 1071 7764 5179 702 2328 374 498 3334 3664 2811 1990 5469 2346 237 2412 3198 2809 3774 2330 2364 7333 3845 4269 1103 6557 2427 2335 9114 7423 4021 3512 3705 8661 5875 1175 7458 2260 7491 4641 8895 3754 4404 3780 4173 5942 3953 2929 2450 4406 4185 2838 3207 4286 3304 4123 3413 3625 3825 2729 4270 4064 2431 3815 2407 3526 2505 2789 2373 3022 3990 3750 4054 2745 2770 3900 3776 4462 3960 4005 4395 3027 3451 2402 2368
63 9914 8226 8236 8829 9850 9869 3877 9133 7114 7732 7792 1047 7457 615 6368 6520 8900 9026 6584 7862 6803 530 517 5293 5037 4758 3344 75 5886 5488 9093 3236 3600 3472 6671 4448 5510 6514 6202 4003 5810 6904 7932 5286 7501 2626 8867 4656 5357 2734 2644 1852 5502 7447 686 3688 1694 7935 6283 2258 8995 2692 945 1648 6313 4277 8277 4272 2839 7499 5375 224 6826 6070 7126 7800 6229 1339 3735 5458 5471 253
64 265 1185 294 4566 399 85 6545 3583 1472 396 66 8484 7860 8871 785 4496 3914 7997 3799 1436 3408 2649 7141 9775 6421 7930 3669 5744 6747 2381 7645 62 7974 2059 5434 297 2353 1610 2748 1840 5190 7073 8738 2952 7387 4201 7748 1182 8447 5741 9127 3326 5018 4561 3290 8330 2553 3634 5928 5263 5312 1885 5982 6014 1778 7522
65 535 475 7188 8196 4847 3730 7620 2122 491 8485 3401 3381 3391 7577 7843 8524 4180 453 9626 89 6696 142 4996 3523 5912 817 4935 175 2976 495 2531 8999 7223 5840 4259 8129 8687 2876 4288 2126 6851 1448 1839 4467 5636 8614 9517 8420 3603 3384 2666 8756 7227 6561 891 9199 2206 1530 6384 723 4129 3952 2588 8153 7907
66 440 421 869 4539 4447 483 4264 1790 4122 1830 236 492 1835 4206 4251 1899 1842 4147 1958 4423 4177 4235 992 2035 488 5596 1061 849 886 1827 4334 4262 9970 477 1297 1762 1819 4564 871 4416 4100 981 4300 4572 2187 257 4057 969 450 2026 941 2129 1983 4118 2762 98 3445 7011 307 4565 2761 2196 1437 3048 7762 4582 8379 5663 267 4489 3716 9723 2193 5135 4587 3851 3734 9725 255 1577 7200 9863 939 186 2365 3760 4283 4058 9933 9856 8238 4166 4261 2208 4232 2533 7753 1997 8283 845 9743 2404 9308 7235 5060 5303 9094
67 6377 3311 6339 6654 3203 5262 4284 7871 4638 5543 5378 3777 8123 7657 4502 9429 4789 4934 1624 6886 9370 4547 7825 5705 8894 4973 9203 7059 5613 8521 6963 4801 4305 5775 5984 7898 3826 6801 6065 6672 6273 2569 6096 5302 4922 4674 7244 6223 4643 7385 7028 7761 7524 5617 4435 7741 4864 8814 7062 6233 7681 4488 6459 6085 6554 7202 6353 5669 8305 5876 7353 7999 7474 4693 8632 7331 5769 6138 7584 5799 6733 7903 6539 7663 6261 6481 6622 6143 6899 6394 7924 6536 8793 6167 7893 6915 6994 6825 7335 7832 8038 7947 8347
68 9600 9485 9788 8854 9446 9343 8798 9638 8087 8913 9400 9545 7986 8094 8968 8571 7945 9568 8821 9984 9668 9794 9031 8639 8990 8679 8547 9365 9792 9011 8004 9227 8803 9179 8204 8826 9009 8363 9882 8119 8122 9323 1186 8630 9375 4542 4359 9867 8292 8224 8971 8121 4538 9707 8629 1293 4608 2006 5951 5607 9135 4022 1283 1861 6345 8602 2314 5677 4149 9616 4442 7586 5144 2023 1173 438 4745
69 9636 64 9617 3906 3968 4830 7837 7259 46 2877 7943 9318 3367 1183 1640 9174 5143 79 4351 3543 5073 4933 7338 1421 1285 3011 6705 2141 2959 3693 9838 5087 5214 8091 6091 2495 4828 9158 2863 6639 4315 2074 4955 9157 2510 5451 8475 5181 5109 2349 5737 5059 6769 2586 5057 5439 5184 2954 8478 3957 8890 1053 5206 3184 5165 2607 2699 5009 5130 9111 5201 1938 4545 1257
70 2568 7454 588 8182 177 2936 3297 9915 9877 1258 5096 2732 1723 2712 2459 318 6081 7478 4675 640 963 4550 9435 2830 1280 8877 1367 2823 5010 4194 3879 5154 2109 5198 8053 4831 8497 9347 4648 9471 9539 4836 2865 2185 9702 9986 5672 6436 2449 9461 9659 9954 9948 4904 9694 1414 9839 4958 9687 3865 9414 9720 9540 9536 9930 5170 9566 4221 8618 9634 9909 4020 9976 4994 9506 8764 3403 9002 8727 4390 4246 1310
71 5113 1435 3948 3359 1971 2617 1251 3000 696 2946 2982 7709 3285 3162 3985 2293 3456 1888 2564 1184 1364 3937 6390 6181 4023 5667 6743 3155 3488 1794 9822 973 3270 3442 3686 4293 5445 2567 3450 4871 2773 1945 1703 6409 5023 5280 6715 3919 1207 4583 5702 5472 180 6923 7285 6579 292 5786 2002 5270 2930 5278 5449 6218 5812 6214 1097 7523 496 5983 2142 9721 3250 4970 7123 1361 6372 3778 8298 486 8531 6523 1960 2028 6710 1902 8222 8325 6266 8310 2048 1904 558 9605 9099
72 2318 147 2263 5132 5124 195 710 2188 5110 4205 2190 5121 1161 2221 4060 4944 2925 1963 2194 2248 2917 2366 2391 1585 2226 2687 6700 2315 2062 6759 3214 3227 3976 3279 8212 2840 2497 5699 3596 9004 4861 9593 9998 1360 1335 5485 4767 4015 303 3361 5177 1822 3485 7296 3076 7097 5935 3537 7911 9828 1037 8974 4568 1368 5147 1824
73 4897 4845 2386 1199 2176 1133 130 2140 959 2265 4428 484 549 521 436 742 3963 6754 8073 9217 7817 5459 3156 8505 3678 4562 6676 4046 3327 1733 3345 4016 1664 1352 3552 4586 6677 7145 672 3492 3274 2503 2082 7206 2499 4342 2990 2935 9017 926 625 5100 3256 1206 2648 4275 3706 7803 9653 2244 8008 3532 1298 1291 3527 4659 5174 6397 6942 8195 1272 1306 1075 2711 9565 7771 3813 4902 2818 3164 3004 3030 3044 3124 2667 6919 1555 1490 7196 3626 1607 3441 2173 3519 1787 8281 5236 2892 2192
74 1067 510 1025 4685 1768 8845 7617 918 135 8159 8853 8221 9339 9961 8735 4959 8294 9583 9959 9753 9649 1181 4837 9991 8477 4929 9662 7653 9901 7877 5162 5106 8805 9960 6625 7378 4869 5019 4402 1975 5086 5047 6350 8904 8539 9543 4790 2320 4661 7849 8723 9526 5058 8558 4320 8303 3944 9049 7883 3671 5054 4332 5714 8403 7371 4746 5183 8669 4576 8225 8922 4577 4590 2854 1224 8879 3560 3843 6582 4071 827 9953 8265 4077 4755 1019 2771 700 2520 3278 3958 5003 9496 7334 2788 4889 2919 5138 1341 1848 7605 3439 2781
75 8967 6197 2252 9109 6366 2091 2544 7964 516 2710 5603 4491 4766 6243 6043 1602 3505 9474 7212 8288 2003 2120 2903 1535 1873 8474 5735 362 7116 380 624 5709 8741 2097 101 1580 1507 2327 1745 1574 154 128 247 2207 1066 1404 1996 609 1825 1998 1010 1411 458 1308 1425 1612 957 1505 1156 1699 2204 2225 1218 431 668 2237 1985 883 509 1362 270 1192 554 1874 1606 2095 1098 1653 2156 578 557
76 9546 3448 2551 2513 9388 7778 8930 4017 7790 8915 2706 2585 2136 670 392 1101 8336 9225 5083 5905 3931 2577 3618 1302 3795 8131 6864 2557 7364 2500 4867 3971 1613 7398 3956 9557 4829 4238 2680 4357 5210 1611 6188 2733 3053 9092 3890 3803 7112 1160 6460 7274 1920 3254 2883 7951 1166 9763 3025 2572 9755 3415 1059 2574 954 922 8361 6853 2602 1955 7889 6795 7093 8662 6528 1846 644 1434 5104 4743 2996 712 2595 711 5203 2826 7435 3050 4309 569 7430 1082 5848 1558 4764 4439 9907 3202 9808 5136 2045 9374 1651 3518 8906 9089 9787 9640 8690
77 2844 6474 3612 2608 2031 5025 8406 9926 866 7358 4292 667 1223 5056 2507 984 7493 8599 3047 8909 1228 3889 2417 3613 3522 5681 3949 3945 4639 693 1707 4619 3126 1847 5220 4223 2764 6975 6834 7989 5053 7856 5032 2603 8804 4848 646 1126 3864 9283 2804 4532 9773 2090 3390 7194 3234 4741 1318 1763 377 5061 3913 750 7638 24 4380 1284 8516 4960 9809 570 3001 1470 4041 725 9866 9478 4115 7852 4816 7519 3712 3320 2470 3073 8742 9463 3662 5654 4909 5259 5191 6333 3791 6286 928 9530 2550 1015 5139 7343 4450 1465 4666 3870 2688 2593 8964 1227 9905 2305 1995 3215 5194 3804 1891 442
78 641 2115 3659 308 764 1728 8051 9185 1124 3302 660 7047 8209 6251 7913 4997 2133 9067 3853 5279 3757 938 4092 2249 5399 4911 2994 4793 8358 4298 7791 9688 4097 4383 3908 4932 4854 2870 2738 2760 5539 5336 4707 2598 8950 9548 2590 8961 4438 2060 1369 9895 2552 3779 2968 9363 3517 2600 3719 5013 2376 4890 2453 4453 4872 4376 4378 2766 4401 1431 5016 4724 4936 4622 2633 4475 2306 4231 4470 2554 4910 2636 2797 4671 4287 2409 4600 2790 4531 4855 2735 2212 687 4999
79 5969 84 2332 1322 5167 375 4464 3008 4954 4075 3561 1278 1622 1780 5370 306 2873 5834 4482 1380 5368 2618 5826 3837 5195 6804 1635 2329 5524 2236 5197 5417 6683 881 9679 5035 162 909 2691 1600 613 2488 5625 5188 4458 7963 1242 1464 3742 2610 734 3435 4521 5119 671 2354 1463 4388 4624 6316 2862 2238 6890 1478 1799 3484 191 4664 682 4835 5392 2527 1476 914 2843 1652 654 1570 3208 5342 4294 5978 5377 5347 2072 2575 414 3078 4418 8279 5534 5364 5092 9655 4753 250 2124 1702 1391 9200 8276 2078 7164 4 5850 298 7402 485 7886 8282 4926 8483 7949 6148 6534 8440 9362 7090 7298 6762 8985
80 9623 9176 8674 9660 2247 9757 9957 8357 7185 9389 9968 2233 9821 8997 8104 7581 6568 4153 1303 2663 8774 2231 6607 5688 5575 695 3702 7234 9811 1509 9231 5095 4117 8147 4328 8607 8192 5505 5005 3987 8771 7629 4307 5407 3579 5088 4053 6156 4360 4001 8146 4512 4534 9908 4862 2997 8386 4949 9629 8405 2150 9421 5583 1214 6599 1890 6492 9063 816 4870 9737 9042 2256 1331 3792 3108 5166 1215 6772 911 1488 2049 5544 1517 3005 9138 4365 7372 4324 5076 1253 818 2938 6990 4394 8187 4364 5140 6735 5726 1773 3897 156 7213 2071 4207 2999 5623 8296 1501 41 5324 3786 1946 5320 9726 8081 4633 4621 7561 5386 5234 2418 3070 5668 7646 2747 9685 1571 4282 2973 8446
81 1468 5507 962 2911 3330 2282 4168 8543 8439 6040 4627 4679 735 185 2856 2864 1901 8847 3934 2679 5199 4039 2774 733 4027 1276 2783 4570 8857 3313 336 9713 5644 3102 7075 958 5584 5153 5285 7252 1548 5556 3067 5355 929 4667 8028 5626 5114 3785 8124 5755 4049 8776 3807 1043 4549 811 3511 5674 7166 3529 9312 92 3029 3929 3167 3580 637 857 1665 4989 831 199 5245 3308 1130 2425 3165 8641 3388 5637 3084 6364 4436 3464 3069 6765 2913 5601 1455 7125 634 3578 7117 5168 2439 661 4156 409 5650 333 2295 4466 4358 5340 9286 5265 5782 5924 5872 1516 5253 1385 2517 5243 5730 7363 3592 9971 25 2922 9027 40 6910 2051 8402 4990 1336 4585 2408 3833 5956 8232 6406 3245 6347 6978 2234 523 2080 4823
82 3904 7527 4706 643 758 1933 7517 2543 947 9847 5858 5395 8150 1248 6338 8972 4327 8241 1660 3587 4657 9018 7636 6892 983 9039 1726 6917 9330 3711 7070 9265 8098 1056 853 1959 7118 741 630 635 1256 1270 776 1196 830 1354 350 1150 9091 472 899 295 525 1157 856 572 1013 542 1169 462 842 788 847 425 332 1372 1323 786 418 174 183 1006 1247 290 1117 301 1167 568 163
83 6056 5746 4461 5859 4978 1500 3373 2532 2157 1375 5178 774 5400 5624 8546 3549 2690 867 828 5754 2890 1118 2709 7001 4256 4007 3728 4326 4412 3474 1522 364 8838 8002 1671 5673 727 2674 5024 6973 2800 5566 2347 3721 3912 5548 5937 550 5970 161 3128 4951 5108 4669 2765 7855 6017 703 2118 3875 1802 3684 2355 760 2852 683 1883 2678 6191 3946 4818 1910 9354 378 3272 3232 3923 5180 5642 2627 3932 2798 3588 3764 479 9310 3641 8063 744 8633 2652 313 3710 3483 2310 4196 3594 95 9146 3121 1543 3593 4651 5169 9154 6128 1287 5464 4777 2020 1510 5589 3137 6240 903 1052 5600 3112 6207 4367 6411 6141 5562 7432 9005 6960 7520 7380 289 6947 7004 9122 8865 8323 144 8061 8725 8625 7789 8840 7881 8245 9000 9664
84 4240 3842 9625 2272 5413 7851 2597 4382 6426 7080 4456 5435 8215 3331 2656 1314 8733 153 5728 3604 6244 4384 4601 5329 3097 7920 5712 1407 2030 6219 2215 704 5028 6078 3616 3614 8734 7383 9008 4422 1856 398 9642 5115 3808 2370 2131 3947 1532 9341 8746 1300 4501 4609 3127 4310 3098 2471 7171 6807 6285 1049 1603 3856 8800 5676 1410 8179 5428 3055 3677 6468 193 2357 1896 1429 3212 8977 2267 4126 8314 3687 2623 3349 4478 7026 8130 9376 268 3409 2526 2879 5416 5498 1003 2017 100 768 8569 4163 5932 746 1756 3547 649 4860 179 5308 836 6281 5443 7625 8699 7207 3370 8258 8443 4965 1939 5695 9562 6369 3195 8663 2012 6404 994 674 446 3732 5015 6120 2152 4966 5004 3310 6589 3383 6093 3491 6855 9501 9012 8745 8128 2253 8563 2240 9710 7656 2163 7677
85 546 1151 4421 272 38 1428 6105 6903 4506 371 6695 5874 9140 3269 8781 9479 5587 6720 2143 3125 1316 9502 792 3443 4391 863 9645 2484 6172 3454 1110 7425 5578 4295 3140 1767 7776 6169 876 2956 5987 989 971 3556 9395 9823 43 8315 1036 1679 3836 623 4405 3111 1081 2650 4820 1870 8472 5137 666 1962 2154 5007 4688 1523 8169 1147 1266 1475 4086 3424 5297 2155 4571 6192 4127 1796 6237 1553 8878 5185 2089 5120 7880 6049 3059 54 3378 2356 4413 3723 9532 6631 4446 9034 3389 3466 3268 8263 3013 3352 9504 3784 4195 5829 944 5094 2344 4658 2630 3590 5189 2961 4268 1271 2410 4431 1477 3416 5960 737 9396 3171 9699 22 1023 7816 8752 5633 5581 3094 5531 4352 5103 5127 6581 7711 4749 5080 188 1387 5807 5749 4524 7756 5289 197 5043 4763 1480 2085 1720 4076 4170 8452
86 9900 4279 6675 6556 3924 8640 6485 665 351 1680 2875 9587 2300 9103 6155 6224 5391 6125 3680 2446 6722 4321 5871 1459 701 9865 9906 6071 4106 3423 1658 9873 5780 1524 3564 838 1917 3113 3610 1198 5474 8861 2642 8708 3213 4555 5499 4072 3129 6660 8218 6246 6112 5542 6287 9585 1750 2975 3205 2868 3766 6476 6443 7411 8000 8184 1744 6140 9913 6449 4340 2835 9989 8613 1804 9674 1261 9055 6340 5163 8932 2646 961 3428 7376 1645 9535 5209 4937 6998 90 1408 4145 829 8956 9491 1801 215 6745 2228 3489 7541 157 4249 5733 3034 4242 6682 1662 5560 4680 726 1675 519 8544 5653 6478 4125 3830 7102 7975 8542 1211 4993 4598 7608 7810 9547 7731 9128 8860 8963 8839 9384 4188 9724 9999 9438 9451 8399 9367 8799 4472 7507 8334 8010 3881 9588 8851 8409 7404 8394 8048 599 9259 8762 4602 9650 9730 4606 5242
87 9274 9144 8919 8787 9846 8939 8570 8022 8272 7998 7842 7870 7618 8911 7968 9950 8042 8133 8532 7902 7348 7550 6578 3223 7609 3696 5482 7184 4101 5467 3883 8413 6881 5315 7052 3149 3328 5736 3075 4144 6999 3867 5762 7422 3624 5319 5606 5698 3986 2820 2915 3020 6718 3767 3838 6315 7099 5149 2897 6724 6177 5211 7041 6260 5766 3495 6731 6163 5393 6697 2920 6094 6296 3891 3364 6797 5462 5419 6594 6645 6777 6708 6850 6714 5795 3577 6562 6728 3731 5819 6633 2916 9153 7291 2858 4066 7009 3482 3015 6704 6993 5301 7808 3608 8753 2906 5713 3427 8220 9360 4084 9120 7208 8176 9046 9048 7624 9741 9198 7616 8408 9669 7818 7876 8992 9509 8597 8859 9285 9675 7632 9589 8423 7892 9156 8362 9658 9614 9800 9137 6846 8881 8284 7884 8438 9820 9076 9379 9170 9019 5907 9862 3873 3691 3397 8792 3196
88 70 3525 6848 7128 433 765 7044 790 464 6841 1621 6949 3480 6991 3567 1633 1415 7054 216 1390 7036 7083 1512 3422 6954 1539 3504 7105 1591 791 5222 6213 1608 6934 401 803 1016 794 6842 5044 5748 937 6303 473 5492 2465 1282 5706 6702 9164 103 3468 584 1373 532 2434 9466 1041 638 7045 5547 3902 6507 5632 3398 5842 3717 1243 3772
89 6379 6736 8755 4834 2888 5660 5865 7361 7702 6511 1378 9947 8400 5390 1121 3289 3077 9829 9733 65 1906 3638 5783 5763 4429 5811 6519 1334 4971 2191 1443 544 4492 2912 6306 6513 2121 7534 2756 2541 5532 8785 3617 2641 7014 5717 4896 3541 3989 7405 5465 1818 6117 5031 9831 3028 1294 3575 745 5703 9797 6008 342 354 4485 2713 9051 3790 4088 3607 3747 8683 4171 359 648 5346 7180 4735 9258 1678 7600 426 6215 3400 5854 6758 9366 3828 3054 5093 5641 7671 3972 9609 6555 9405 7475 5387 4754 9095 7290 3657 6166 4209 2063 2592 9980 7030 6323 6278 5885 573 6741 8377 5062 5223 7804 7254 4210 7763 9040 861 1382 8199 2474 1286 8646 6647 7946 2180 698 2591 6256 4665 8809 7138 8175 9801 1493 3811 2596 2707 5765 9855 244 47 1444 8126 7824 3609 5244 1527 4979 1914 9987 2939 2350 6693 4840 454 843 6824 2853 8301 169 6407 6583 7241 3355 1792 1462 8935 3597 4146
90 81 4986 8345 8611 9353 9119 8709 8916 9667 9912 2392 9437 9434 4574 9023 9124 9104 9654 7929 8945 3683 1742 6571 1202 7494 2294 2611 5332 1265 6958 4165 6872 2461 165 631 204 7758 482 5989 6525 3699 6515 107 5349 6575 4505 5430 6124 1619 1452 508 3175 5900 7565 823 6082 6648 7033 9015 8759 540 5249 7512 1685 3611 8100 6952 1595 312 6194 2599 5910 7799 4783 1178 1060 6279 1561 5639 4673 5281 4552 7446 8959 315 8285 5901 2827 4710 3910 6661 314 2159 5082 8041 3343 7069 1492 6381 8921 1605 904 9197 2986 5545 2024 4780 5961 2475 1779 230 7218 5226 5495 6727 5425 6038 4650 7453 1783 5520 133 5055 3876 5831 8598 3420 2958 4597 3417 4175 6009 3396 6738 1135 6764 3021 5300 5580 2700 759 6791 7919 7289 4385 8338 9854 6839 6433 3631 4709 7560 5959 2415 3431 4081 3045 4842 2832 3939 12 5065 3019 4878 3243 358 4788 2573 6652 743 1789 5034 7142 1165 2291 432 3406 1449 4702
91 9264 6860 3317 6617 7848 7749 7400 2343 6080 8572 5764 3134 5512 6006 801 1981 2829 3056 2684 5998 5838 1078 7479 1921 9060 201 4254 652 3817 252 908 1734 3666 2438 3966 4098 3598 7037 5561 6319 7151 6127 778 6064 2638 2566 5682 2514 2786 5369 782 3429 4744 2317 2848 2492 7484 4119 4375 3251 2123 4306 7007 7065 1545 5920 7744 7513 4344 4199 5484 7445 3010 219 2855 955 7535 6365 2570 2898 5002 324 2148 1858 4150 8040 9928 3880 3341 7698 1529 3287 200 5292 3017 7015 3386 7614 3144 3692 6373 9311 793 2440 3131 8924 2695 3114 6178 4363 931 3354 775 2847 2298 3490 4247 173 4250 3478 7215 1114 4768 7305 233 2857 1088 6629 7072 3727 3868 3219 4791 5522 553 7465 5225 721 7733 3037 1299 3192 7492 5345 2088 1506 5157 7167 7061 3665 3433 4313 6020 3762 7809 1491 4694 8493 3283 4509 8189 5899 5006 283 1782 6591 677 6343 8445 3563 7549 5845 5801 7619 211 136 187 6013 4013 4802 3348 181 657 9962
92 145 9 1644 9085 71 209 96 7399 7315 4976 6164 5066 6408 9711 5299 6838 7162 7591 9842 9071 8476 2218 4762 6614 988 7734 1180 2383 68 6573 9336 6651 1402 840 7354 1072 5889 1828 5594 7553 1849 7297 3703 4518 8344 6611 1654 1397 7857 7214 9452 4795 8955 1289 9952 2040 9487 1710 8251 2254 5071 9472 7845 1935 1079 7327 6447 8953 5914 1798 6000 2284 5546 1560 2694 2753 9053 1432 194
93 1533 6830 5406 1249 5077 1487 6134 642 6101 6023 3635 5309 3237 4278 4596 5129 360 3062 7915 8732 3980 2562 8240 2276 356 9969 7115 4296 4012 2697 4815 561 5042 4042 4091 8014 6739 439 2015 5926 9215 3089 2924 862 9975 8190 4289 4227 650 2624 134 9169 4930 119 2931 9021 5275 9696 3979 1882 3085 1057 6137 7665 1781 7098 7450 352 8638 6857 8181 5957 6068 7780 1461 1400 8269 8948 2186 1698 9581 8624 1189 11 5882 5418 6165 7813 7944 223 7253 3643 1379 7328 3789 9881 3231 4969 1138 4281 714 1930 6844 3275 5723 1927 2978 1557 1080 3074 9077 4808 1519 2420 6133 4080 9884 987 110 9749 2921 4844 1014 7796 1268 2612 6470 1583 6527 607 6816 718 1765 6045 1093 8033 2542 6985 1020 2083 3487 5291 9995 6275 6500 9780 1416 7408 8712 7480 5212 1925 9462 943 2172 6602 1708 7426 5193 2073 534 8260 4345 3117 7521 1152 3299 2686 4799 5295 7509 2601 7079 3461 2496 2960 2810 2750 2524 5927 2950 9686 1012 4617 6856 4290 5182 3781 5282 6389 7827 4162 8523 6330 5473 9326 5805 6033 2114 6900 5911 6277 8250 7269
94 9896 9622 9610 9924 2322 9852 9078 9394 9117 9938 9868 8981 8488 5414 8118 1943 6868 4771 7615 4009 1877 8591 585 680 1048 2414 6146 1755 3859 6301 1630 3305 3530 3823 7515 9057 9533 7401 2793 1967 4732 7204 3333 5779 8566 8655 2813 9744 7287 2144 1911 2777 7489 3601 8960 2478 7006 1205 6032 5350 3110 3115 3438 9172 6921 1084 4498 8290 5107 2878 3852 7251 5069 639 284 7424 6613 3201 9691 5155 8489 4728 4569 1142 9879 5415 3550 9538 9102 6299 9368 5610 9074 4224 410 5344 7623 2171 7413 8342 4184 7120 8772 5402 1412 7427 4083 511 9475 9229 3006 8429 5809 9920 2516 1141 1221 160 3988 6532 5123 6255 4198 6211 1668 6216 372 5081 3724 2464 9552 5014 3325 4140 4449 7357 2895 1623 2084 5939 1419 176 4139 6567 5116 9409 837 1042 4432 590 8470 6349 8161 982 3995 5352 6588 5196 3636 9935 8390 7717 5742 6880 1568 8835 3211 5072 4179 8711 3938 7882 6908 1029 3992 5574 6027 691 3606 9756 5213 7153 1727 8600 2100 2454 5731 2477 2737 802 2047 651 6263 6493 3437 9324 1396 6039 7585 7403 7127 3382 1964 227 6902 1409 4972 4047 3621
95 9695 6300 212 1358 7129 9293 6122 5403 4779 3595 2561 8553 1989 6553 4662 2696 673 1905 3148 5619 3661 4523 7525 3281 7583 2779 1105 7722 8268 5816 1565 6086 8628 5205 2635 1757 1994 5804 1642 2512 1569 335 5511 7655 8320 8719 6535 1393 5916 6396 1709 6773 5294 8074 3840 8354 6359 1892 4604 4090 9951 2629 6843 4186 5452 5659 8109 3471 6996 6564 6416 8545 9070 455 5063 8166 7890 6190 4873 5296 9073 5515 2934 1275 5373 6875 4977 9412 1381 913 3508 1537 3405 5233 8360 4614 766 4356 2093 8062 4280 6888 5384 7272 5252 1096 5027 5227 6015 5708 6854 3872 7300 3534 8307 4045 5424 6412 7798 6295 5215 2730 2494 5481 5992 5235 7462 2632 6811 1659 4299 2874 8843 688 6151 5750 659 5718 6565 1735 6885 3012 6446 8910 7703 2145 2880 2767 9890 123 2067 8432 3226 8905 4028 781 6566 7134 5890 5151 4255 685 5187 3379 1044 2967 5200 1854 2971 9406 977 8580 2685 5310 8508 5385 551 4304 6414 369 5030 1881 7086 3152 8830 4176 3797 6448 4558 8154 4900 7580 3095 7787 7094 5327 5571 416 9966 4087 1693 8274 6046 8704 5689 2137 5404 2849 2984 4477 7551 8912 6019 2299 8782 3814
96 9468 529 7544 526 2375 8645 7201 3003 7160 2241 402 804 6208 9498 2763 566 3133 8391 1106 5846 7339 9964 6288 1456 9830 5599 6153 7836 805 7382 7540 357 8049 310 6047 9455 4916 5789 8789 4928 3116 2536 5767 6592 3288 9373 3642 2886 7374 4825 9789 3753 3261 9147 2693 3426 2460 6442 563 3982 5665 6829 8529 8931 3940 5440 7812 7985 2992 6814 9917 1398 606 2348 7170 616 8899 2637 1427 3514 158 2274 4921 5567 1405 7511 9825 3967 2866 9613 2352 5857 9771 6887 3536 6939 5971 2245 1706 1739 2742 4649 7157 6911 6986 9149 7797 4715 5051 6159 1725 3120 6491 5981 4865 3024 8682 8304 3185 7972 7766 3049 7641 5475 8317 7900 7159 2802 7192 1683 7431 7669 4006 2814 9191 7410 6551 7917 7683 1616 6510 8229 4699 5649 6692 2270 5420 3109 88 1077 7326 3151 6796 3172 3356 2812 5943 556 8152 3002 6874 9627 9893 1140 1171 9441 3748 3307 7910 3293 6129 5725 5260 4899 5844 6922 8784 4800 2259 9599 9108 7158 93 8415 6927 6383 5647 5830 3737 327 6467 3294 8059 8952 3959 7710 6590 1551 9739 8642 9683
97 8996 8030 2547 8006 3528 2170 8223 6477 5917 5997 457 2181 6852 3395 8289 4640 4257 4398 3820 148 6712 8136 6374 178 898 7250 9853 1504 3554 6938 2579 7707 2896 3501 8242 5640 3314 8609 9292 8333 7322 155 6989 7352 5828 964 7662 6951 4876 6290 8564 8300 1554 2683 1007 7988 728 2661 2937 9521 4891 8372 7040 6940 7299 3157 3570 3884 2881 697 8844 9364 1338 4497 5974 1321 4634 5825 6184 2195 3351 6432 5084 1598 4393 8778 6116 627 5207 7205 1741 8080 2628 4578 51 8872 4736 9849 824 499 1328 9443 2871 4879 6744 5079 6895 4095 3667 6280 6034 757 9184 8125 7570 6778 2965 3761 3970 1666 3177 4034 5692 2125 5269 2548 2681 4992 9291 7283 7603 4681 1099 6593 8869 7990 1399 5514 4164 2396 4000 44 859 6425 2380 5651 705 1204 3052 9706 8090 4811 9576 2953 3106 348 3093 288 8287 3858 4733 8896 2720 9745 1208 8075 8942 7678 4893 1514 2511 4220 8411 5972 4567 3709 2387 8966 6863 6913 1546 708 6309 5247 3463 6028 7104 7046 6486 7914 2698 729 9534 2743 6179 7693 6413 2741 608 4457 5020 4316 6265 1155 3399 4730 8943 1356 9182 4302 490 4517 9300 3105 5988 5529 4980 3033 118 8351 6220 7802 7119 9722 5954 2785 8170 19 321 5985 4824 2043 5930 5530 2442 8417 6235 34 8145 5648 3363 1689 6955 2927 2722 4178 9615 7035
98 8453 1351 7336 7278 4610 7538 9397 8957 6548 3998 77 8837 5953 527 1912 4499 5105 5479 6624 137 4212 6526 2273 9121 2469 3209 9141 6230 3927 9393 3493 2609 1993 2556 5627 7592 9781 7147 1333 7574 5288 7695 1195 8185 293 5171 7807 2807 91 3818 3844 2841 975 5597 4642 5753 910 5707 7034 574 4592 4670 2216 4323 203 6424 5944 6836 7029 5921 6036 6375 3182 2160 5892 7948 7032 423 3586 6767 9250 1216 1471 143 3758 7858 4721 1887 6317 3520 7861 8660 2174 4273 5923 7686 6104 6242 7526 1350 7536 2634 8436 3218 3083 3465 1063 1786 5947 1578 5097 950 2537 1000 8435 1764 8103 9216 2909 443 7925 190 6678 4463 5781 6186 5456 2406 8366 3672 4607 7622 626 3060 3533 7174 8262 1810 4917 7685 6642 3082 4784 8480 9445 4943 80 9296 1312 5239 9760 6471 1479 5996 3895 468 6361 8037 4903 3707 7369 1295 9448 8714 3469 6075 8502 9564 3206 5793 2932 8721 5727 2969 5398 2534 2379 5367 9428 8426 7243 5204 1325 8016 8450 8302 1880 676 7111 7288 9837 1100 5090 8656 4133 9958 1731 214 1263 6685 4291 207 2371 3253 1062 3146 9965 1942 1649 3573 7101 2092 6444 7941 3470 3009 522 653 9338 1593 1730 1898 2991 3181 3036 6276 4883 73 6690 8144 3977 1696 241 6809 9571 7186 5883 8340 2654 5752 1814 2981 600 8089 8433 2708 4002 8862 9974 5501 7463 9313 9765 7420 8202 8293 4772 4507 5374 7332 8067 8404 7953 2944 3058 6337 8615 9325 8648 8471 1453 7965 583 4430 7725 892 2872 5881 1035 2501 8437
99 1511 9860 8157 4731 5671 1496 2963 3051 6154 9444 4631 1670 408 1445 9014 8612 7593 5770 6740 8495 5936 6109 8561 7103 2821 7805 2424 4948 8188 4471 7189 736 4137 9196 5791 7838 1086 9220 87 412 4913 1740 9689 9858 7599 4454 7051 4468 4814 9470 9284 6162 1738 5528 8376 3197 7143 8767 6294 4887 7781 225 5000 6119 6703 748 9795 5551 9666 8670 7368 1931 850 3651 873 999 9786 4612 1663 2980 3440 6135 2336 31 5563 6893 7959 9665 5453 9492 4019 8780 5803 1262 5565 4112 3775 5908 5577 2828 5388 7471 6812 8855 8760 9449 9705 6176 8410 4070 2740 4409 6810 5102 1759 5909 6950 9520 6506 167 629 3298 2199 9692 2993 2146 6621 9245 2462 4035 9657 2951 2721 9703 1090 9309 9697 6282 1305 1950 6761 8590 4370 8178 4515 3648 1307 4676 5266 6679 9925 3714 3969 7546 1582 5351 6544 6402 7853 2659 4713 3922 3993 8231 9815 5843 5326 6111 7510 5305 8500 4104 5940 5891 7866 6504 9289 6845 1177 647 4308 4812 4683 6144 4690 6348 8808 3788 4961 6103 8947 1460 6623 1743 9929 7567 1235 4474 4026 6457 9319 2682 2277 9656 4718 1518 601 7198 2285 9064 5148 2358 2401 8331 4105 234 8673 3228 1033 6147 8252 5904 56 6391 2987 9287 6274 7967 5436 9288 5509 2246 329 8636 2518 1343 2149 9973 4252 4331 4311 8332 8917 3991 6828 2515 800 5558 8731 5454 5870 5483 8162 684 1279 6451 4781 8806 4906 1788 2582 3689 4738 8 2289 2559 9779 6016 9425 7647 6501 6664 9718 8421 6906 7557 562 7697 6632 2970 4136 7765 6530 2867 751 9244 8069 6901 9246 4962 5508 6113 1857 1864 770 1534 976 7864 6434 1770 3548 1051 9671 9096 2279 9080 9423 9210 2519 7983 1170 5643 2525 8434 2038 6289 985 9252 1497 6847 6666 9661 6576 547 2563 7409 4625 6612 3335 9580 9222 1541 9769 9676 42 6072 1638 6924 5827 5099 346 8191 8870 4695 6245 9851 6813 8384 4785 6907 7588 5955 4938 1503 3599 2022 2297 4366 4581 3065 9297 8560
