100
0 5803 8213 7154 7244 3137 3752 4848 215 7972 214 9023 4704 6909 3160 6262 3324 9731 301 9796 5214 7023 6582 373 7928 1311 6538 7233 4934 217 2726 5449 9366 1742 4949 5495 2425 1043 7554 295 9212 9051 3547 400 3443 980 9941 991 4407 5554 1620 6363 5359 9918 6044 160 269 4609 2970 4925 7005 6756 9997 2867 5784 7837 8158 5028 1924 8006 5243 9491 6970 5791 1032 1068 1600 4633 2816 7414 5683 9903 3763 1717 9112 5843 4492 340 6740 3287 751 1052 7594 9499 4955 1714 5954 6721 6454 515 7344 31
1 9022 8238 6680 1706 1194 236 3092 6966 6159 4981 792 8124 7100 7317 6636 9766 3718 7116 717 1209 8524 2366 3433 6840 705 5021 6775 7231 3754 5004 1674 1969 3727 2283 4383 3395 425 4816 5633 5220 4562 3340 9573 3011 2190 8127 1125 4994 1957 4351 1278 5981 8908 1981 9328 3064 2951 9468 2403 6299 2396 2152 9555 3258 3624 9898 9812 3930 8827 1487 6273 2439 2134 6255 9096 454 6464 7917 5324 2437 2933 8137 8208 6927 8550 3165 9897 3094 407 591 1053 6204 1218 7790 1227 1317 6750 6644 2894 8 3599
2 9352 5589 1433 5595 7139 952 5396 7118 7716 7326 190 2231 7204 5951 1822 8638 4959 977 4262 7568 7012 9040 3917 8890 8815 465 3875 122 7796 2328 9881 3738 903 582 1738 8800 7482 8905 9397 1638 1722 7998 6356 2404 5871 3587 6843 1084 1382 7638 7471 3986 7166 937 8877 1622 4056 946 2634 9406 3258 3127 6804 2935 2371 412 1438 7123 9993 4837 7453 9516 846 6710 767 3599 4281 6534 5078 184 2464 4362 15 129 5291 3029 4394 5881 8547 9192 7484 4297 6827 680 6654 3126 1021 6032 8294 974 7835 3865 8493 3568 2413 5303 1079 4099 2590
3 9902 4700 4702 6513 5225 6137 338 9094 3373 8611 8583 1607 9589 6361 8562 8472 9969 6447 686 4230 2474 3667 9791 5921 3032 7637 6450 1332 5973 3753 5345 9547 27 472 4159 3791 5644 6173 4802 1637 8923 1636 1220 5200 859 7471 1038 6278 390 8057 3307 7621 9461 6689 6833 9892 8352 4256 4913 4677 533 4467 4543 2310 901 5483 2425 5159 1973 6958 6402 6868 7569 9610 2549 6022 2623 5056 9682 7346 9514 3353 7314 6808 5192 6424 5702 2497 6815 1795 3183 8089 5391 3899 8968 4524 7343 9446 8108 4653 7366 5194 1376 2770 3597 8386 9266 5630 7158
4 6815 6206 7114 1172 1445 9632 5504 2032 4087 5510 1341 1960 7425 9353 2295 9404 5536 4979 6679 2515 5354 5045 1421 720 8246 5521 3573 5992 3621 2976 438 7814 7890 2323 236 4946 7919 8479 1191 8728 6456 7767 7021 8509 3301 8201 3049 4426 3920 8710 3601 4070 35 5783 9426 395 4677 7856 2674 2478 6302 7557 3213 2421 5077 4176 2273 9687 1156 113 9411 8948 8668 2861 1720 3282 6429 1024 7122 8076 8909 9196 3995 3109 8822 9225 826 1184 4693 5622 1446 9821 8811 6761 928 6628 1914 7416
5 8174 338 1062 4204 8114 7020 1526 6778 7205 6282 4914 3306 4214 4494 7970 4466 2020 6819 6626 5113 7909 1304 9270 7392 2021 5705 9208 2852 5798 7394 1692 9428 1792 6919 8415 6096 5909 185 7990 2538 2571 6645 7688 5589 6223 6918 9260 460 8325 1739 7276 7113 5894 477 1260 1050 8086 71 6759 4531 8750 8103 3249 9365 5838 3874 2842 7816 8619 2553 6675 7286 7140 4345 8828 3033 7387 7926 8035 1535 766 9427 9890 9047 2430 7413 8802 9601 7784 5735 5243 4498 8869 2128 6345 5939 7983
6 5959 7017 5766 7254 5151 1772 8845 4523 7106 6568 3863 5267 4847 424 9635 5216 5100 5910 9790 6423 7732 2388 9391 2082 9917 6514 9996 2729 9401 7567 3914 3074 340 3631 7490 8452 5458 4946 3363 926 6863 2440 3516 2363 4272 5427 1554 4948 1751 507 5506 2024 7894 3052 6246 5274 8522 8913 297 2168 2525 5504 6445 4181 1694 6283 6962 4930 6331 5269 8498 7761 7829 8288 4597 1235 6961 9451 2838 4625 2222 9198 6385 9661 3391 6400 138 4003 2214 5412 8742 9469 1026 7845 1167 9950 3655 9722 7669 3214 1356 1199 3973 3988 5795 6205
7 4819 2267 506 2015 5997 2342 7786 4295 1889 1204 955 22 2857 7499 3686 2228 4018 2592 637 9088 5752 2800 7864 2225 5664 7945 5671 4106 58 4272 295 8536 7650 9159 8646 766 8181 4896 5786 1702 450 3975 9318 9870 4848 3710 6456 7407 2207 2161 3987 9944 4013 1403 6920 4897 3265 5649 9771 301 1593 5213 7678 143 3903 8370 1223 3862 4815 1664 3157 975 3313 6161 8169 44 6685 3654 8496 405 8865 5815 4318 3562 7425 6002 510 8122 6727 9249 3386 6425 4571 4622 6150 2563 6055 7846 5842 9629 6334 9756 442 4570 1422 7762 3253 4782 8352 1171 1290 4112
8 2119 5073 5823 3416 5573 9037 9395 8371 2507 2906 1488 1847 4164 9970 2203 5545 3179 3511 921 2545 6279 5931 917 646 3121 8449 8557 1388 2564 3593 9651 9497 1254 1665 1932 2970 3216 6693 7873 4350 7027 8187 1305 2936 5037 1048 8204 1203 6537 5439 3957 5957 3727 3264 3935 4442 827 8988 4685 7347 4406 8199 9528 6416 679 5209 5723 6210 9374 5923 3782 2295 7557 3622 2788 2542 8572 2299 5232 8357 321 6364 2568 9692 1158 1235 305 8760 6343 457 2871 1684 9717 6543 3607 1001 1578 7321 7098 7033 1800 759 6268 8412 1546 9791
9 611 8277 7466 4912 7205 1307 7166 5776 9694 2270 5105 1996 6498 1176 1354 7360 6067 9391 1859 199 6743 985 6368 478 3085 7413 6847 6461 651 7579 60 8849 1656 7492 5944 9136 2182 5948 2104 1059 7908 5914 3619 7549 9539 8180 240 2958 3838 9413 6421 790 1917 6518 8962 2728 6045 3975 5318 4853 5446 2990 2492 7314 3375 1015 485 3468 3963 5269 4611 5452 835 1369 2310 1025 8959 5087 1589 6985 866 9458 9812 1144 6433 5987 6024 8745 4750 8040 3179 5680 506 8379 9362 2136 9562 2978 2748 5400 9261 6469 1801 5479 9252
10 5799 3782 4754 9714 840 2322 4355 9283 2380 1332 2252 530 6359 2816 6095 979 8618 2120 8386 9458 805 2081 5822 975 1454 2684 5736 1349 1352 6400 2248 755 456 4246 972 1551 7860 2725 1792 7650 5789 9644 9357 2324 8920 8263 7634 4702 2974 9575 476 1633 3511 9017 8265 9237 6286 6990 7190 1783 5070 467 9208 9272 3531 5345 3143 4065 5737 4064 6487 6549 8840 1932 5661 4409 7061 7400 4245 4900 6940 9946 6997 5819 2172 3366 7317 9578 6194 9352 8088 6436 7544 3415 6863 6316 2991 9716 249 1796 6809 5965 3439 8279 370 7033 4781
11 3407 6877 8096 4702 6085 653 7948 5422 89 4757 6100 1165 5334 6493 7912 1324 8614 7320 9335 8508 5276 6603 6694 5809 4744 6862 9209 3521 6156 7329 104 2736 6038 4616 6081 6321 4764 471 1347 9349 1988 6160 6544 4223 2900 6935 1662 3471 8518 34 6236 6263 5288 3087 8023 1000 6328 1235 6979 9830 9970 7175 6570 437 9581 8359 3109 8209 7351 3274 1038 6903 1849 7794 9004 3740 1385 3512 1186 2276 9292 9595 4610 5965 363 9304 5191 9394 2575 2234 6508 1352 2905 9553 8512 5942 5934
12 3341 1963 4146 3267 3324 7527 597 8311 6800 5458 1972 4776 7191 9060 9572 9782 2380 8678 4370 5627 262 7368 3303 2378 6745 2933 8112 895 9638 7227 81 1332 7002 373 6706 4012 7839 1060 6268 9082 5731 1888 8198 6363 5237 216 7257 7992 2725 4611 4834 1564 8106 6062 3221 1995 1924 7446 2410 6635 9291 889 7628 6557 2932 786 8223 527 3296 5996 6601 1659 9023 1748 3162 628 3376 3295 8531 659 5396 4011 2973 767 5212 4554 1485 4716 8154 8270 9706 7374 2513 3080 8612
13 3832 1316 8163 6681 5919 5271 1261 3488 3294 5193 3916 7077 7244 6972 4785 6820 3943 3507 6118 8980 4862 7311 3432 7039 5083 969 4350 7818 5269 8983 3714 4381 3645 4623 4671 8358 7079 8414 1578 3240 7041 8513 8175 7819 1015 4328 5219 379 7474 6071 6715 5109 9848 6576 405 2436 7357 2386 7266 1441 4370 1093 3422 288 1811 3715 3103 9724 6099 935 2557 3163 7904 1426 3447 4928 2560 7243 5647 9684 6116 8612 2983 8895 4848 11 9410 4105 2997 9213 4939 4428 6574 1645 2881 7306 6032 5343 480 9588 512 8158 747 9210 2944 9958
14 8174 7149 6403 9819 5730 1792 6024 5047 2519 9691 8611 3830 7271 3580 638 1722 9375 5082 3590 8205 8707 6808 1710 2750 7176 5410 9805 1560 7714 6928 6714 617 5804 682 9209 1747 2052 7794 7755 8289 8701 8681 4556 8606 514 2477 2217 6806 7257 7220 537 197 9549 875 7102 7355 3097 4370 1387 8060 4755 9454 6857 1614 1179 848 3966 878 5245 6294 8485 6967 3892 3538 1605 3435 4888 5154 5044 7881 4216 5794 311 5778 3988 2299 5142 7337 4276 8988 4663 6200 2330 499 5226 614 9479 312 9608 7277 935 898 445 5670 1995
15 3053 678 6899 8040 5685 3871 9461 6244 7840 2778 8425 6465 4326 1205 4422 5703 9189 1196 5050 8746 5507 5019 5296 9869 3209 3766 1483 6711 1442 9242 4867 5701 8173 9226 8133 3771 3106 2463 9960 100 8580 5868 5337 1289 9477 899 4239 6706 3959 2766 7484 7211 1243 1045 824 6772 6404 5346 2095 3217 1454 8547 6946 580 8543 1126 8827 1756 7863 7106 1101 6374 3383 6306 4693 1961 6038 2550 9486 7911 4858 7224 1562 1267 9527 173 7593 4606 9463 1383 6387 1860 9656 8900 5438 339 8049
16 2575 3806 7878 2916 9611 7078 4254 2248 8678 7990 9811 4060 6999 8658 1347 4036 9559 9654 6705 1451 4544 5973 9238 4634 1891 3752 8820 8928 8746 2887 5948 748 746 1148 263 974 8172 6992 971 1237 4428 4219 6317 8183 4084 7932 4782 503 7270 8958 5661 9984 1374 4117 873 514 8918 5463 2609 8737 6480 3248 182 1998 6356 5503 5926 9481 9600 4230 8327 6922 4296 3813 2591 4020 8447 718 5954 6348 6495 5452 2020 4557 4096 9376 9826 6309 6203 945 5218 9569 6490 9447 4745 2138 455
17 6199 95 5907 6642 648 5223 8879 8187 5804 7843 4846 5829 6067 8706 8298 2253 9551 7191 3741 3559 2858 1527 8641 1722 5329 4416 7264 141 6344 3490 4900 3065 1187 2721 606 8483 8289 5676 4482 5115 9101 1203 7441 2180 1452 433 2653 6520 1279 7566 3145 710 7214 7207 5965 6932 9368 8419 3042 1161 6163 7473 7540 7761 4349 5232 8236 9109 8454 7966 8458 7701 6063 7050 6227 4227 2484 2182 6317 5430 7649 7842 8437 9888 2275 3854 6488 5971 2250 6818 6842 3466 9930 5978 4528 3635 8839 9917 8444 300 4475 7662 4290 6087 5539 1708 2354 591 7849 2605 8969 6907
18 1423 9123 6531 6603 7072 639 104 7074 6410 5945 9128 7966 1708 4366 9970 9700 2939 5910 3067 3370 5896 7938 8785 8530 6556 1561 600 4622 8664 4798 9182 1109 3825 1924 7019 9330 5712 5831 9543 6509 7792 8132 7816 7616 6396 8160 8535 1905 6765 3793 3647 9962 5546 1908 5853 9228 5263 5624 7201 5996 3145 154 2649 6127 1652 4038 950 6709 96 661 3426 3064 8306 3202 3001 637 9439 1785 156 7902 9957 853 1559 4834 4208 2317 5964 2466 4825 9202 5363 620 7204 2454 8272 3918 5597 7278 7977 2258 7547 932 5157 2842 6617 1545 3528
19 2858 2231 885 2916 656 7000 2252 1569 1638 6980 1159 3374 6520 6749 4540 8144 2915 1635 5384 4388 773 1581 983 8760 7327 9962 7107 1334 8523 5839 4414 8838 8255 5615 8657 5733 9395 8990 9591 2258 7391 3905 435 3456 4377 408 85 3833 8916 6858 4725 3143 3514 3087 5466 2175 4337 4880 9919 9910 6717 8519 1861 9631 3900 8796 4667 2732 9360 3608 8795 5118 2614 3606 515 2427 3808 7652 2829 1237 9790 4347 8887 6204 324 1441 3348 8449 7207 9215 8864 8057 4176 3922 8500
20 2233 1277 1159 2471 4895 4175 420 157 9172 8910 2986 6497 5087 8152 1403 1903 210 8352 7670 5044 6160 3396 8298 9977 4200 6608 5825 916 8934 3349 5325 7556 5072 5794 2547 8829 1294 6946 6223 6076 6182 8599 7387 1843 3728 4771 2584 5101 7162 6297 5700 1974 7961 7344 9161 4813 4598 1635 5386 5466 6725 5426 225 6871 4068 7342 5902 2015 6348 9171 6084 5197 4249 4225 1304 1911 1557 1245 7853 5022 5324 7794 381 8551 7762 2427 3170 3241 8685 4844 1613 3058 9289 8621 1984 1770 9087 9979 3366 8552 5468 9298 3164 8772 3714 2186
21 2891 6179 4135 4166 4123 8938 499 6392 755 7000 7865 5179 7196 4287 8361 3137 3 6137 5046 8790 7329 9781 7321 2500 3548 7137 7851 7167 9525 8846 554 4710 5250 1209 6670 5146 8907 113 1874 1681 1714 6896 8405 1150 9498 8791 4563 6705 9162 2177 9342 3631 4161 5895 1937 9366 818 6045 705 2307 925 252 2814 7483 4334 6067 4869 4993 9221 3069 3814 2905 6912 9334 5888 9534 1631 4964 7299 9512 6455 2077 2656 1078 9024 9812 5099 9283 3786 801 1485 69 5881 2699 1445 1327 143 7616 8408 1664 5204 5591 6126 3781
22 5114 4729 9167 4197 1919 9109 8008 8267 3469 7046 1893 4889 3655 7287 9414 7035 1937 9299 2031 225 2773 9051 205 4550 2775 1302 5803 6352 1644 4920 8435 6953 9114 8974 676 9434 567 6986 2336 9170 5242 7522 7563 8175 904 819 2104 9029 5689 5889 5921 899 182 2318 7393 3810 5890 5171 7381 6479 5374 6904 6097 8481 7399 2028 8371 1112 5051 8801 5806 7998 5294 1462 5132 1557 5886 6120 4933 8259 116 9044 4477 5789 8263 5341 2087 886 2859 851 4421 6865 3899 9016 8288 2917 2921 4879 1175 6791 6845 4267 6950
23 5925 5044 4723 83 3367 4597 678 3572 9905 7334 4395 7491 665 8372 9320 9034 2146 6718 2529 1009 894 70 3127 5455 6227 236 1493 9007 6081 882 7703 1167 3954 6140 5597 7870 1364 1349 1087 1071 3470 1467 4922 8251 7474 7939 7057 5360 5931 3447 8000 1042 5385 5093 9797 177 577 5884 1790 5776 9657 9836 1389 866 2333 7273 8935 9341 410 2807 6119 7673 2823 5397 4508 3429 6977 6712 6700 2545 4247 8261 5871 4563 2151 6688 5910 5133 9252 2692 7364 8092 7238 2608 442 2797 2447 6461 2221
24 5395 9926 4367 4290 7768 3463 2047 7759 5747 8735 2482 7165 7559 6381 4836 8837 946 5033 5671 6951 2622 8622 9577 2780 2644 437 2757 7108 9097 8109 6668 6198 1821 3151 2983 2559 6233 9544 3992 1116 3628 332 2574 6944 8241 8870 3146 7141 5981 432 5283 9471 558 4815 3269 1568 1901 1323 6418 2032 6503 9964 7861 7778 4121 2704 2174 6145 329 5628 9074 6544 7352 7607 5065 5176 9929 3938 2071 5991 9215 9036 3612 9063 4193 5240 1367 2278 7228 2762 2917 3017 9196 1919 9758 8727 1056 6723 2585 268 3929 908 2263 1430 4191 9055 4137 562
25 9066 5596 2465 1028 9293 2660 2335 4928 3925 9297 6313 9090 603 1909 7405 5307 8461 7575 9037 6029 1522 3079 7477 8172 5587 15 6925 252 8747 6767 2924 5090 8553 2345 500 6349 9603 5233 8481 7337 4639 774 8280 9849 4213 2348 6666 7542 6063 8802 1961 5552 9103 7720 6248 3773 306 4125 689 1465 5608 4718 455 5422 997 2668 4248 1165 4528 494 9323 1887 2655 3301 3844 6083 9406 2070 7073 8815 5870 2884 3049 1647 4408 6744 6886 6276 5530 2795 3294 772 4007 9961 4291 6348
26 7487 7589 4060 5522 4588 4116 2144 9952 4481 3463 8254 4075 2424 8259 8892 7124 1237 7011 8158 516 2795 3491 4382 8157 8461 4914 3657 2536 8125 3902 8289 2556 2482 3817 3468 7474 2324 4544 1919 8886 2770 494 1733 4861 6628 532 6968 1286 9722 3494 9687 8226 6416 2293 4228 8608 9356 4235 2115 4890 6694 1856 8493 8315 1109 7352 3344 7162 3410 3570 7650 8098 3863 3707 4018 6621 5091 9499 362 8144 3228 6412 8385 123 4441 2156 6194 3954 8869 2634 821 748 3408 345 9425 878 2442 4186
27 3502 8395 2341 1075 7921 553 6088 7889 2211 3899 9654 3813 3397 1295 4818 1836 1809 6386 7022 7429 941 1998 2820 4702 4632 9033 6483 7885 7146 9999 3434 5560 1170 4592 5715 1367 8793 2656 3329 3944 148 6633 8061 1137 9899 4476 7442 5217 6089 2790 803 3065 3818 1881 3804 2628 7790 4608 3708 1029 9321 8828 6240 8808 2985 798 1053 2437 4887 7009 7236 9796 2553 318 2204 2600 8343 694 4177 4110 5576 1369 7838 2306 3253 9133 11 7998 1766 4570 7903 2061 6636 5481 4254 1508 9101 9213 1612 5807 6928 4630 1607
28 5793 6162 7960 6077 3135 3288 4324 471 8109 4331 4827 7767 1609 7601 6622 1608 4041 5387 2828 1338 2296 181 9082 5884 4885 2420 9068 111 7276 4170 2146 7409 800 2622 6133 188 5331 6375 1930 9219 8793 2873 3121 7170 4856 3539 1993 6705 1224 3150 2582 3314 8958 2797 2658 3493 9817 4845 9604 8137 5869 7726 6588 7272 6329 7166 3409 2108 9550 8775 4019 4240 873 9485 210 219 4635 7532 2548 6431 8975 4682 5114 7912 3090 9359 3407 5265 1974 2305 3295 4666 1999 9061 8780 3663 1397 1418 6864 9479 2374 7869 783 5592 3963 5519 3980
29 1685 2813 3595 7665 1172 4656 9471 7305 2036 521 8344 6868 4994 2181 7928 5328 8646 9161 3615 977 2704 7541 5133 686 2545 4815 6988 9921 1890 1317 8580 3032 3198 1678 7581 2184 9945 5688 8629 462 3248 5457 2174 22 3701 1603 9095 244 6730 4613 5981 7916 6238 9922 7442 5451 8555 3149 2831 9349 8136 5107 2 1473 6119 1248 2776 9489 5177 6869 4060 3519 7826 1262 5317 1871 4472 1632 8046 2942 7760 5577 2461 2324 9853 4628 9400 5775 5957 7348 7528 4342 5181 1090 3177 8201 9137 30 1762 770
30 7315 6577 9759 7189 8273 9637 1819 2127 2399 9308 3984 6209 524 3412 1431 7634 9150 3547 648 2392 7373 7913 9074 53 4619 4307 6184 1848 4651 7184 6149 2761 2175 8293 4609 4162 4324 2202 2318 8689 428 7274 3084 3027 5072 8597 4579 8589 5426 339 4942 1146 3467 1542 7293 233 4978 3395 9166 9825 9396 8162 3502 1893 2958 2018 7201 3809 6644 2430 4521 7814 9645 3552 1294 3716 5632 6652 1913 8784 1728 2928 3613 6068 6787 9574 8197 6586 1996 371 3439 5458 4431 729 1210 30 367 2300 104 330 1666
31 4088 5894 9796 3717 9968 5687 2687 2810 4156 241 2336 6818 2954 2575 1335 8414 4066 6971 1063 3795 2934 3433 6387 2679 6206 1686 6345 1454 9609 5955 6222 8823 9992 6330 1507 8330 6115 3453 4711 2027 3201 4959 2289 6854 367 6920 6619 6067 7355 4401 9510 6516 9617 4836 3753 6232 1709 6084 1591 3132 2107 8209 5130 927 6401 3541 6895 4541 1170 2104 9179 3326 6873 3192 6431 7129 2097 4280 2814 1782 6732 3059 7197 1327 7138 3612 2521 5591 4268 9801 9375 3472 662 6157 79 4555 2366 3534 4683
32 9437 7014 5180 4721 3972 6278 7840 9573 1834 5972 7675 8817 9452 2297 8594 1598 1784 9090 8552 1323 8833 3983 3770 2439 4913 5774 1300 2536 6006 382 2681 2241 9109 1157 6155 5467 2981 3057 7335 272 7316 160 5129 6756 2383 8842 6782 2476 9050 4371 2711 6837 7719 7146 5306 2717 4695 7341 2966 4801 4648 1244 9299 500 1190 8113 1723 2377 7637 6876 3573 2885 1265 7112 4197 1708 6265 9757 2865 462 7764 6617 9870 3260 1507 5949 2166 8937 7169 7403 2363 8136 4468 1352 1355 6004 9933 1846 537 1199 2782 2875 9686 1585
33 8062 9594 255 5612 4178 4577 3696 258 6210 4277 8768 3088 7960 8686 1631 1141 8260 6954 8066 9923 3929 8999 6684 4915 4452 6808 9487 7267 652 9288 1282 1595 670 3897 1154 1990 8994 7501 6336 169 3902 3971 1125 5470 8751 7881 7944 5318 6906 3439 4094 8661 1857 2523 5841 2900 2033 3693 3417 6004 9249 1978 4664 1132 5803 688 7429 3818 9075 6008 5500 6433 875 1609 5636 7431 3728 9432 6612 5230 7153 3842 1431 4012 6576 2980 3382 2053 2378 1025 9194 9169 8667 3071 4043 6563 5398 4857 9284
34 5750 6705 2775 136 6383 9009 8956 7568 6208 3696 241 9292 6944 448 9751 665 6888 8097 7041 160 7435 2218 523 6353 1014 6767 8949 7789 2658 8735 5811 3820 9913 3444 921 80 305 3829 4983 6090 3559 789 9367 684 7327 7839 4275 8406 2429 4709 5243 3965 2389 8478 9192 9394 5318 9772 570 9977 5521 9282 1193 6462 5247 9801 4862 2674 2239 4977 2003 5094 2594 5187 6675 8555 7373 8620 3902 3990 3970 1641 6131 2772 4630 9272 1582 2773 8638 4806 1220 10 9437 9740 4428 422 7400 9602 8315 7873 6896 3770 6867 8544 8561 5447 717
35 6162 7875 8105 576 9390 1248 9648 1454 590 9926 3055 9137 7565 5730 4560 2176 6360 8248 928 1925 4499 2235 3473 3373 1670 52 6685 6570 2106 8778 4180 5918 4050 2431 5627 9660 210 6721 6061 6534 151 1367 2407 4488 652 9024 5038 4189 8065 2567 4624 2757 6176 3789 2970 5688 7828 2911 8427 2991 2622 7119 232 2559 924 7728 7902 1666 5598 1928 3294 9198 9564 625 4655 270 9806 4912 2445 7880 109 6444 2584 1591 8331 6065 5326 5415 1094 889 6882 7383 4730 8669 9169 398 5237 6683 1166 8728 5554 6879 7830 1172 2098
36 6948 6559 9543 8188 3220 735 5704 6934 1179 9777 6810 9320 1571 8775 167 8672 1667 6815 1316 3556 73 2310 1721 6754 1140 6499 3724 4322 7648 2495 2569 9192 2317 153 539 7677 4256 9098 1998 4899 9622 3348 288 3516 6108 1968 137 5075 9542 2061 3601 8886 7111 3939 7883 5960 9641 8797 8083 1430 1636 5926 4090 4792 2197 6148 5017 5040 4029 5475 1336 7996 1176 3712 2417 8723 1470 4210 135 2311 7167 7680 3916 3246 5247 992 7847 7623 1832 5050 2170 449 3047 8911 3125 1963 5574 9329 8726 5164 5520 6163 9482 2865 3457 7105 2562 8086 91 1329 5927
37 2280 7648 2282 4214 6727 1399 9558 6879 9686 5287 6069 414 7305 6803 1563 7556 520 7075 1908 4014 3422 9920 4838 6594 2169 9175 4317 2743 6564 32 6608 8297 7315 9058 6531 4584 8365 5962 5456 7281 5086 6379 4235 3670 8373 2075 1318 2609 4290 3790 7436 4811 6136 921 3639 5483 2352 3516 7369 4071 998 5216 9451 5865 4780 8363 541 5919 4613 9538 3920 2855 4258 988 5630 5582 5373 1914 2712 4999 2729 7653 8158 1269 6133 9741 7757 2208 15 7357 4956 842 6485 6152 4279 4416 1102 8898 6813
38 2650 4367 759 1465 9150 7731 2163 3066 5563 2086 7855 6316 6446 2378 3187 8151 1939 1255 4195 3631 987 1320 508 8355 4397 3948 9950 9479 8290 679 7132 1132 3244 6979 6920 7295 8946 1266 9042 295 3595 9411 9367 1431 2806 3602 1254 2124 1978 6754 4501 2309 4360 8152 6484 150 9626 7440 5528 1960 4689 2392 4091 5183 8717 3049 315 2656 7714 4273 9777 5506 6522 974 1968 4892 2192 609 3501 5339 7371 2414 4097 7230 8651 838 5207 5082 1124 5971 6261 5346 2638 2265 9966 2405 1684 4245 2150 5786 1965 3371 4440 8254 137 8160 4498 3075 4120 7078 7138 8499
39 9522 7427 8377 3297 212 6992 7252 3182 869 3942 3077 8193 5758 1837 6691 1751 5459 3946 9214 2860 5695 1636 2050 720 7994 8871 9361 6187 9526 7683 6734 630 4142 4629 4065 3525 8375 6450 6484 6773 5111 2647 8963 8307 6061 5339 3827 7530 6604 7203 3992 5669 7345 8112 2198 9666 9592 9940 9725 2122 4729 6081 5390 8268 2153 1448 2867 271 5223 7028 4434 7253 2432 726 8724 5099 9544 4506 8790 1007 568 5333 3283 1036 777 6842 7020 1858 1398 7431 3341 3239 4695
40 3073 4643 9695 5278 1668 9968 773 4481 7494 4305 902 616 1532 6594 306 9187 938 1794 6623 4308 6635 2630 7391 6983 1296 9108 465 1817 6705 534 3637 7363 3670 9600 833 6517 9002 5240 2077 4280 8969 7004 4476 2847 9570 5113 5251 3664 9621 911 9368 6130 5443 2656 9104 5368 1116 6354 2607 5414 820 6194 6075 3179 5696 6385 7611 433 9199 4427 6479 1229 3075 5261 6670 6473 1559 7189 2748 2149 3882 1303 2235 9856 7542 7906 1539 6914 6264 3041 692 5357 8392 1126 3078 9741 4871 5294 3828 56 5733 3748
41 211 1519 8156 9474 3866 8306 8189 5974 8429 2069 4343 6145 5847 164 9591 1721 4167 7320 927 8800 1730 7722 9097 5580 2661 3791 8607 4508 9337 1263 8250 9404 8202 3907 548 9567 9578 508 6419 647 2797 5005 5585 3758 1236 9753 5941 7506 3025 7982 3750 8181 5823 8169 4155 9204 9184 4469 1455 8989 3605 5069 1932 4370 2872 9790 5432 7409 6155 1379 6023 2150 8475 34 4063 5882 935 6412 9647 8860 7393 4844 2251 7566 7451 9553 8618 5253 5656 5490 2266 9260 3089 3118 2760 6605 5020 1555 105 220 7407 1742 6144
42 2160 2469 5840 3237 3482 8541 6765 3897 9095 9214 6963 5738 9474 4910 5295 8453 9294 616 7447 1816 7065 1435 9927 9523 9396 8906 5045 7759 1310 5022 9863 8227 6034 3584 7922 7336 6570 1517 4603 3607 7148 2020 9854 1569 3681 9040 256 2921 4831 3459 790 1230 3154 2274 7177 1813 429 6345 6041 1011 154 5245 26 649 521 150 1364 1074 1142 3497 4380 6746 9894 5998 7545 1565 7244 1207 820 6054 8619 9197 6547 7740 7871 9334 1829 8101 3274 3053 869 1587 7095 8530 119
43 5274 1245 6848 5117 6318 1627 9796 4082 9005 3635 6673 2662 1992 1564 7038 9137 674 9430 4332 6777 8112 8175 7319 9694 1554 184 3915 4812 296 8989 4187 6319 573 6305 3230 9327 6359 1537 4381 1924 3117 2445 5060 8231 4907 889 3226 7328 5809 8679 9418 6939 8638 9762 5482 3018 4861 135 6027 8356 2110 2852 5758 5100 3512 3087 5287 3290 2394 6114 457 3658 8393 8600 6708 5400 6835 6698 8145 2841 3925 6148 4953 1671 2666 691 7182 7739 3933 1628 8546 1370 9228 5701 6211 2501 2326 3132 1226 4063 5986 9975 1993
44 2588 9629 1370 4120 11 2162 7270 7919 2156 2430 6814 9806 4198 3017 3303 2158 5396 6876 3472 2032 1109 1643 585 7776 4711 9344 2301 2387 3745 3091 9516 8011 965 1741 2376 6226 6285 4196 1505 9775 4024 6477 5979 1357 8597 9429 8310 2975 1463 7050 6915 8240 2378 6508 9884 9204 9938 3495 4416 7963 7874 5394 4188 3128 7638 345 7711 4220 6238 3797 6669 2349 5681 5392 9249 3972 3083 5205 3494 8941 7058 7828 8463 697 8811 4480 7673 2793 8898 3129 2207 1576 9536 649 8594 241 3924 3457 9713 5745 8731 6655 8289 4883 3852
45 9389 9703 2473 7818 7653 2046 6474 1372 5017 267 3578 9082 790 9418 2247 9495 9301 8276 551 7801 3237 56 9282 3416 1763 707 6764 3852 1055 8625 8694 1448 8287 1711 793 3053 9584 9104 7538 3021 4762 3140 3245 1891 1437 8588 9545 4784 5431 5828 4114 2882 6088 2156 1170 791 7869 1028 2748 2680 4602 614 1341 1032 4085 5681 8040 9580 4392 1050 368 6662 857 2384 9002 6649 995 6857 2982 6034 1188 4772 191 9294 507 9975 5255 5876 2687 1388 694 2969 5740 7033 6501 179 9909 5628 2743 7536 3253 4178
46 6700 91 715 8111 4511 2468 7230 3963 9513 5078 6780 134 914 2379 9799 4223 4245 1992 3247 5250 4161 7851 8615 6341 7110 6040 1608 8341 8458 4461 432 3639 2025 1666 3649 3658 8899 4905 6221 1308 5081 4373 9050 3807 1020 5899 4561 5130 6882 5528 4101 7 6028 7411 8128 598 6427 4298 3726 3422 2100 1747 2995 5157 2919 8816 2754 4179 4210 7466 9537 5540 3583 1 5194 5443 544 9875 111 6155 5182 6527 4003 9088 3596 5169 8318 9490 3818 7598 5700 6539 5508 8204 5424 257 7669 6653 251 1367 2188 2963
47 9822 8862 2527 2562 3043 9845 502 9191 4668 2465 9271 8901 1050 1734 8234 9922 9803 9120 5993 4189 5719 717 2928 5615 2546 9525 4500 4857 5323 9609 6056 7046 3545 7052 9134 398 9491 9053 3922 5534 9154 5033 3621 3938 5797 2128 9993 2409 4161 1353 5327 6634 9852 9217 5688 1458 4710 9395 4493 9850 6409 7925 4259 2377 6613 4850 6515 7915 3518 577 5748 866 4837 9888 4912 3930 1948 1232 1420 2229 7265 4438 9569 9256 889 2319 84 486 4416 5404 6250 9549 5201 611 3042 9843 3874 72 2715 2971 8377 8192 3748
48 9329 4119 4047 5743 103 5636 5398 9200 5020 3543 7369 2910 4979 7288 870 7779 6538 3528 917 9247 6172 6675 9986 2593 7508 6354 2486 855 4564 6495 2224 4822 4724 1914 1522 477 847 2851 9694 8850 3071 3538 5837 8796 107 274 2214 4727 9463 7317 3688 8558 6306 1480 7147 6251 8423 1636 939 6762 680 8871 3950 2265 2309 1420 5310 4883 3425 1374 1530 5426 6459 224 5765 534 2296 5179 9000 5436 4693 1839 1897 1384 4592 3547 2301 410 2345 5005 2667 368 6843 787 4989 4973 80 7172 5596 5791 4515
49 8842 7753 8087 3668 2650 8510 4322 5480 9623 9399 8022 8009 3527 1371 5147 7901 1656 2820 6644 9065 5755 4048 8950 1424 8429 1156 3139 6470 2097 5983 7459 3776 7419 1980 8863 8592 9052 2414 9889 1630 1304 7313 6029 4017 6678 6385 5288 6706 7045 2685 1422 6651 8394 7229 1928 8272 6195 9374 1094 2523 8878 8068 5555 8822 1464 9246 6487 6779 3905 8416 9088 7391 3400 4487 8160 5939 2829 9117 2717 7528 2421 5830 676 5533 4090 795 2698 7174 6899 6031 1811 3997 2236 8194
50 5597 9506 1997 5514 8309 4320 4398 4313 3390 4570 309 2486 4015 1936 434 2258 1074 859 3704 4850 575 2281 1753 7085 9391 9696 9400 8609 282 1953 1148 1587 7677 4977 1607 9329 7969 6628 4303 1590 9416 7330 5063 4900 3985 6644 4262 7068 2986 5263 6853 4934 7608 7335 2283 740 7470 6248 9421 8525 5076 213 6438 1612 5588 8585 2175 8496 42 6799 49 920 1116 2216 4071 9854 807 1448 6810 1399 9632 136 9970 3868 6639 7052 2321 1324 1336 843 2937 8874 7718 7225 2244 4209 3613 413 6139 8269 1935 9096
51 4611 1167 6964 2802 9106 1763 7620 4814 125 6591 1346 7160 1623 8178 9454 7552 3673 7446 8464 1632 8565 8789 6191 7520 8485 3832 8947 8465 4200 8190 12 4559 9285 7817 5089 9672 9243 7932 9622 6048 5808 6435 9668 1745 694 1895 420 415 9340 1386 5515 4707 8268 3642 7436 1449 6801 3009 6828 808 7159 2228 7240 917 8019 3592 2570 7067 3922 6621 1762 9573 6009 691 7325 4134 9593 6831 8403 9166 6900 3363 86 2560 4963 5001 7354 5362 1260 7308 2114 1460 4752 5885 9415 5868 5134 6640 1366 8304 7175 4381
52 2234 3042 6503 9584 6699 7112 4675 7207 6231 1012 989 2836 4480 3948 5374 9195 8561 9750 9231 1725 8922 257 9836 9926 4691 5241 5933 7105 9398 2415 5594 9797 429 1132 2323 9788 4039 5157 6336 808 7804 6347 4183 4943 1020 6507 5144 3412 967 7790 1736 5738 8470 5270 7621 7116 6119 4561 9986 2387 777 3993 9569 9611 6663 1705 1017 5266 1621 3360 1530 5047 1982 9910 5063 2561 9159 3393 6553 4430 1777 7345 565 538 7256 5143 252 2852 8990 5955 6525 7566 7298 3879 3743 8837 9767
53 6693 5987 2960 926 2008 8967 634 2893 1178 6337 2215 8020 3007 8970 6868 1026 4112 3531 7233 1814 2149 6359 7954 6388 4514 8271 8374 9422 1567 8964 3946 143 6791 6680 5820 7353 3815 7097 8799 9830 5430 4465 4747 6127 6951 9198 945 7276 2127 2032 2009 2559 7722 8807 2706 1968 7019 1372 7799 7576 4700 2348 7050 3779 8749 4140 1171 4044 6238 8795 7350 4575 189 9692 9071 9508 9821 7320 85 8016 9863 9901 5443 6645 5737 2102 5488 3601 8788 40 8150 9040 2305 3195 1443 8667 1955 4663 7357 8661 9294 6510 1262 1855 5323 4742 6235 567 7378 9680
54 8773 765 4826 3605 2625 6743 1184 2051 1946 3639 2890 8580 4742 6409 7377 3203 8148 2598 5602 7039 1472 9435 2827 1578 600 5320 1934 6461 7714 9709 7337 4745 826 2199 2419 9699 3966 2520 4558 6490 7470 7530 3382 6209 9894 3173 2205 7920 8209 4753 7135 7013 507 7616 3782 4237 3046 2764 1834 589 8265 368 3860 6418 8482 2369 2208 5726 8665 804 8714 4643 6445 9624 1052 7241 6310 6780 8572 7597 7326 5099 7820 6729 1040 7848 2433 2387 7185 9432 1570 4143 6755 1665 955 5396 5079 1457
55 2642 3072 8768 7164 5900 5057 9149 2968 3475 8092 6588 9365 7265 4679 4262 5230 2102 7483 1143 6848 6129 7476 7640 9243 2243 9572 3914 7684 8074 2401 5962 9075 753 1112 1651 4041 7247 2877 1220 1321 6476 8424 2384 263 5231 4870 1378 2821 5007 752 9511 1922 9837 5811 3698 9656 6785 8742 8296 2042 894 3442 6892 7819 6089 6697 4752 3932 6734 1761 6499 9062 221 8558 6802 8988 4445 9876 3765 1513 8450 7036 3793 9617 5265 9874 5475 3830 9352 8728 6143 1393
56 8875 4002 6048 8262 420 4522 6129 4832 4087 7333 5744 9350 1377 4133 1240 5360 8401 7381 447 671 9340 7064 4445 2663 6527 2782 7605 2413 9095 7735 5432 9303 2991 8812 3064 7812 9802 1342 1465 8712 3635 7937 5232 5222 9453 6810 6720 5256 3479 2349 3568 9074 9647 5894 2624 5093 5981 8536 3756 1360 643 6607 2818 467 8018 1299 9517 1860 2790 2580 3361 5629 8243 2942 7588 759 9398 7022 5154 7628 7706 9775 525 7638 8050 1743 5140 3922 8872 5900 6007 7171 5721 9011 7530 5813 1693 2216
57 7866 5924 6344 4860 3471 3327 9929 5074 2578 3889 5890 8740 4604 619 7922 1879 2592 4164 7289 9886 9490 495 8645 6071 7392 9565 1629 6741 2100 1566 6846 8347 5239 1207 4679 5802 8989 9760 58 6573 7302 6351 6486 433 3760 5084 1097 3228 7871 654 4871 2247 2022 6526 7906 7062 6149 944 3928 3544 5867 6578 5009 5619 4351 8515 7529 4733 5315 1293 3469 5379 5581 4869 4227 4670 4841 9866 4375 2318 2951 9486 2980 7178 5183 2973 5433 3630 9608 5795 187 5068 4705 1008 9926 2459 3168 6887 2151 7456 6090 1894 1068 5592 748 4112
58 639 3293 6460 4270 902 5805 3623 7052 3763 3269 1421 2099 6303 5363 4014 5545 3723 8971 9257 4880 3968 7374 4455 7311 723 2630 4716 9950 5836 7145 840 6991 165 9416 8176 6499 5084 7847 9080 7829 752 2121 8282 4808 1351 7910 1978 615 5619 2647 4647 5593 5571 538 4612 2168 1802 9164 3175 2849 3151 7246 624 4401 5726 5477 1868 9238 3625 8841 9902 9708 9812 473 6164 7998 3855 8362 3677 1823 931 3162 9766 9464 5987 7351 4201 3456 6565 2246 5942 282 4122 4099 2204 3643 8828 992 3607 4584 1655 66 4158 7822 4597 6401 251 6666
59 4093 9904 8183 5569 7029 2244 6846 5937 3844 8776 8426 7863 687 6186 7410 5161 8880 3688 4913 5965 9036 3406 9903 9300 5479 9453 7367 2830 6163 3564 678 2101 4657 3076 1849 2676 4059 3551 312 5184 751 7555 8486 4153 6985 7752 1309 2019 4689 3106 3774 1266 8325 7848 8258 9968 8555 2876 7890 9177 3456 3069 857 6757 4207 1265 74 6501 3790 8686 3920 3889 2049 4436 6730 2612 1019 554 9124 4031 6742 1122 9347 3259 3676 3442 810 8242 7679 4122 2159 1315 1613 8738 4970 3427 6837 9461 3798 5169 2338 5420 8910 4790 9576 4222
60 774 1211 3908 396 9922 2172 7078 7681 2136 2461 5068 6737 1150 8972 1008 6982 993 1931 6881 4351 5201 7268 4692 5537 806 5864 3440 1833 3079 9600 109 6618 9489 7805 2089 2689 7613 9012 6345 2965 7857 3057 3726 7762 3118 8531 3376 9128 2766 5217 312 3649 7358 6227 5389 2249 3088 4761 4996 2949 76 5665 8524 1581 259 3020 9769 7004 6187 391 8074 3365 4770 866 7534 5253 2026 3945 7077 7725 2794 9254 8891 1212 1877 889
61 8250 2355 9900 5244 5865 1059 4693 7889 3111 9953 6100 2854 6084 8338 4107 640 5690 2996 7792 3656 8421 9184 1644 5195 1271 8608 2665 8618 3008 9381 5100 3311 9198 5091 3916 2096 6485 2908 174 9233 7051 2145 9166 7591 7855 3892 7958 3168 3293 7607 0 3308 2664 7180 8172 9806 6970 9472 5648 4723 2150 6273 490 7852 5613 3787 1538 3742 1420 2851 9281 7943 3253 7980 6582 1304 4312 1134 5416 4914 2561 2584 7140 695 4578 5482 2516 2032 9778 5956 2372 6575 99 7464 8253 934 4614 4911 228 6510 1805 7520
62 5710 2565 2398 1855 2710 3389 8642 4128 308 4628 8991 3185 5827 8772 8561 9747 1191 8011 9078 2883 2161 9349 3209 5126 8203 9054 8056 433 4253 1794 7898 5153 1952 4337 3518 3911 4510 7398 3403 559 581 956 9990 8434 5517 4771 9878 9703 7944 8094 766 8920 5266 3907 1304 4890 1418 9022 460 4668 92 2349 7511 8998 6702 5272 9384 5449 9591 5735 1194 8065 3496 6379 485 770 8421 7217 1882 382 1841 5833 5828 6239 3730 108 5075 8803 1739 2630 132 6680 1264 8866 9446 9385 751
63 400 4062 7057 6960 5446 4759 1279 134 1811 5739 2231 794 5561 3410 7012 7273 9264 9073 9515 1537 6657 7717 1637 6416 401 9570 1847 8716 4319 5996 4376 1941 2335 8230 1093 4549 8774 2829 582 8408 5331 2373 2747 4434 8417 6707 7074 551 4788 1136 7137 3653 1007 413 9658 9266 4688 9470 3042 5752 160 1521 7902 9252 9951 701 8304 2644 3215 3639 6638 3530 9874 2838 7610 8430 5058 3858 4259 8694 8947 8005 9863 9594 7796 2598 2857 2668 9861 8089 4998 5685 3974 4685 3237 2721 7708 5735 1376 426 6313 1428 4520 800
64 3612 6773 4340 7008 3004 4297 2283 9847 8402 6103 1746 1043 3866 9453 3068 7820 968 747 1720 3101 703 7920 5135 9297 2035 4748 5932 9707 8982 4601 2171 5250 6813 689 4122 5555 3172 97 4387 8792 6493 101 6128 2881 7202 5461 9709 8724 3479 4798 5082 7218 8374 53 5235 6120 3192 591 8238 850 7080 5248 4204 3639 6599 3833 5394 4740 8183 2535 8973 7702 1428 1330 1942 5726 7213 4003 4078 6403 376 9566 3031 3275 2421 2298 280 4391 7723 4024 3814 9779 2091 457 978 3381 3030 2752 422 8160 2685
65 2189 9254 8060 8761 8951 9131 3901 7192 2857 9041 6926 4982 7004 5734 8212 64 6922 3659 1328 8635 9963 3485 4689 5393 5034 3639 4176 1118 979 7606 8463 5282 5921 5549 5036 2199 7359 2722 8768 3510 6295 3035 4510 1550 3210 2490 411 333 5923 1076 7195 5792 3415 8956 4641 4915 8923 8178 7989 7374 3521 9465 8107 69 6985 5710 5719 4826 7123 1525 2987 4642 3556 3890 9836 7734 8207 6496 6528 9908 806 5497 341 345 1426 4261 9602 3141 4844 2029 1460 169 7036 1176 6614 3884 2171
66 4777 2628 2806 1678 7859 5589 6347 2488 8822 1500 326 6570 5467 4454 7160 2407 3990 5185 7687 5287 1480 6153 7219 5875 1685 5765 7640 3927 7064 6066 9284 9039 1086 6498 6175 2996 2654 3419 2047 1490 5157 8613 3303 1924 1593 3895 6044 7903 8111 5010 8916 9245 8445 6435 4210 5614 9856 6047 5280 3831 8798 9080 8585 4525 7759 5816 288 3255 4386 3948 7972 2100 3166 8204 7237 5547 2297 4856 4469 98 5290 5891 3099 9455 6240 7011 4423 2528 5582 4235 9283 6296 672 1786 7622 7250 6800 3642 8880 1517 4337 2306 3372 5779 9194 5086 2414 1348 5353
67 3667 5249 464 9967 3798 5985 9425 6902 2928 5072 3829 6405 3093 2493 653 3651 3912 8689 5680 1340 403 2861 294 8631 1482 7394 5356 1272 5666 6505 5365 7422 2409 5991 2336 4711 6628 2995 8203 3850 3648 4308 1676 8412 1820 2659 8982 7250 1118 6384 4688 324 6773 726 9728 8279 6454 1213 2698 8545 287 8475 5690 5448 4899 4239 4856 8719 3405 7001 2272 369 8352 1829 9373 473 73 1422 8181 9738 216 6921 4480 2094 3758 3632 2635 1294 9179 2201 2672 4972 4007 3364 3155 9157 6402 4044 773 2475 7253 8191 5844
68 5691 7902 7507 8878 1587 501 8922 6592 8846 7080 1505 3972 2299 8062 4172 2171 5207 9230 6433 3950 824 1127 783 5385 4186 3881 4703 2629 8399 8819 9007 489 4851 2445 9127 2488 7418 8924 6437 1187 9521 8824 439 862 4654 1967 4062 6369 7709 9317 1718 751 9480 2331 9804 7109 8316 6223 7309 3176 3671 8096 3187 7588 4486 6449 156 9276 9997 7681 556 2446 7831 8773 1594 7661 6258 9965 2195 9839 2693 654 3300 8685 5468 3824 885 3956 2816 513 6380 710 8076 4381 5679 4315 6193 8308 135 7143 3237 677 8771 5027 11
69 8158 3616 3980 3047 2513 3165 2770 6218 9147 3186 9900 7970 1222 5788 1564 3936 8247 9374 9142 4761 6086 9797 4113 3453 8484 8705 2451 1453 6625 8371 654 8309 2136 5568 4921 2667 7852 1466 5299 5242 7959 1796 8714 6717 6736 2344 1711 2305 3318 4250 5255 7092 1156 2258 7793 8142 4172 6485 6955 5861 3107 5652 3254 7655 4724 6515 418 9403 4973 2565 5775 4300 8644 2309 57 6629 8737 1551 879 802 9777 8449 7745 6009 6152 1918 3561 7102 2630 7504 494 4026 200 3266 2019 5170 6112 7376 1979 7727 1599
70 5150 8639 8588 4819 5152 3896 1152 8503 2255 8404 9011 3118 9318 8890 6194 3763 1906 1224 721 7140 7218 2887 3104 8577 4633 7846 4513 9751 5749 7690 6408 7186 4837 3751 773 9861 5640 5804 2437 3434 6483 4577 8168 5325 7098 4773 9178 8125 826 7101 5754 8678 7864 1934 3202 8865 5300 6957 6950 6068 9512 5816 1459 3627 6316 2064 8665 7402 336 5604 5929 3943 2124 5940 1021 5174 999 4061 876 3821 7086 2022 6560 6363 1576 7523 6958 7464 5478 5989 3439 8102 252 4156 8269 9335 7694 8686 9111 7684 5740 8192 2286 1116 1856 6009 3081 4736 770
71 9148 4208 1163 1028 3129 4547 4980 1074 8351 867 8890 6741 8235 3314 6639 710 137 8018 9974 7994 633 698 9872 7399 8760 9897 3003 6684 1833 289 2644 4494 4463 3792 9493 9657 7114 3532 9752 274 896 5842 5797 6387 4745 3743 8095 4958 1701 752 3633 754 209 9476 5407 8974 3823 2019 5323 2263 481 7385 1974 3653 4789 5736 4140 5279 5179 5432 9997 3987 5401 6685 3691 8936 6242 3061 6165 3157 5642 6647 2565 2441 4395 4294 3714 6545 7403 591 2804 2559 4738 3208 2060 7875 3334 4986 4037 5150 467
72 6595 498 4011 800 443 1234 1316 8991 8369 397 5580 4661 9351 8495 3889 2713 2528 9185 8239 7837 7414 2474 701 7392 5010 5645 2872 6428 1728 3687 6314 8568 5322 622 8009 2626 2871 1768 6513 4035 1731 7326 2590 6954 8434 1665 282 8539 8989 457 1695 5161 1774 2718 1884 7959 1056 2603 2063 260 844 9360 7677 9529 4473 6657 9653 9217 267 1570 2374 5611 243 4918 5533 4030 5450 5445 1055 8620 5867 2070 8359 7948 8440 4166 8504 6433 4739 8952 7435 6902 9473 6545 3286 9810 9568 4175
73 8956 4051 2958 9096 8115 8064 6406 3481 9163 6105 3512 1414 3920 2786 2139 798 9707 9691 1581 9014 6434 256 3286 7643 1767 8243 3160 5477 744 8702 7799 4050 2714 2852 5374 2442 1801 8463 486 1523 5714 8278 3713 4817 4062 5509 6642 5376 165 5068 9989 1007 6924 5128 9715 977 5593 5768 9232 718 8264 8155 4264 4514 4280 7802 1034 6291 6146 1700 6854 3637 2853 5096 3580 9099 8632 6043 7478 5226 6533 8049 2575 2505 6504 9619 9966 3034 1192 6903 1541 3192 3574 3234 8787 3853 2165 1528 4330 402 8330 9351 7193 6080 5584 7431 3423 684
74 2443 6626 46 9993 7660 1847 8978 8152 4314 8573 7593 1005 744 6270 2419 2816 9357 1417 5306 1846 9005 9809 2601 3638 5457 7031 6158 9213 6268 2656 9073 6460 3379 8625 9341 452 939 3395 1783 1185 949 223 9477 8980 8277 1720 2034 3040 8536 607 4652 6768 9144 260 5078 5321 2586 4438 3651 9487 9424 1513 4163 4557 8440 6943 5054 7275 4194 7427 6868 9250 9299 7983 6100 6573 4802 4442 1240 9692 5456 1035 4881 1136 6890 5985 8205 3680 9571 1626 6057 147 3411 6163 9594 9630 281 2718 9697 3081 729 8870
75 8344 1440 3202 3 9346 5211 3284 7869 7090 4875 842 5061 7716 9362 4384 2605 3341 9904 7032 7002 9520 7426 4217 1478 6121 247 8772 9114 1146 5067 4097 5985 6357 2837 8054 7857 6665 392 7380 494 5720 1333 8701 4077 8744 2816 9897 1551 4367 6569 1119 9037 3837 1154 3478 5640 8909 7275 4307 6127 2549 787 9237 9076 835 3795 6646 8020 6482 1035 6057 8944 3847 2557 5691 6460 3542 4900 9817 9357 3743 6872 3767 5065 8961 2582 390 8456 7987 9843 763 2554 2384 568 8734 2656 788 8187
76 227 1760 2263 2283 3736 8272 7124 6098 7577 4530 1967 9490 8739 3476 4776 9113 531 3218 4362 409 3437 7805 4900 2558 5598 5958 4991 6042 7946 7844 8562 1348 9378 854 2833 5337 7271 7203 1587 5029 5064 1993 6148 1634 4971 2033 887 2611 7222 1701 6414 4651 2451 4669 1694 5332 9897 2173 1978 9562 5046 2547 6930 8818 5750 3457 6781 5377 9243 428 4243 7021 1617 1758 8807 8840 4992 5296 8382 3289 4334 2555 2511 100 7645 864 8701 8042 1216 186 2893 9607 4711 5490 1809 1412 5493 5649 9661
77 5999 3998 1189 1560 8930 161 3469 9255 1840 4652 7052 1012 5806 3070 1428 7292 987 9009 9093 5280 1605 1127 254 279 52 5929 4734 4650 2711 3535 6253 6771 9080 4014 3256 2856 5603 2942 6329 7526 6893 8077 2891 8033 3364 2890 2899 3584 267 5274 8839 4070 6924 8140 8223 2333 7266 2475 9213 127 1403 8421 2983 6865 2110 3072 3203 6750 4289 6624 1662 1346 7998 9384 7119 9414 4350 2746 4873 6178 1707 7668 7402 9078 8312 8258 9548 8662 4265 6334 5239 4422 1792 8892 8903 6054 8410 9237 7357 9256
78 8793 5917 5822 8253 898 9080 1424 1815 7641 3743 890 7168 8113 8115 1976 5457 9682 8965 7510 3932 3803 3205 4111 5672 9307 3898 3229 604 3235 8667 4377 796 9387 9052 3950 285 3276 596 7111 1616 7736 4576 1853 9981 5797 9000 2710 4476 1920 311 7093 1832 899 7677 1138 6741 7571 5781 6343 22 1179 2680 9170 424 3080 8192 5954 8070 5122 7601 4686 5968 8282 6472 2945 1830 9425 2118 1452 4272 8576 7116 5390 6390 5415 4128 6279 7448 2105 7938 1741 3356 6677 2763 7381 5606 5630 896 1605 470 5072 5497 1984 6844 9513 87
79 4789 1316 9327 9394 7939 3600 5275 4420 6220 6213 3539 1198 797 3257 7663 9521 8262 7785 9162 5466 2311 1219 3814 8838 5049 9459 5740 690 4851 1908 1223 2910 4947 8372 6380 6789 2868 8267 5614 3942 8630 9607 3128 4222 170 9946 2515 463 8189 1067 2716 8467 7306 304 7432 1046 6140 7386 1304 4800 9545 5077 9157 963 3032 404 5125 8811 497 5086 6041 3956 6036 3802 6957 8213 474 9519 5512 3995 3864 8850 2403 9634 812 8425 9774 2514 2325 7799
80 7283 6351 1718 2233 1285 2993 9280 7997 695 5009 7252 6404 164 7652 6872 667 8058 6886 6312 5400 701 1046 2118 2696 9487 2426 4203 4328 1301 8953 4640 8956 1583 3303 6962 1842 1705 9185 4838 8259 8351 2739 8777 7120 4945 7596 2362 8512 1476 4899 1688 3134 1541 370 8841 5222 2625 5405 8590 9867 8975 3473 451 4915 2235 3392 1443 2859 1747 2570 8330 4769 1934 7083 2210 5874 8579 5589 8561 4086 8739 717 7164 9340 3162 1413 8068 4992 8664 9236 4583 4762 8678 4698 3022
81 7319 2299 7393 4046 3265 4510 9940 2259 5621 2241 1078 4690 7358 350 4826 5416 8622 3911 2422 4642 6823 390 7062 1935 3831 7241 6640 5157 2806 2315 4047 778 8717 3787 1404 5120 6841 2804 1548 6875 7985 1368 4308 4794 9947 403 6777 8307 573 5078 2356 2324 3861 4564 8535 3715 7714 476 1695 8922 5417 9772 3656 2692 9296 9228 7857 2538 9445 4790 4801 7543 4056 4168 5564 5688 8086 9707 6793 5827 9763 213 2080 4433 2720 4063 4694 7791 6758 4329 6665 2609 8246 3377 2584 2898 8881 3614 944 6676 9284 9687 5574 6905
82 7521 8835 6961 2963 6413 2845 3526 2759 3769 1437 4386 5488 3366 2668 2569 1077 5899 5985 9055 9418 6681 4637 7982 4263 2769 6596 7615 2288 8055 376 7478 7515 1608 8457 6979 4517 3978 3877 726 9927 2233 6074 4195 2840 7472 3865 1508 5595 523 7620 237 6376 7606 406 368 5727 1309 5777 658 8144 1065 5693 8809 2258 6421 297 9784 9805 4387 4104 8849 224 3998 5763 5707 2636 6224 6146 5043 4059 8354 5654 1614 4498 961 3220 8686 6010 1280 2474 5515 3229 5563 9715 8085 7286 519 9600 3056 3400
83 2615 2418 1301 1724 9308 6290 5986 1838 2057 6599 5584 8116 7864 2782 8445 9018 3062 4247 4901 2674 9738 6533 7002 7041 8253 2592 1028 208 1061 8908 5921 99 3197 7936 9562 6819 1068 3185 3094 1394 6417 3287 4447 2417 1376 759 727 7164 7200 6294 431 602 6081 6904 5506 6694 4935 7845 7279 1427 9016 2966 9993 9519 2519 3553 6651 9235 5091 8102 8719 895 1158 248 7781 5163 5592 8261 1252 312 6116 5345 6816 4769 3624 3138 6148 6025 5476 2333 8494 3183 5302 4800 9899 6924 4752
84 3203 2269 430 9884 3197 375 7018 6837 2149 1458 657 2537 8672 2236 929 9679 5983 4135 6879 4655 9621 6076 595 1677 1867 1477 3218 7173 549 8913 6189 9776 7467 4419 2812 5835 1274 3142 4721 324 8036 1318 2478 1913 434 7997 3640 88 2316 9 3679 902 4225 892 6638 5552 224 3383 8011 5917 5878 6686 9138 7367 2095 893 3653 4868 6381 6289 1192 334 8222 3750 2734 5609 6850 3427 4584 8286 2201 9675 1492 5234 6335 6323 3641 609 504 4099 2017 7819 7999 3096 2768 7889 6655 2823 6612 800 9143 2075 3840 3643 8264 8363
85 6838 5052 5441 5416 4827 1946 2409 3204 689 9415 231 4203 2361 5367 7159 8104 9283 9369 1117 400 4261 8634 3184 2432 3261 1786 8053 5639 1777 183 6348 6567 4650 8010 4330 3589 9690 7026 6837 3801 7963 6550 9432 7390 1857 9192 1985 7538 3691 2780 719 9597 9426 7226 2872 8803 7529 6466 3181 6277 4188 2985 8607 9549 6561 2225 1947 7268 4949 3262 2440 1031 6524 8968 3553 3575 3647 1730 9481 3298 1123 9510 9566 5142 932 8146 3669 6454 6393 6924
86 2353 7055 5596 2756 7436 6598 7657 5489 1642 9937 7937 8934 8384 5871 3898 1201 5471 7483 5297 7081 3564 8154 8474 7688 4501 8287 9649 1097 7515 4011 1915 8007 9482 4633 2719 682 1468 8874 7942 9827 6881 9594 6278 1175 6630 6459 4336 2455 4120 158 1331 4257 4360 9999 646 6465 9691 8120 4175 4729 5626 4357 190 9116 975 3595 5232 1889 4376 9135 4192 6088 6525 6194 9395 9110 8869 9351 2608 8679 4242 2076 3789 5590 2279 6344 2681 9238 2446 7438 319 550 2614 5467 6595 469 5046 3042 5584 7669 270 969
87 4342 639 1795 440 2480 4211 4792 6076 6081 3009 802 7614 6266 6168 6003 4447 3070 2923 4049 5891 6912 653 1732 6269 2999 6123 4023 1914 1393 7037 3054 554 4410 7816 205 3878 2790 9745 375 9508 5775 9792 6579 1742 7015 5283 5376 5264 4163 9791 530 6946 9048 1757 675 8306 7393 712 3153 5586 84 7443 2325 3151 1776 8444 8799 7609 9674 2840 7130 2644 4885 6510 5947 2482 2268 1756 5469 8413 1798 4158 5568 966 9908 7878 4546 762 219 9197 2736 747 3788 4755 1232 3420 4366
88 6982 85 4671 7686 1208 5562 7153 3542 7974 7269 8171 5289 942 1853 4800 6903 2943 8649 3606 4651 1226 7461 5173 63 8511 5029 1066 7729 5936 6966 4715 1851 4990 4663 3157 170 6391 4306 5304 9857 153 5641 7744 287 4208 1529 9918 6586 4513 2569 4031 8870 2737 1807 2429 3479 9193 2213 6653 1018 5969 4616 8700 9055 1237 3538 5650 7496 9777 6118 7446 166 5457 1620 571 4406 8610 5425 9139 7488 1768 6425 1176 2191 7418 9933 2270 437 7183 5903 4023 9610 6724 6896 3626 5119 4325 5539 2360 2398 2682 9672 990 4290 5749 4509
89 6648 1028 6403 7895 3039 9169 1702 8803 5603 9552 3165 3171 7803 2390 6486 95 6898 2534 7533 5726 7250 9435 3551 9052 1952 8728 3788 3971 1673 9340 1738 1736 146 7411 686 1250 9772 6293 8887 9649 7530 4326 5412 6014 8062 3935 681 2302 6970 5501 929 8237 6141 267 2106 966 2730 375 7045 3191 7005 4717 1860 6033 5288 8131 2962 5254 3847 9085 3799 2522 4696 3944 3436 9530 8638 7266 3854 9282 9988 8491 8699 4522 9524 8535 9093 4278
90 9539 3224 3949 4740 7476 6122 7288 6766 1184 566 4544 9984 4823 2804 680 514 5771 8509 5520 8744 8746 858 8116 9336 8993 7024 309 4469 2366 8758 6113 6069 2477 2904 1368 2346 9317 791 3084 2495 8858 3998 1687 3460 4978 2441 7732 6649 3756 6689 7741 4508 9780 4195 9653 3661 1708 6376 5191 9357 8849 4865 8895 9334 4137 4226 6642 7418 4010 7772 1814 8129 7751 1048 1259 3429 2240 9118 8769 9820 7258 3733 854 2687 647 5518 6310 1859 116 4919 9965 4271 944 7321 1068 2998 1734 8044 7753 4213 4147
91 7116 4059 9074 7042 2231 2195 2686 1 1704 2095 667 6416 6543 1147 2498 4440 3264 207 1607 3225 9940 9764 7394 9745 979 3028 6165 6360 1911 8519 1960 4750 7674 5200 9455 6526 9230 6689 5235 5412 6743 9061 390 9461 7382 980 1649 7473 124 9047 4600 6507 9177 7215 7203 9654 5022 2855 7229 3321 7601 4813 4006 4492 1702 4988 8412 5467 9295 5995 4488 5422 6674 8472 5594 6857 7696 7792 25 9506 6763 3738 8683 1794 1208 7823 4856 1520 773 7608 1361 5276 5513 2751 1340 6772 941 2706 3034
92 4063 1159 6832 5990 9972 9777 9145 1066 9570 3295 3140 6589 9499 6776 6056 6414 7960 9178 5823 6639 6215 5423 7135 2047 9886 2525 4788 6750 2339 450 6961 6612 9811 8315 8142 3998 6550 8864 1239 4342 8868 1898 9356 9288 8555 7965 7884 5282 9782 3878 3389 3054 4772 60 9791 99 6854 6542 9596 7009 3343 6484 1629 8175 2843 3280 2949 2930 3755 5863 7577 5304 5347 1622 3232 3728 845 4171 4461 3477 1906 6787 7815 5627 8408 9697 2308 3209 4698 8967 1048 7683 7892 7028 5022 9193 6508
93 9800 215 4434 4415 2497 5187 7422 504 5863 2745 3648 1113 3395 1068 2779 1361 3522 7827 2462 5841 5301 6384 7862 5463 2246 5465 2346 2593 3840 8075 5226 2134 3650 6676 8894 7541 4841 1587 5771 9036 9680 1028 266 1391 3425 6998 7964 5519 9144 6703 8750 1810 5524 732 5349 9216 9679 920 2876 8215 5214 7363 3329 4815 7025 3615 6837 4991 8666 3273 8825 4096 5692 9788 8538 8665 7554 9689 6734 7259 3936 2174 6474 2054 6277 733 5551 1119 5453 4118 6478 2419 7339 8342 7406 1854 3681 540 5848 4893 6753 4886 186 3785 2930 6160 7174 9319
94 1716 9426 8919 5302 8517 3954 9144 4564 4081 9361 891 7822 2785 2219 5317 7138 198 3836 4060 9382 6613 6177 6213 3767 2822 2096 6270 9079 8112 2338 4186 8262 1342 8779 8825 4552 7253 5671 7246 4464 6231 5166 8002 6784 1682 5357 4352 2056 9611 8768 2261 3962 3920 6326 4213 7652 8508 6779 4402 9572 859 486 3307 1467 2569 9017 8413 6072 7856 7612 2665 8637 7843 8001 4676 9637 8536 7281 7895 3041 4022 3189 4253 3802 6728 2083 8500 1359 5940 355 6860 1846 195 3298 5630 4872 4384 917 4052 9375 1050 8758 6699 6348 8029 5714
95 3735 5086 3716 7854 3452 2801 8555 1409 9014 1518 4701 3717 9047 5546 1624 5897 432 8714 2740 6369 4417 3936 8879 5574 64 4521 1028 2899 181 8096 3907 8259 2986 2452 9725 7123 5442 3378 5935 3838 6111 6469 2689 2828 5151 296 1377 5338 7869 5874 8805 6092 7364 3516 7043 6780 5369 3162 8710 4723 9892 6183 8765 8854 2087 8144 6147 7957 667 3433 1045 541 2978 3104 9957 399 1088 3611 3194 8232 4368 6541 4553 7118 1555 7952 7168 7516 4888 6119
96 4320 9870 8060 2055 6425 7489 6040 7218 9747 891 4202 4588 3734 3896 3079 2360 6269 6861 7974 4119 1908 5570 5129 9601 8366 4205 156 9029 809 4800 311 5986 1038 2092 3698 8908 2544 9526 5808 8557 352 8546 6490 798 506 7528 9423 5055 390 8488 6203 460 9679 2645 7597 9691 8009 1507 4740 7213 9398 5743 1660 1429 3958 6929 7464 3210 3818 1205 886 5774 3410 8202 3193 3004 2903 9845 2836 500 2600 1069 5506 3747 9149 3672 9088 3191 1479 7480 4941 9489 1911 4378 3660 2297
97 2767 6599 8309 1584 144 9721 1715 920 3157 5059 1157 2679 2810 7599 5628 971 3356 1646 1864 1208 2893 819 9609 1241 4975 2703 1931 2111 2424 7818 7162 1352 5269 5448 9382 5289 5433 5474 4769 6969 4067 8642 4105 472 6033 6567 1166 739 83 6165 5323 4689 9410 4869 3035 7138 9715 5009 2214 7693 2862 387 4221 1796 1194 7313 7734 5561 8373 674 8936 5235 4316 1874 9266 6854 798 6644 7095 2437 2734 8240 328 2829 4643 4156 3659 6902 2991 8303 7103 8243 5943 5271 5168 4646 5600 2052 878 2661 7489 7966 3262 1810 5078 2554 3528
98 9832 6262 9380 243 7355 4877 808 7516 2975 2590 7382 8621 8300 9856 802 6128 3276 250 1180 5880 287 6776 933 9006 6893 1069 1331 1836 3954 1496 1542 8420 9806 1889 4123 5757 4379 5023 480 1159 2741 8050 2182 5604 6076 1479 8808 831 461 858 2787 5777 2904 1666 9991 3784 9359 2274 9787 1478 3372 7761 2974 7958 6915 9983 6551 3381 1192 4603 1801 9002 6044 1194 6557 6114 9955 5107 4721 2704 530 4188 9149 318 4948 426 9322 2661 3966 397 4553 7487 9136 3210 3646 2221 2355 3895 4498 6530
99 4673 6853 7431 3643 5718 9745 8186 367 8692 5839 490 2221 6834 7159 294 6517 8682 5750 1140 3102 8324 2969 2684 5104 9903 9130 9695 6089 9669 682 692 437 2644 5337 6900 9754 7408 8847 833 4054 6671 7298 4152 3850 4436 7308 8745 5578 7990 3277 222 4486 622 6980 4782 1558 5677 3802 7022 2622 1003 7152 1142 6348 8433 1068 4211 8548 6921 4108 2552 7292 4777 5712 5434 3290 53 1744 5963 3769 4404 8237 417 6247 689 2757 7679 6301 2229 7837 9901 7469 5861 5077 3768 8370 3962 9384 7566 9052 1237 4148 8571 1405 9786
