100
0 508 9899 5361 2659 6829 8606 8769 557 4517 8726 7899 8634 2641 6849 9528 8537 1087 7532 1554 2359 2681 1320 8987 7242 5649 8588 985 9145 4723 8257 7936 8266 9088 9752 1456 6330 6159 8892 7908 3366 1801 7314 8882 775 7228 7250 6884 7467 5653 9130 3818 9878 7827 4093 4112 5587 6249 9970 4796 1450 8751 2972 8737 4511 7229 2072 2049 8154 6407 651 4731 3198 4076 3377 7788 6681 8674 9637 4526 3999 5040 3632 9940 7095 2405 6475 9209 5575 7706 7048 9701 8326 8138 7439 4350 8311 5896 1230 9898 9983 3850 5951 9806 3039 6781 2852 2928 2614 7708 858
1 9529 7286 6983 5657 1914 4289 7995 9499 9038 8365 6642 9081 7841 8186 5652 5525 7453 3173 8897 4024 3820 5634 9190 8585 6037 5415 5349 6990 2358 2262 2092 4035 5337 971 5016 9893 8144 7872 5980 6799 9305 9029 1100 4113 6148 7273 2307 6949 8451 7771 5243 6328 7335 8197 3651 3063 757 7858 8992 7414 3034 9384 7444 6024 5443 71 7176 2401 5787 4395 2210 6023 8919 8514 8836 2960 4363 6754 3317 299 7239 6004 3392 8785 7848 9418 1734 9822 9205 7962 607 5558 3345 53 6205 6302 7584 7295 7722 8011 4106 1586 7280 2677 2924 1065 1947 8099 3456 9358 6795 8578 9736 4155 3480 5140 9019 8747 3861 4715 4720 4445 2762
2 9501 8898 8565 9450 1670 4792 9167 3723 4181 994 9748 7793 9981 3007 8685 9356 9232 7585 6650 8512 7831 1229 904 8811 8729 3857 9804 9163 4810 7005 3554 5591 8523 6969 461 1527 3839 7552 1517 8132 8032 3864 6079 7893 3231 408 7533 4032 4128 3375 3277 7940 3349 9330 2696 5393 7121 1970 165 9768 9020 5338 7578 5098 822 9405 1916 8579 6570 470 6405 1183 7178 9959 749 7359 4056
3 5043 8552 9050 3998 7299 1514 9314 1994 4596 9051 6732 913 1511 8931 5695 7679 6294 8828 3623 6576 7267 7377 987 6709 9999 1099 9492 5868 7437 8711 6343 7313 6497 6020 8134 6712 7303 6005 6711 6946 4806 3550 7610 7172 6530 9693 1378 373 8958 8775 3800 4516 5801 685 2174 5039 6586 7705 8989 1153 2750 7193 7976 5477 7131 4749 7058 2202 8952 4631 3005 5909 8516 9355 2561 4981 5345 4380 2337 7440 5861 7089 1989 9219 6694 1110 8234 5637 6122 152 6295 2688 8083 6211 6519 2292 7939 9095 577 4381 1544 1318 7441 1992 8462 3346 4049 9389 4240 6718 4762 4144 3967 7530 3684 9933 8093 644 8912 9194 7860 3186 1645 7764 4146 855 9636 8308 6261 6804 4449 7644 6717 9739
4 7238 9814 6819 4530 9772 1915 900 9239 402 4572 4159 8949 3954 5944 6044 2897 2187 2623 6132 5365 9211 271 5895 6912 6157 245 3738 2784 3120 9193 213 2758 7957 4280 6635 338 2018 5329 5880 611 5432 5897 6506 8705 5609 8681 330 6347 593 8491 7257 5877 2853 7960 9997 2380 9817 5178 2297 782 8735 7081 6924 8988 5001 2815 8851 1714 2814 5993 8110 1886 4026 7812 3110 4859 5824 7607 3718 8230 5345 7749 2033 2101 4404 2859 7627 9458
5 1942 6770 8584 8965 6403 9299 9977 9700 7544 9759 3068 3364 7647 7038 8496 9195 92 6488 3351 6053 7384 1957 2478 3714 5739 1391 1615 1237 7514 7442 7738 3199 6984 6252 4500 2990 7261 5879 7873 1552 9473 2838 9862 1666 8203 2317 7505 4504 1752 1966 8441 9427 8544 4073 8555 5335 9440 9870 7897 2447 8346 7175 5841 6633 1119 5063 9712 3497 9146 4990 9309 6686 3522 3734 6578 5899 8082 2093 7611 2413 9871 5638 9992 1301 3708 3053 9040 1948 7694 5407 564
6 2643 5438 7566 7067 8786 1953 6760 7572 8498 1297 9404 4687 2480 1454 3903 2735 5311 3992 4396 2068 697 9322 450 1384 8951 9790 8984 7571 5918 1576 9014 6798 3365 9465 6608 285 4658 2842 9173 585 78 8487 6115 52 2916 8216 4407 3941 311 2861 2283 796 6483 3147 393 2042 8235 8676 6957 1304 4812 7859 2107 116 7616 334 7582 582 7637 9558 7794
7 6647 6891 8553 7490 7714 6895 8649 6674 7507 6638 8136 5884 2342 5619 2125 4785 9151 5530 8625 7597 6755 3975 3354 7310 2992 6442 8482 5354 8019 862 8528 4900 2464 9890 3137 3940 2437 7022 8470 3247 8710 2035 7302 6484 4932 3709 6974 6441 1652 6435 8875 6244 5490 2082 4311 6771 8168 8849 8014 7684 5611 51 8256 6538 3807 6808 8141 6009 7677 212 5254 7882 5356 6126 8872 5429 1197 7820 5260 9987 5820 7483 6227 6120 750 2576 1762 4446 9024 3094 405 6820 9477 1679 4427 5958 2999 733 169 8611 7410 6174 4844 2385 9087 2880 6858 7903 5930 1235 9845 6752 5321 7443 9928 2572 6472 3197 1265 9500 1820 5690 8102 6365 6192 5618 9284 9971 3174 8603
8 1572 7019 8535 1569 4417 6048 8395 4863 9972 9554 8468 8586 7436 743 9248 9068 3893 4274 1215 9268 7226 3253 9486 9171 9826 7155 3652 9570 1808 6063 6563 5947 6800 9827 8690 2701 3046 8664 3602 8151 7574 3038 1221 7792 8069 3158 4722 7754 9118 4063 6217 3780 1585 8765 5397 6196 1255 4462 7632 7834 1721 5665 4769 6673 4493 2130 8074 6336 7391 4040 3654 7547 9867 8312 472
9 1174 1791 1400 7502 3133 1629 6275 7408 3739 3264 6868 8743 7071 1423 1547 2693 3964 7746 7428 7773 9884 7472 6200 1092 4852 5423 9742 7950 9805 6016 1779 5691 6034 4346 8518 8155 6495 6195 5862 7854 9934 4581 2165 4714 8017 1570 8012 8459 8407 7382 5962 7844 102 7122 878 7973 6670 8070 8213 9571 2053 7102 7806 476 7842 5126 9010 7276 2094 9267 1345 9621 5878 9527 9066 6247 8839 2521 9523 1407 3026 7412
10 9101 1704 730 6371 506 1408 1844 9243 8863 1525 3646 3432 2931 8179 5464 428 5666 940 5352 3589 6977 1369 4206 9266 7416 1109 9282 8389 5539 1657 1168 2396 1619 974 5707 1951 9606 3024 8647 5 3936 4495 2189 6916 5153 1903 5355 1445 9939 1862 1724 1687 6547 4868 6002 4797 3591 8306 8770 5789 7340 3371 2039 8043 523 7362 4974 6620 925 1753 4347 340
11 9275 8191 8838 4043 526 3139 7008 710 2612 7304 3933 4927 2077 8003 8118 3448 6158 5383 875 946 9644 5537 5722 740 1150 8530 407 2958 7736 9352 6083 6130 3165 1494 5307 3989 5800 8841 5401 8386 7565 9134 739 6150 880 9187 7587 9122 7241 5797 8031 1057 6391 2881 9419 5902 2860 956 6950 6862 3032 3210 7541 6099 7630 7318 1387 6297 1234 7676 5466 3433 6896 232 8079 9586 1338 9253 1707 6225 3473 5089 8449 6597 7284 8815 8637 4632 4058 2542 6084 7213 3570
12 8816 917 4491 524 877 3431 9345 2801 4766 8255 1697 2327 7970 6043 6107 8058 6854 1806 5960 9368 5729 9399 6199 641 7542 731 3787 5046 8543 2544 1111 4692 5523 2115 1016 7240 800 4955 3387 752 5773 6366 7896 463 4805 81 3150 1602 4733 9495 848 8684 9818 5802 7964 1383 532 9109 8967 4262 7025 8842 1535 5612 8422 7045 1912 1225
13 9481 8267 3104 324 7691 4696 8278 6640 4680 6789 3729 9030 5806 6559 5813 3901 2932 2937 9467 5030 2955 575 7628 9785 3233 2631 1548 1413 249 4389 8259 3331 5967 7195 7633 6529 1346 1279 505 7401 8174 8113 7590 4508 7643 5683 8886 384 8509 8106 3630 7356 6968 7699 840 119 4827 4192 1226 3001 8818 7777 5022 8918 1132 2108 5250 9798 466 4794 1746 2290 650 2455
14 9600 2389 1621 9847 6788 5485 333 2316 9325 9430 2655 9432 6727 860 3207 3220 1513 7466 8486 9359 2543 9579 9593 9842 7865 9488 447 2703 2808 6513 3485 9572 1149 6870 5615 4611 3138 6853 5858 1335 3107 9214 2957 7097 3559 1897 469 3076 8171 368 7296 5442 815 4015 5699 4121 1344 5935 3537 4568 9828 1368 3340 8974 4485 7911 9518 1037
15 943 6981 6342 3243 1616 6636 8013 9525 8850 9549 5173 6541 6433 5317 2944 1770 3611 8049 474 5163 6818 8704 6019 1191 5621 9242 7674 1108 6505 8464 5761 5193 4405 5715 9945 341 8653 1558 7468 5821 7370 6860 562 8873 7808 6662 111 1545 4713 5097 5538 448 9431 6418 2978 5426 7390 9192 3637 8883 3681 6610 1737 7337 7760 6206 26 7419 950 9555 6604 5913 4866 9653 492 6719 8356 6292 9104 841 8318 9539 2000 2439 6898 6462 6511 6540
16 7292 5592 9738 5499 4708 1263 9897 2211 5044 8724 4553 9238 7260 9735 2776 6503 9206 7348 8021 3868 5893 6649 9428 8928 3188 7036 8564 512 5590 6315 8551 5843 8823 6542 5372 7381 202 2374 7427 9321 5533 6320 963 3447 1855 7731 9573 4503 6706 2164 7869 9378 9783 3453 8382 4782 2715 9918 7308 302 1460 2825 1699 4244 3902 584 9385 6707 4392 5720
17 934 7417 118 6386 9226 5664 6170 6058 3930 1747 714 1646 6271 3434 7659 2963 8380 8200 260 8164 7190 2559 7004 8057 6031 9361 976 9824 658 5860 9329 3749 9303 3689 7473 1438 9782 8554 9056 2139 8722 6716 6454 9178 7956 2486 3794 8808 6253 1526 7650 9809 8039 7992 930 6879 9180 345 1997 4679 8940 9320 3300 2587 5249 7821 7668 8693 9775 3501 5719 1599 2186 486 2423 7952 2230 6980 6305 2697 7719 7828 9276 729
18 838 617 9615 8660 9985 2445 942 4525 1415 5240 5945 3266 9709 8870 9316 2840 538 6209 1845 2787 8929 4886 1979 3504 7815 6702 8378 2664 7536 6656 7666 355 9464 852 6438 9012 3855 6351 6594 1158 4371 6029 7745 6369 6644 655 7878 1524 8264 9821 1856 5706 8680 1089 4547 7918 1309 580 3016 5842 9433 5322 5246 5547 8621 1673 1211 1732 2303 7556
19 1363 8536 5750 6241 7649 9577 3915 5017 4699 1518 1178 9237 3790 8393 8425 8652 6153 9497 7784 3687 5503 1965 6737 7320 6095 8076 6175 7516 8942 8730 2272 149 9841 8385 9643 9646 7985 2160 2350 8510 1583 3582 424 9498 1401 5180 5742 6280 8820 5405 9406 6763 9610 2611 6233 6457 7108 9357 4224 6478 5630 7723 6839 9046 7829 2220 7910 7090 8545 6504 6267 834 9213 5740 9116 5454 2364 7511 8795 8352 7402 7366 539 8126 2945 7654 8507 8027 8753 6782 1448 5487 2483 4956 1258 2169
20 2040 6035 2264 8788 4316 6611 5595 4737 7214 426 7297 1969 2481 6198 9381 9697 1866 2379 2419 4627 9770 7341 5122 3374 5071 7152 3781 1798 9071 1502 2217 2956 5685 8251 1719 1176 3309 3904 8342 503 7289 7747 8809 8953 2001 4375 3676 9746 7845 6360 5697 5489 8955 3498 507 2794 9758 7759 5353 4894 168 8678 9944 2694 9054 5108 5033 9315 9902 8592 2786 3189 8876
21 8520 7027 2967 6461 1929 4839 8375 7277 5998 1923 4204 1692 5105 1656 9443 4090 1688 1416 9966 5411 7850 7254 4887 1950 5351 912 7863 2790 8702 1988 9002 9651 2020 6549 7051 2886 9630 8396 5498 2309 3428 7248 5898 8442 6833 6543 1219 4212 2713 7817 3259 4700 2110 445 874 9445 2460 3098 7922 3119 8237 6619 1754 7917 2836 6734 682 2890 4388 7938 9098 5772 280 4323 9247 7640 9391 7245 8781 8562 5711 3690 983 8480 2775 9083 277 5500
22 1748 4729 2308 3479 1573 4271 8866 596 4266 1775 7775 5535 8456 3866 4513 6173 6137 1563 7385 5784 656 2926 4573 2227 7975 9200 4539 2647 2076 9927 3997 715 7757 7667 7687 1474 7339 8463 5614 6859 8398 979 2027 4158 6956 5410 1433 4239 6753 4906 7149 58 1982 5873 1440 15 9807 5919 7895 3831 6585 1832 1027
23 6742 7409 418 5176 7281 6452 4840 8087 6646 7203 1371 7488 1850 5574 275 8033 9011 6574 6809 6232 7881 6422 8550 797 1632 4718 3329 4053 4879 7739 8503 4507 7986 2830 784 2159 9179 7515 1370 8119 8080 8968 2085 3219 4022 9505 9208 1187 515 1123 4773 6721 8121 6258 8639 8757 6092 419 8250 4760 9400 1559 4139 5348 6345 8821 406 5602 6134 1713 531 3929 1906 4528 1618 4642 5081 6113 7434 3427 8547 9688 1294 2006 1962 5125 1924 9318 4682 4359 9290 2680 1584 4969 4384 1055 6502 3508 1060 9049
24 2184 4125 2654 8190 2441 5529 2708 353 1828 6000 8202 3080 9073 2288 1072 1388 753 7769 5659 9053 1028 398 1603 8488 2158 6744 6985 6255 1417 754 5758 1289 1560 1209 936 7249 2397 1444 2609 3267 9952 3819 1464 8410 7500 7018 5734 1163 9139 2063 2752 9659 5314 5546 1473 8766 6824 1447 6210 3565 9875 3144 2254 8092 2218 3240 9737 2284 7327 7237 6560 7042 1654 3175 9472 4306 7156 2333 4701 2004 5154 265 7354 2712
25 3743 1983 2304 6439 3737 4114 4987 4668 267 794 6531 7732 9859 6580 5362 3421 8149 8233 266 7319 5516 9725 3795 1340 323 9078 6293 7481 7563 2639 7753 7688 2151 3802 7805 4327 5274 8902 1608 6089 7158 9647 4604 9351 2326 939 6329 2404 9422 7770 4261 4118 6489 8799 6941 3136 1373 3048 1625 8064 8150 3187 2315 4304 6464 3021 2850 1766 2208 724
26 3724 4219 2251 1630 8211 8728 826 513 4712 1128 7779 6332 2123 4052 7503 114 3854 2621 3419 2451 5724 254 6074 2718 4510 281 3391 2899 5453 9825 9729 865 1091 2433 5569 2008 920 7591 9911 7853 2868 9344 1269 4885 228 8299 7407 9672 9230 2845 9398 8620 9887 7575 9252 3965 6691 7421 6591 4846 8673 304 5576 413 5238 5527 7154 8790
27 9317 6090 3045 18 2869 4654 7458 2809 7486 5463 5385 6962 9719 1990 6392 2980 6444 7291 561 4447 7435 5838 9609 4269 1307 5887 2373 5791 6479 1546 6393 583 5536 5572 2302 4130 8317 1324 1604 6183 6774 8635 3592 7324 1830 7660 7681 5227 6481 8086 3705 4025 7693 9106 6102 8236 6905 5990 3328 3754 231 3512 844 7581 3405 3445 390 8632 1453 2791 7040 498 8397 83 9832 3182 8140 6678 9036 8848 2360 1115 9335 9698 7965 6945 8658 8054 1054 3849 8916 2485 9186 374
28 3322 3752 6928 7901 4697 1681 6537 3221 3938 7567 2914 5467 7386 182 8758 9079 4925 3074 8414 8145 4739 2515 8540 8694 2319 965 50 1144 548 8339 9891 3383 3204 3507 3533 5933 1776 2058 1366 1090 2625 9680 6979 2153 6606 1758 6167 411 5264 7066 597 4199 9105 3062 9910 2238 9090 2382 1932 6296 9774 3834 2321 664 704 7187 8349 7393 790 5381 3566 3950
29 3823 5396 2096 8581 205 808 2198 2312 2182 8036 7165 1777 6203 1826 8616 4963 7954 2247 3532 5209 9085 2016 8945 3057 2841 3981 8768 3548 534 9727 8650 9869 9620 1039 7251 403 3355 5795 8654 5839 130 504 9889 1254 6827 2325 1422 4465 2223 1058 1659 1934 196 8273 7604 7309 8439 5999 8666 8598 9175 7981 8703 13 2393 868 4880 1907 7135 7392 2069 1008 2589 7002 1273 9047
30 3430 6042 8856 4998 1976 4843 9408 4825 812 4483 3099 7336 4078 112 2213 4741 1139 4220 769 7217 1236 6766 2673 8222 2411 9803 9690 6098 497 8016 4822 5068 3888 2161 3680 2032 2369 9112 6668 8370 4402 4336 6325 589 2482 3545 3466 417 109 4559 2479 8969 8291 5339 2662 5276 5554 3265 1281 763 9125 595 6431 5093 9673 8978
31 3325 3360 7704 5540 3667 5696 8683 3750 6236 5284 1964 2214 2896 9996 864 9816 82 8802 5977 9300 7894 4011 4626 8201 882 2113 106 7168 3357 9595 7191 5239 69 1515 3635 4460 8832 6512 5461 7801 1069 2556 3607 3720 226 9876 5777 5431 4813 8767 7210 6 2617 1827 8672 4594 6445 5803 8864 7934 4914 1686 3487 5713 358 1875 9218 1206 5639 1030 579 3118 264 4215 9923 3190 7147 8371 132 3673 2933 1769 6432
32 4333 3462 8187 3088 9494 8302 5318 4593 8343 923 7233 3629 6917 9436 1094 9819 5701 9003 4253 9333 1674 6936 3276 6060 8824 4918 3342 5836 6552 832 9852 2979 8527 4947 21 6487 8044 7786 9346 7857 4312 8608 6929 991 4874 5631 3596 153 3417 7110 1660 5218 6221 4861 5620 4941 5700 7415 1439 947 2565 6352 7680 1567 6806 1148
33 9802 500 576 3334 8348 2452 2402 7750 6027 27 6287 6298 210 1865 8868 8825 6557 4021 7924 9415 1259 2427 1804 7039 4676 2260 1328 3089 7470 3459 5994 3424 1628 4942 5229 5268 8504 9114 8025 8096 646 7737 3984 7007 3601 5785 8695 4515 3043 7496 6334 1927 493 6237 761 2911 5863 3768 2335 4727 6193 1977 9604 2106 4770 6248 1568 8084 2412 120
34 2434 5829 3892 1817 884 9840 980 9994 789 835 3455 621 1233 4977 5856 7701 7888 7927 32 895 6145 8807 84 846 1403 3810 4233 4603 7625 9288 8675 5693 3701 99 2242 37 820 3161 4111 9155 76 1736 1376 4984 9596 9006 591 9188 8465 3645 9466 258 9639 4520 60 3772 7658 3141 5931 7783 6222
35 1210 7315 1012 988 9562 2156 2851 9452 4142 6408 2081 209 3356 7399 7422 8772 2671 1900 5954 460 5291 3369 2492 3083 6234 7734 628 7107 9711 379 9334 751 4084 7169 9259 4736 2705 2736 2118 3402 5430 9332 8914 6787 4976 7346 3051 4589 1531 3558 5156 8466 767 273 206 6926 1432 954 9150 4791 404 1159 5973 927 5914 861 6565 1838 279 6498 6961 2810 9925 8573 5299 518 1277 5968 7106 194 7696 144 1491 9566 2277 8476 6326 8163 3740 456 2065 1633 953 8165 59
36 8661 3288 2506 5629 7230 5835 4570 8436 3788 3576 4698 7743 6855 170 4188 9750 3086 121 8717 8381 3942 3476 747 702 6775 5586 1063 344 3845 6142 7573 2144 6831 5232 237 2346 2915 6367 5818 7423 9665 7057 2558 8538 72 4441 7064 6749 9993 2075 7148 1894 1815 8810 8596 6822 3291 1889 978 5585 7751 3011 3319 4765 8944 6869 6534 9165 5588 366 7839 5360
37 7446 9135 3809 8803 166 9009 4538 9663 8066 5542 966 8760 90 8004 2496 8688 3555 2368 6930 439 4300 5774 4945 2111 9489 8122 5563 9545 29 2429 8602 8570 321 9424 9377 6684 805 8744 6389 5448 7111 690 7545 8630 2209 5754 8373 8224 3796 5228 5074 7711 602 6776 9795 7397 4909 5596 8927 9894 1395 7055 9061 6055 7598 8797 2819 4138 48 4950 4459 5380 9931 2311
38 8901 993 2024 8332 3853 5369 1024 8874 308 1638 9942 1486 1774 7438 3410 8274 4636 722 1133 6076 8501 8713 3289 17 4494 916 6814 3862 847 7163 7063 7061 2728 9409 3302 1728 6842 1764 7394 598 2689 3622 699 1650 870 9608 1041 7047 7931 4165 3315 5567 7767 1626 2175 1811 4856 7867 8368 7003 4645 2105 545 2133 4065 8020 5716
39 4045 5070 3531 2989 9868 9730 5474 1437 6458 7710 2191 2365 7016 4166 6363 6138 5647 9148 1539 3716 7762 9812 2726 5725 3927 1993 6490 968 3851 14 3087 803 6362 7830 3235 7046 8983 627 4565 7353 2769 1127 6821 9082 8903 3889 7200 5721 1955 8379 307 401 5444 3213 8307 1577 5950 6213 5526 8926 9553 6590 7717 570 1315 3246 7011 5948 2226 1256 1512 3935 6934 7670 717 4742 1669 5788 7364 7052 1196 9979 9103 8108 9390 1519
40 8888 6239 9331 7725 5050 7471 7797 6909 2014 7576 4004 6900 1443 9892 3557 3499 4451 3475 8936 415 2066 8582 1239 9235 1908 6191 5491 9455 7115 239 8180 8887 9834 6599 3286 5747 1247 6653 7562 4646 3179 1243 1386 9258 6388 7293 563 2395 8827 9490 365 5564 4193 6835 3425 8015 1365 7268 1495 7621 9476 491 6523 9136 4798 2194 7136 5929 9694 8193 4042 9070 5808
41 4408 7766 1763 8583 9590 833 3848 3426 5963 6837 4919 1672 4895 9967 5561 905 9728 1767 2190 4443 2114 8589 8430 138 1591 4420 8467 3159 1390 9402 2489 638 5169 8071 473 2104 1282 1972 4100 3943 4168 2166 2465 5492 234 3033 9144 1426 3224 5271 8228 2029 5371 1984 2907 7014 8963 9561 8412 5855 3468 4939 49 536 8005 449 791 2253 4892 9594 103 8718 7799 317 2816
42 148 6361 8292 5830 179 9365 9456 5052 5184 3513 2037 4382 5792 7758 610 6077 2430 8444 2044 7197 7991 1676 1702 9223 6953 3040 6966 3306 2780 2950 6057 6257 1718 3551 647 5946 3035 1588 2529 3458 4575 5745 2050 8522 555 272 3411 6212 2339 61 8143 8313 1499 755 8696 3404 39 5847 9369 7513 9522 2606 1442 3745 8246
43 1710 1274 2665 6848 7720 3755 2070 8453 7029 6812 8831 4518 7127 5921 703 4555 5287 8633 1795 5889 6920 3095 2579 171 2372 5604 7264 9033 3280 57 6675 4156 5253 3376 6581 4267 7198 4896 8976 5541 1528 5290 2523 6659 9618 9487 1079 3496 3394 2753 2466 5594 8991 3028 5988 3784 2900 3230 4620 669 8667 5134 5769 1342 2799 4578 8994 2983 55 843 1172 8783 2571 9018 1609 9559 9337 4406 9181 1397 7529 783 6667
44 9094 4283 1222 6429 4876 9722 772 8610 1809 9129 1551 8103 4953 1636 845 1104 2243 146 9632 2749 5363 780 8858 2984 4124 9164 6507 3760 937 8329 2497 5940 1394 7527 8686 3460 9743 643 6370 6121 1649 5632 6726 7282 9302 2119 8506 6997 286 6338 1 3816 7235 6114 4434 1360 3269 4005 4038 1822 5395 1639 4588 9684
45 7969 9392 319 1327 8404 1987 2925 1589 7999 6353 6515 1406 8212 295 4832 5196 6700 6289 301 2711 6970 3587 6510 1959 2384 5783 7205 1471 1963 4308 4484 2832 1180 9447 3047 1643 1056 6889 5952 8185 1933 6784 1841 4767 8577 9004 1601 7485 1991 1538 7840 6630 6658 7456 1575 3279 5177 303 5146 5320 8575 5979 2239 1164 758 2974 6832 9350 2687 3801 7349 3756 8241 2064 7785 2670 6290 3361
46 9799 9716 7875 2067 9039 3674 8854 9965 5687 3614 2391 4273 2086 494 614 2062 31 6045 1593 8176 3976 2917 4185 2442 2756 3920 1064 6627 8244 892 1587 30 6450 2248 4143 1311 5920 9715 3407 3865 2652 6982 1481 7517 779 6423 2498 2341 7369 1120 3773 8559 7270 8249 6892 9530 4703 6823 1193 9888 8972 8979 2723 7782 2994 5579 346 6616 4858 4706 1074 7726 3227 8448 218 7826
47 2755 1098 2097 1080 8288 6085 4492 9204 2458 435 5543 3695 8123 5709 2440 4092 5661 9474 629 7129 1825 1624 4383 458 1492 9917 3257 6096 7832 516 5908 4529 9508 8142 5506 5582 1411 1004 2969 8474 3700 459 8112 8894 4120 2581 6230 1597 1745 7413 1020 4973 1785 6456 5984 19 9515 3608 9067 1574 3412 1684 3255 6671 694 7234 7087 6028 1859 1010 2768 362 2207 3414 1873 5911 5762 9614 8638 380 3971 2232 1508 540
48 4995 108 3599 1033 94 1480 4826 6965 3123 2672 7373 6548 3644 1244 2645 2634 2030 2472 6624 821 2399 4196 1655 1348 2275 5221 4557 9747 4419 3524 4536 261 2902 4103 2061 871 2036 9714 1682 2197 851 1467 8980 4756 309 795 5403 7864 4394 933 6883 6598 5864 395 3018 3534 5867 716 807 798 6861 4940 6152 3337 2975 2266 1330 3812 906 8243 4615 7218 5315 8716 8891 3779 1086
49 4967 2704 4804 921 1581 310 5224 4361 163 1190 3362 4487 1918 3605 3237 2205 1968 2005 9516 8359 7531 8941 1146 1872 8707 3061 6383 8855 1772 3258 1661 8613 4202 996 478 3683 9216 7328 2910 5366 2719 1952 6546 8041 9734 2436 6474 1823 8270 3685 7167 2782 5667 4704 4849 7990 4226 4017 732 2505 6622 2893 1590 571 6688 4132 1909 3547 2414 2833 4425 5003 3710 3572 4795 2098 7823 7124 4738 6485 6318 2192 631 2400 2162 5598 3100 1353 2964 9542 4107
50 2456 922 4258 5936 3238 438 2314 1170 4442 1173 2462 1169 4481 479 9217 9792 4551 45 9323 1803 4608 4013 2502 1414 2580 719 8593 2296 6022 2019 2491 3546 3521 9328 4400 1833 9616 4780 8971 5601 3793 2683 3824 3295 1807 8623 5811 3593 4748 9794 4169 4542 1355 762 8884 4437 1073 3917 3540 2469 3339 4726 3837 2834 2653 6524 4349 1562 4364 2416 6003 9707 972 4424 7355 678 4061 4172
51 8862 3372 8052 3627 2487 9260 8789 5257 3751 9420 8304 6106 6628 6933 7140 2817 6486 6185 6882 5496 8085 1821 6069 6401 2918 2714 3619 7041 8966 4744 126 3457 4433 6731 4584 6160 5295 3307 9434 6013 7103 3263 8549 1853 4983 9274 5359 7287 4470 8493 4094 6533 4618 6136 2028 6018 287 9457 1483 1319 4501 9394 2323 3682 4875 989 4735 3911 1943 3640 8993 5234 1458 9756 6188 7923 5550 5712 1742 1498 4254 1377 8205 5376 3996 243 6948 5686 8601 5256 4432 6100 6465 1485 4182
52 1419 709 9613 5350 603 8088 9988 7105 1836 3621 4479 3239 4988 3759 2200 3844 7342 3222 3530 5091 7119 4605 3284 3096 3079 5334 1980 3092 7721 894 1026 9100 5509 4537 2548 8567 787 5085 9995 5648 8133 1446 4655 326 2079 4245 8846 6881 3974 2167 6777 9254 7132 4815 3482 4540 4999 2601 9417 9949 5910 305 9263 383 4957 7885 387 967 768 6307 3951 6876 3314 1005 467 6878 7161 9126 4647 8706 3822
53 3615 3894 2901 3827 8100 3835 4997 4854 3777 6845 4564 5640 1796 5603 9397 4943 2003 4296 9695 1038 1996 6526 9885 4740 499 2805 6654 5422 6605 554 1711 1336 2428 2009 5279 3767 2493 9426 4574 6197 7212 3323 6609 2091 4305 1143 2642 2941 4488 1851 4922 3082 7085 9671 5011 9370 2903 465 9582 9429 2183 3308 4051 2792 4946 5090 4613 5255 2884 3505 101 2136 4746 6459 9835 2371 6480 1152 2710 4151 6243 1145 1949 4131 3586 2377
54 5874 4652 9810 8885 9128 1761 3775 4677 1050 6062 7455 3881 7948 3216 4915 559 4152 9601 1627 4625 6269 839 155 1043 3636 8896 4948 3783 9524 2178 3054 4330 1876 9265 6785 4585 4019 7031 4761 3072 4833 1863 3741 3481 1451 8777 9096 2388 7636 131 9998 6701 6398 1248 4423 3449 7077 8643 6665 2985 645 3711 4033 7979 6759 164 6937 2468 1192 3486 8533 4074 9764 4657
55 3452 9197 7774 2751 9815 2145 4010 4373 9075 9990 6161 7476 480 599 6118 3847 8763 612 2951 2147 5455 2134 2539 981 7608 8973 6010 7367 2651 7692 4337 2658 6521 3581 4546 9080 5986 3869 6250 189 4480 7495 1349 5823 5111 9560 6270 7744 5694 4167 2657 3254 3815 2803 2087 5732 3539 4374 5796 2426 9602 4629 7333 6695 885 2345 7613 873 1784 2545 8548 2137 1812 3163 9069 3926 4923 1188 810 2530 1936 8355 6802 3905 9172 2138 7484 6411
56 4298 9511 1510 6088 1905 7791 7913 4368 8248 6251 2103 6180 3368 6146 4809 766 9166 4686 9584 1756 3336 4237 5049 3023 3765 8526 4236 5304 764 1124 3659 7460 22 7130 8209 683 3403 8358 8655 1083 8335 5116 8051 2056 7978 4751 4214 1112 5343 4109 8511 1919 3725 2731 8227 9207 1434 4754 6187 3769 9984 4135 4097 3584 9185 4473 3214 4911
57 9922 3617 385 357 2287 4329 8077 5553 2179 2457 7146 5107 5331 2522 5552 3821 6380 6840 949 8852 4314 5559 1926 924 1134 6971 9612 4663 5233 2055 6376 1482 5790 3318 4160 3066 47 216 3544 4624 6954 3961 4325 4252 5642 2904 5313 3715 1509 1647 5476 4387 3205 8023 349 3494 2297 7117 8619 4116 9784 20 7196 4882 5054 5923 5748 6387 5656 7594 3660 3111 3429 566 1749 8576 5267 5578
58 6344 8673 9962 7177 6413 5075 6967 7781 1800 7452 7405 5159 8328 2682 4905 1556 9411 5038 8337 1212 4372 4183 6139 4014 8424 2313 2613 1829 6794 4702 2594 4719 9936 9836 1937 2628 9304 6312 7606 7543 8697 2435 328 5015 1031 9531 2378 4678 1596 282 4803 2923 3091 5133 3585 4241 1242 2201 7713 4952 9921 7043 7651 3515 4463 3668 9484
59 3022 8731 9881 7329 3194 5379 7070 7023 7698 5441 869 7715 9380 7432 9749 3438 9503 7144 178 1860 7735 4562 6430 9459 6601 9251 7256 8481 4203 6262 9270 720 5778 4549 3130 681 6228 6246 3160 6245 5440 4353 3176 9589 3071 2894 3604 777 4598 5852 3338 3418 9874 1418 5272 8127 2746 4734 6399 5283 9120 7162 3084 3260 8720 8479 2366 8098 5166 9726 8964 3569 9326 853 1726 5421 5605 1954 2777 2193 4070 9360 3771 7862 4335
60 7847 633 7137 7272 2778 7153 6877 990 9234 1389 1813 5212 9279 24 3744 887 7150 7944 429 7271 1232 2508 3166 7564 2702 8612 3385 28 8428 8494 8293 5645 6327 3562 8617 8167 4591 5323 975 6518 2135 1634 9512 2995 689 220 6238 1504 3303 6182 8018 1021 221 3860 1220 8117 437 1430 2269 7133 4490 9044 613 4099 5679 1424 4912 6751 7323 2919 1884 9886 1347 4541 198
61 2340 6908 7868 8139 1095 9760 7000 675 1017 652 8560 1520 7053 7224 3446 5292 6032 4161 4851 935 9937 7312 1696 2922 1466 6314 6322 8812 4635 2640 560 3656 6324 370 1288 3620 9765 9294 4343 5389 7088 4884 4571 7639 2245 4469 620 3316 3672 2021 6050 2785 322 581 2616 9396 9955 6921 7526 5751 5170 6331 3101 3994 1154 7139 3736 9787 141 5768 3312 6467 9591 151 7325 2874 9177
62 4641 8026 5101 5891 7686 592 7330 527 1200 262 8115 5179 4319 4750 6129 1195 1022 5241 5985 2717 6259 2573 3196 9191 888 115 2725 2330 4148 8028 5469 2538 6666 8677 5118 3282 3774 2716 9947 7480 9666 5513 2811 6264 636 1868 2394 3650 6291 6698 9624 9507 5048 394 5341 9413 9493 8784 4173 7635 2328 4191 8137 1032 9273 2117 3201 1507 901 256 6690 8239 3398 1071 2942 7469 4216 1956
63 7525 2422 5502 4412 1648 354 517 6202 7114 6584 8900 5037 1694 3993 1542 6520 686 2741 3344 443 6904 5886 6229 7800 253 7126 6402 6070 2084 2344 6987 4003 4656 8840 3735 6931 661 2734 2599 1339 3688 2566 3396 4799 224 2279 5987 5375 9093 7317 75 6826 5810 2626 6536 5034 2839 945 3236 8995 9858 7499 8277 3193 5961 5471 7935 8372 9026 9449 8240 4260 7447 6514 5458 2644 3409 9233 2146 1202 313 8877 4277 7932 2258 1102 3959 1852 6803 6313
64 62 294 8981 5215 6664 1610 3669 4566 6747 7141 2059 5434 7073 396 6545 6421 1182 5018 3326 1472 399 85 3914 5367 9448 1840 2952 5190 2353 5744 7583 9127 7387 8871 8330 7748 7645 1436 2663 7974 5928 2721 5305 2553 2649 785 297 8296 4961 5263 9575 5741 5982 7930 3177 167 1778 4201 1885 8738 8447 3191 5882 2381 4561 6014 3678 5312 9786 9425 3634 7997 3290 1125
65 4467 708 4288 8485 2126 2122 8109 8129 2531 175 817 4180 3401 9517 4935 5636 7620 5752 495 5912 1839 9811 5425 3384 7223 4259 8999 3381 7577 9626 2976 7843 89 7347 5327 8524 453 2629 6873 8687 6561 8614 4129 891 3730 7227 5840 2876 8181 142 6384 1105 7907 2206 1530 2043 5853 3952 8756 8420 8153 6696 2557 9767 2692 6851 3603 723 5078 2588
66 4232 145 9563 104 8631 541 7780 5152 9856 7279 4489 186 4968 4059 3218 1412 8283 9683 8238 5041 4587 7138 1690 7807 5231 5237 9661 5192 3647 5219 105 327 4348 5222 9308 4055 9295 6426 5303 2281 5217 201 5468 255 5164 879 9578 1238 6284 9980 2100 2615 632 7100 6663 5112 9723 2533 5060 9654 9863 8893 9001 2578 6350 8865 5131 9117 6699 7538 2071 5202 63 5036 7179 7813 9597 4410 2822 7648
67 5399 5012 6273 7916 5735 7451 4366 5427 3203 586 6065 7202 2889 3747 4881 4069 3146 6339 5568 247 3973 7497 4901 6796 5837 2831 5306 4801 7657 6801 3444 5325 3655 125 8075 3574 1140 6886 8521 5378 7263 7871 5262 8657 6440 7116 3955 6963 3944 4934 154 510 5570 5775 7099 5094 5727 2196 8741 5298 4789 4339 3014 8286 3692 7763 624 5705 2 8369 8698 8215 5655 8628 6377 316 6254 452 6907 693 6463
68 6025 4149 6925 7459 1743 1462 3577 4563 9227 3670 8629 9668 8204 7740 1296 5051 2099 7065 4322 6866 5799 1186 2824 2583 6455 4455 2023 1729 4819 7429 7406 5677 5607 7689 7945 1861 8605 3932 9938 3301 4776 6632 270 2604 6319 7395 5205 3169 7094 4897 9189 8363 1871 6964 9882 5172 5065 2549 2806 3031 117 1293 7523 4422 9740 890 6068 320 2605 8954 363 9664 325 1283 9142 1260 7344 5144 1816 172 9451
69 3543 1640 2877 5057 412 4246 6091 9174 9838 5130 5059 3968 7837 3693 4688 6705 5206 2495 1257 8793 4622 5418 241 4523 2349 5214 7259 8475 8478 799 5451 3871 2954 6639 2510 7943 2699 100 5904 1053 1285 9964 2199 9617 5181 79 5737 9158 4545 46 5143 7555 2074 8047 6769 4771 5165 6178 4351 2224 2607 3184 5726 2720 7338 5201 5439 1167 5073 8622 9297 4933 8626 5087 1421 5493 4775 2959 4971 9111 2567 8001 2057 8899 2237 5162 7092 1488
70 2823 9877 6081 4904 9699 1280 4648 4831 640 1367 6621 293 6436 2012 2865 4390 318 4194 4020 8210 2732 4105 4836 4550 9986 8437 1837 6566 4162 6553 7695 9435 7478 4544 9948 8642 854 5844 2109 8708 9536 9720 1723 9909 5096 9706 3879 588 6786 9286 2727 4101 4978 9687 9976 5198 9930 2912 5760 8727 5200 9968 9906 8182 9682 8053 958 2459 3523 6993 9471 2252 9796 3420 7958 8651 3770 2449 4994 8801 7504 3297 8985 137 1540 8156 5420 5010 2936 4675 1831 9461 9839
71 180 5854 7810 6256 1356 1333 7673 2564 1364 9060 696 1096 2913 9721 1794 6046 6372 4871 4764 4175 3359 2773 7288 5445 4970 3450 2982 2633 3686 6266 181 1960 3923 2946 3275 5702 6214 4023 6902 9674 1141 3799 1971 7709 3274 823 2930 6409 6715 4198 5419 8059 3919 5023 1358 197 6923 2322 5812 8568 6390 3285 4303 1435 4612 4684 5266 5472 6758 1207 3000 3488 9121 5358 7568 713 496 5280 3270 2684 7742 9199 4012 1097 9513 1782 4774 1491 6181 3155 1641 6283 4888 300 7220 2048 337 2569 242 8925 4072 2398 8055
72 6959 5326 1867 2041 4119 9065 9124 3648 350 9677 2584 1911 9777 5816 741 3541 776 533 748 4453 2540 3763 6288 3358 4205 9779 7283 8473 1700 9717 4711 8400 3242 4972 9099 1299 9453 5161 2821 7968 8387 2795 7887 1252 9131 9519 9102 5746 1685 9059 4787 8921 2387 8029 5571 2229 8932 2476 3332 3628 4821 8160 2669 5121 8817 9541 9091 248 7819 489 5110 7836 1354 9437 2221 329 8334 222 6306 5424 3211 9221 3262 8194 1392 8867 9569 7075 1326 9537 2127 1198 6750 8323 3271 1967 3073 2962 2887 5135 5850 5328 698 3436 1294 9241 3042 3937 635 9319 1045
73 3552 3004 3030 133 3441 1142 2892 3977 4354 2244 4853 2265 1805 6677 9914 1035 3256 1298 67 9829 760 8218 6397 3044 5459 7803 2499 5100 7118 5981 549 9246 2935 9904 1352 65 6919 2818 5293 2667 4016 672 9017 4428 4586 3164 9565 2173 3519 4046 147 8067 6265 1564 11 8285 556 8073 8636 9016 7557 4556 625 8345 3813 2351 1075 1555 5236 8338 5204 6113 6189 1787 9879 6309 9228 8281 2503 8195 2648 139 436 9025 9633 2152 3124 5114 8822 7980 3990 3912 1893 252 9634 1733 5822 1888 8423 7145 4659 521 1329 3178 7 9367 4917 4102 4630
74 4505 8845 5404 2514 3406 7959 9974 5086 951 3560 9583 9638 9339 6582 1262 4009 9340 4889 7549 4790 5859 1067 4661 8403 8434 5019 691 8477 5183 2424 7937 6648 910 5577 8265 7170 3958 5106 8879 3838 4685 8830 9961 6527 7173 1019 4837 8303 9496 8159 2788 223 8546 7605 7209 8714 9686 2820 8539 4071 1208 9543 8922 5138 3278 4577 7371 4929 2320 9753 4755 3127 7824 8225 8723 827 1537 2781 7603 700 7334 1557 9272 1025 9438 4077 7098 5058 3843 9110 8615 7877 5462 6184 2854 9855 3029 8796 2357 4779 5714 5924 5109 173 1224 1922 8556 3658 3106 1773 6110 4543 6932 7798 4197 4958 5857 4869 7900 8669
75 5870 2870 2095 3697 8939 2560 998 7669 9751 5876 7104 4512 2291 3887 7642 5497 123 8415 8749 6049 2204 999 883 8960 4189 2338 5374 1722 1516 1505 5433 3116 793 4037 1425 2797 6133 1156 3726 7933 6915 705 4674 3477 6556 7252 7761 5617 6768 4085 1308 7741 3321 110 6394 5970 2676 8733 7993 3874 6989 7465 2011 5763 5901 7078 2949 1612 1351 1218 3503 792 1015 8515 2225 6554 970 7343 3244 6008 5437 3875 5704 7216 1007 4435 9203 42 1985 7128 391 487 5394 553 3126 2948 25 3567 484 4225 4844 957 2509 3248 7044 3675 6634 6143 6007 8429 292 3704 2879 919 2432 483 3217
76 711 5905 3598 4820 712 2883 7599 4357 1887 3202 8146 9557 3025 3890 4223 7789 9388 3036 7093 4743 2996 8310 4251 7814 4610 9225 3489 5309 1529 2848 7207 2574 8457 1166 5123 6410 8662 1986 8736 8915 3789 8906 9619 3037 6852 2045 3415 1613 8361 3618 9008 2513 9675 7274 7430 7112 1904 7951 4867 3568 569 6460 8930 5136 964 1920 2500 4238 2706 6097 6772 8679 8446 7790 3956 2215 4439 5781 8336 5848 3400 9546 1130 359 9587 481 9662 511 1846 150 7160 8505 1760 997 5282 2168 4829 7060 9900 4313 9042 8261 3064 6447 6655 9924 7825 1034 1052 9963 3699 2733 811 8305 3713 8362 2998 1334 6730 1917 2203 2602
77 3234 5220 1126 3624 3662 7856 3949 8599 6300 1847 5151 4662 2603 1011 9657 377 1814 9252 5160 728 5723 3386 2872 7244 2444 5148 5681 3292 283 4209 8759 3250 7700 7159 7358 3109 756 3791 3181 6333 3209 442 3395 5682 490 2534 8229 5654 4041 4007 9048 3995 9077 863 1489 3776 2690 5522 6162 4960 2593 4450 4050 4816 4091 2698 7512 6169 9153 9951 2180 4848 1223 9926 8104 674 6379 2986 3390 3613 3653 659 1928 8406 8946 5670 6807 6186 6592 9860 5357 1891 5610 6419 7638 8913 5139 2031 3215 3579 4793 6151 9183 1981 1878 8909 1271 3910 9480 7020 5225 1792 9229 7600 926 1478 9556 3612 1975 4268 5969 16 7996 9170 7966 4902 4141 6499 9261 1107 1227 9463 1620 7661 3320 9393 2188 2143 2804 948
78 2600 1561 1002 684 6846 6703 1487 5026 2453 9147 8438 6466 1857 5684 7846 2846 2060 886 9548 5055 1469 44 4438 801 2774 2089 7866 4786 969 7332 6064 3873 2407 9156 9658 4117 7596 6906 2425 7091 3631 5079 6888 676 382 1550 6492 9363 8961 4931 8089 4872 5141 5251 4133 2525 2376 8199 4747 7540 6154 6863 4558 5013 8689 4291 9978 4619 7664 8315 9820 5757 2661 7892 8997 1461 1332 8490 1716 2598 8024 8591 1003 4944 6109 9703 3041 7795 6061 6171 1708 2637 8455 3691 6496 825 2875 5308 4418 7449 336 433 7484 9444 6072 2363 5917 8859 1429 771 251 3352 1571 6067 3885 5508 5386 6354 342 4008 4170 528 219 5991 6976 9262 6595 4317 2863 339 4464 73 9627 9744 3633 4535 1580 9907
79 2329 4665 485 4454 5805 8279 4279 8287 8376 8282 7215 9932 1203 2618 9062 8947 7838 2730 298 688 7886 7357 5809 3435 306 5834 5092 9655 4521 191 2010 211 1322 8276 9935 680 5756 2610 3006 34 4472 4835 4482 7269 1635 6317 859 1393 4690 3379 1267 7963 9679 1600 9137 4034 4614 1312 2078 5524 4281 5235 8196 1380 5377 5717 4230 9642 5566 7612 1185 5392 5195 7125 6593 5368 914 7558 8367 2592 6033 649 522 671 1664 9708 2332 1606 7424 1441 4664 8364 6448 4732 5316 1459 5534 8819 6689 5167 54 7601 8120 734 5449 4075 9161 3183 3561 5310 2898 3492 5651 9278 6683 9319 5865 1343 7588 9960 9280 9184 7164 7883 725 1998 6907 4134 1457 9064 4924 4554 375 7730
80 6607 1303 2536 9629 4691 9138 9929 2177 7822 2256 1617 4870 9313 7972 5544 3148 9957 3070 622 2231 1398 2771 2477 590 9896 4457 5903 434 4242 2233 8357 3897 7988 5242 5501 7185 5846 6692 4127 9364 6735 8771 8977 2973 2738 1214 695 2867 3474 1501 9631 9685 284 9176 9231 9771 9649 6972 3470 6568 8319 1044 4257 2929 8405 3764 8050 9296 41 6720 9757 348 9341 6038 9645 5342 4221 5095 2873 9920 6346 1945 5580 5505 5583 3299 8377 911 8289 4153 5678 6579 6355 9421 8206 4724 2305 1810 6975 3805 5939 4689 9550 3156 4048 7479 488 6643 9376 5203 7716 5733 3050 3439 8656 3311 1240 3108 462 8563 6168 3347 6272 3913 692 6874 1337 3408 1076 7010 9343 2185 9063 8472 4527 5324 5454 6756 3343 7729
81 1062 5793 3226 3167 91 9220 962 8844 8000 2742 9027 4772 5495 5627 6176 5626 9312 199 4808 6910 3934 372 1013 932 4667 5770 5494 7772 1858 444 1925 185 5199 1455 8857 8739 2352 4302 1179 1744 2920 9781 6337 2679 6986 2295 9245 4358 2550 9652 416 8847 8252 6040 70 2864 2981 4292 5755 6825 5285 5743 3833 4653 4728 2965 6817 7255 5175 931 5340 6223 8860 6416 6978 2171 1291 5168 1241 6443 5408 6602 3806 5669 2709 3516 1302 9032 1931 6509 7425 5584 8232 4569 2246 7403 7026 4466 2737 1305 8402 2585 3330 3931 8773 2546 857 786 5244 9072 9257 3511 5736 3529 3896 4823 2088 4315 889 425 8641 68 4578 8309 4633 376 4414 7768 160 7905 5129 9143 5009 1765 9866 7559 2668 3918 3899 3232 8245 4247 4039 5064 4217 9954 818 5147
82 4599 3293 8502 2409 2294 9115 5187 332 4416 2140 4184 7765 1452 140 5124 3991 77 3180 2729 3840 3168 977 5675 2757 56 2149 5230 7953 3399 4580 2025 9916 1881 9160 410 3900 2361 7879 3826 601 5056 9015 1292 737 2282 7678 3978 9861 9843 4265 2102 7809 6348 4370 4028 778 4576 2858 8975 8762 7477 4321 8778 2798 1410 9041 2348 9403 3836 6843 1036 8072 6301 3069 4486 7493 9656 2528 9371 9733 8484 5807 7247 4649 4108 9547 1549 872 9311 5300 1974 5382 8324 38 4519 813 7570 183 5995 9526 2015 7180 7243 3272 2789 1404 7262 2568 2362 866 7521 7508 5446 4533 9696 568 7062 2674 6321 7909 5191 9285 9510 9182 5976 5053 422 9362 1901 4341 7506 4778 4431 441 1490 7123 6144 6468 3962 2636 2619 806 475 8715 535 9284 1637 8541 7321
83 5061 7345 5600 8782 6128 5589 9310 7079 1522 7946 8366 2678 903 3273 2355 2524 1995 9154 4694 2577 6446 8063 1802 770 6779 5504 2157 1121 3112 9851 4083 7855 8431 9514 774 1217 6279 7925 8798 8889 5475 5673 4814 3924 7534 618 289 4461 4818 4256 992 5562 9395 8223 6791 4617 828 2532 3491 6871 5084 5937 8627 3128 7225 2461 3916 7796 1381 6629 5080 4777 6104 3909 3946 113 2627 3549 2638 5024 8725 8353 5514 2116 6645 6177 7174 1118 7707 2575 4190 3947 1359 9076 4398 7624 5892 364 1101 3067 918 5330 2624 1500 2268 1375 6992 8990 8534 1137 2800 6864 1306 263 259 7275 1276 7015 96 8034 6567 5906 4285 6052 4272 6406 2837 8294 5115 8517 4669 1175 1834 159 2443 8899 3162 8105 8131 9485 7258 8091
84 7580 8774 4310 8172 8742 6899 4898 8806 6764 7602 3808 3388 1314 1341 2488 482 573 5658 3010 6588 3327 8569 2471 7622 3195 35 2131 836 7816 6149 2656 2370 6039 7671 4916 4609 9407 6286 6865 8458 5941 7266 8595 4811 2827 6163 9625 7982 850 5450 3830 6491 5189 2270 8038 9373 95 4126 9710 3856 1731 6285 986 8908 7818 3335 5028 2807 7615 9534 6761 1372 6093 3564 9837 9953 816 959 3595 7697 3223 2163 4965 3078 2267 616 7961 4426 5416 5047 5104 4210 6894 5871 5435 7383 4802 908 8130 1171 9801 3437 8745 6026 4807 6942 2526 3706 8604 4234 4877 552 8937 8325 1493 4509 4660 1607 6172 2418 5460 8734 4623 8996 2966 3097 6404 7454 3948 3373 5400 2555 8321 7656 315 7388 6940 4331 1465 4301 3626 8314 3945 5815 2228 8128 1799 7361 9956 2878 1797 8950 2551 4318 1264
85 1316 7535 6994 8561 2083 3666 2961 4079 457 5155 8178 1379 8045 8 6015 3261 2017 7551 204 6551 8417 4552 666 3761 5127 2154 8078 8645 5149 7870 8719 1781 43 5660 4903 2630 6811 6901 1689 5452 3171 8443 4163 4413 7756 5481 5252 3556 6762 8752 7189 2535 578 4027 8558 1532 7835 9823 6875 7404 7614 6424 7246 9479 7537 9140 1409 2871 8068 9946 9478 3698 736 7068 4263 6765 6242 5507 2047 9057 208 6960 9023 1910 829 1287 9504 5907 5103 7662 7550 4352 574 7021 1819 5076 2132 4634 7989 3594 9786 995 6268 4229 9607 3563 6850 5029 6693 7028 4583 6012 6790 7560 2512 5943 2586 4115 3583 929 4067 3305 8161 1883 5978 1431 4307 3786 1720 1479 6517 4228 5265 4444 2276 8271 2620 3443 2991 727 9789 1129 6051 3472 1362 4456 7949 5008 381 6897 2261 6179 3145 6125 8009 9349 6544 1106 8297 4208 9224 2591 6276
86 8542 5289 9372 4597 7629 6021 8732 3758 9532 3969 3129 9141 4841 6451 257 4592 6996 9913 1683 8624 314 9908 7398 637 547 3766 9533 4606 5597 5391 4883 3281 9580 2446 1177 9912 8394 6660 1261 4788 5780 3657 3382 414 9446 9092 2970 215 4468 4671 6493 158 4164 9502 6094 6071 1266 6415 6165 246 4891 2686 6550 5002 2829 2660 3380 4860 2403 3876 6147 9031 5483 9028 3852 7376 9366 8048 6745 2971 665 477 7609 4356 229 8268 7265 4936 1902 8341 537 2517 5278 3858 3518 5623 2685 6400 4248 726 1651 6682 7311 4345 4365 8923 9865 4429 587 88 4362 2289 7433 9470 6625 6687 1023 3143 7363 5825 1181 7080 8383 9509 9022 5900 2843 3103 4996 3870 420 6880 4865 7510 2748 2490 86 2766 4908 8712 3324 938 7682 5888 4506 6501 2034 5333 6669 8904 3528 3538 4369 1938 8074 4270 4595 1788 5814 7306 7898
87 8152 9250 9669 3075 897 5207 4890 9895 6260 8787 5708 6872 6797 4176 8755 1750 8938 5613 192 1295 2812 9468 1449 5765 3440 4855 2172 6724 1578 5551 1084 2562 7546 6938 3939 3882 501 8090 6349 1675 662 9292 9718 2813 2420 9005 9374 1117 451 6017 9338 3206 9298 706 8776 8316 7157 1598 2554 626 8101 9848 8529 5288 3642 2406 6995 3493 9383 809 9215 7802 5211 2940 2518 8861 9412 203 5319 6374 2908 9210 2285 3625 4910 4287 8157 5565 1582 8471 4326 6748 4452 7652 8691 1818 8814 6103 2849 6224 3151 7977 1536 2222 8263 4393 2650 1160 8508 3154 5832 8837 2121 6263 6368 4763 3015 5269 5548 7109 9347 6385 1874 907 1470 9873 5301 9535 3792 7569 8262 8500 6631 2354 9581 9676 4639 1940 7928 6587 5171 4060 427 4850 1849 7056 346 9236 4873 7188 8111 5517 7548 8340 6001 4123 7206 1184 4157 9872 4567 3142 2504 4951 5294 529 8587 6838 8419
88 2895 5849 440 5925 238 7113 7326 4938 6190 5069 1725 3526 7278 134 4054 6216 352 5062 3525 6887 9793 7663 5436 2779 1665 1350 8800 6913 7904 9222 6140 4962 7634 9762 9045 5447 2828 6054 5767 8433 5384 7035 4672 3484 7617 5949 5555 8791 3378 4295 6613 7631 4140 9244 3059 856 4290 3310 6500 5213 7192 3590 6508 8495 4907 9277 6927 2745 5953 7589 8640 432 2953 66 4705 9169 9919 343 2632 8740 8761 3757 7017 3490 6006 1892 707 9324 9401 7947 5869 1780 5698 6890 7074 9585 2431 10 7219 4448 6722 1151 5145 1790 3987 8008 6164 7171 127 4411 3746 5045 8878 8416 2390 3055 4959 3963 7379 5996 6528 5974 1253 9754 5676 2857 1739 5412 4440 609 3639 1399 8124 2783 8907 7874 1477 5730 2367 2590 9506 2046 7294 4514 7702 74 4985 1136 9640 899 9864 7236 8986 9678 3353 3268 361 8571 5771
89 1048 8175 6117 2299 6958 898 1783 8948 8665 7307 5833 454 6685 8426 3520 6816 3638 8590 1738 4560 3333 3093 5388 7463 6215 2547 5703 190 3019 3575 2939 2855 677 4824 6375 8158 9692 1061 8648 6340 902 2336 565 7474 3694 735 3606 2474 5955 6947 4862 1521 200 1877 9598 6780 4800 3002 9442 378 9327 1085 3609 8532 2347 3877 4377 8646 3753 5194 6569 2622 3578 7804 187 3117 1715 1001 8709 1605 8435 389 2888 5247 3416 1854 6830 1382 1543 9382 4378 6555 9441 7971 4979 400 5387 4355 7420 3454 7579 6723 1093 509 3702 5182 5186 6341 745 5066 240 4064 3510 5128 5927 6704 2212 1698 6308 6425 3908 4582 653 2022 6736 386 6417 5599 7033 5975 6011 1361 8492 2675 1662 5764 3985 3228 8692 982 1705 9037 6310 9 7528 195 3898 1843 1331 2386 2271 9483 7955 9849 9107 5521 8097 6713 2421 819 5934 8644 8207 7626
90 5077 1420 3245 6767 2743 176 8432 3825 6710 8081 7752 1189 4235 1051 814 6738 225 7482 6278 7448 2250 7194 5281 6382 5938 3703 4001 2417 6564 6922 4047 6661 4179 7623 5671 7902 5484 8607 6708 7618 1402 5197 3728 6741 8006 6988 7069 3733 2691 9857 9769 7462 8959 744 1278 2306 5989 4385 4673 4278 6078 7778 1374 162 2051 2255 8421 8574 984 4227 5027 4857 9074 335 6571 6396 6494 9830 8242 5718 6525 2988 2516 3065 6434 8682 7072 1533 3872 1270 8388 9249 5117 9293 6111 4847 7411 8748 3413 4637 3200 4982 1671 23 1135 1667 9119 9778 347 3027 804 9123 2793 360 5390 5786 5302 4297 2013 2596 6516 6420 5119 2274 9055 7232 4745 6357 3389 1463 4759 2112 8002 8253 1194 6108 6680 4600 3367 9741 4399 1251 8401 4717 525 6030 2905 128 9844 6793 5894 1284 8460 5794 4342 9883 6240 3135 5557 135 4864
91 9058 4590 600 468 6166 5515 7889 7509 6998 7352 7619 5000 3500 1245 1895 1864 7120 2155 9650 5674 9264 1506 1088 8327 1741 4993 721 648 1730 8392 4294 7941 9462 9905 6617 6086 9731 4096 4784 1078 606 7037 6739 9766 8445 4926 214 9689 572 3251 4474 4136 2802 2501 8169 6939 7305 6867 5414 8177 2234 3960 1405 3020 3895 5226 3922 7300 3732 9287 8254 3008 9108 7426 7733 1157 6911 3506 3842 5845 5885 1709 1275 1286 4328 8220 6036 6412 97 6836 8779 6618 5482 6729 1565 6395 9354 6119 5956 1081 5633 7208 4000 5731 8843 7050 5622 6373 7186 250 1147 1014 4338 6207 8721 4817 5531 8135 9702 6127 952 431 7491 7890 5083 9915 1946 8750 4218 8483 4752 9989 8935 1899 9982 3748 2286 3157 6131 4628 4709 4650 7912 6583 3886 3721 3928 5006 1162 4458 6596 9667 1199 1059 7316 2856 6672 2293 4707 2249 6558 124 5336 1070 5828
92 4080 1077 3880 6951 5185 1898 8260 8917 2278 9623 143 8272 3102 2392 9797 9788 6075 3643 6235 4949 227 6141 184 80 5021 1213 3719 1046 7703 9791 9850 9306 5890 1201 1496 6641 4243 8095 8094 3803 759 642 8600 8192 5032 4502 6532 8833 3304 5545 9538 3115 6728 6047 8618 2770 8166 2608 8284 7475 7151 5753 8671 2463 7906 9520 1757 3661 8962 4309 9410 9379 3122 9958 7833 9611 3422 6105 4066 5776 5831 687 6562 1103 8188 288 36 6123 3313 5157 5248 9291 7009 831 5042 87 8399 7285 2334 3988 3957 4360 6714 8920 7431 2635 2744 6056 9086 1594 8035 9089 941 2906 4177 6991 5641 2241 2511 2219 1644 7498 2934 3536 3090 8910 7049 5922 8221 7655 217 4531 9540 5208 5364 3350 5668 3786 8247 2484 1300 4320 3170 4110 1935 5428 8173 7221 5132 7851 2760 4401 2054 9635 2891 4921 7586 2383 4082 9628 909 5651 3921 5099
93 6652 3085 5223 8663 4695 746 1663 2537 331 9943 615 5728 9000 9761 2298 4986 4057 7987 2073 3423 6813 8670 1534 3012 4607 7142 4006 5916 2343 3060 1049 608 3113 3980 8062 8408 1566 9941 1000 7001 7086 5332 4477 3884 188 2993 0 9469 3891 4640 1882 4913 1541 1138 5473 3483 4213 4670 8461 1310 5456 8269 8217 3679 7034 9544 718 1523 1751 8829 136 5689 9622 4730 1018 1009 3009 6903 9724 551 2300 8911 5971 824 5480 9021 6955 4683 4621 3986 3832 3442 1268 9482 3517 3058 6834 7030 4681 7253 4081 9168 8956 8189 2470 1131 9592 3580 4282 8454 7994 9052 5635 9705 8813 9034 4089 4475 654 4062 2331 6231 6194 8699 9564 2700 9007 6087 9133 3287 230 6066 430 542 3696 2120 6637 2885 4026 6522 4845 3527 7400 6626 9255 2520 5959 7143 107 4068 663 7984 8170 8148 9301 5417 9903 9157 5628 5020 9043 5644 174 7184 7926 7501 2301 9648 7554
94 8746 5972 2909 4086 837 1042 8300 274 3017 8881 7776 3461 667 5270 5804 4758 5072 5402 8853 8037 3509 5532 7096 623 3867 7593 1740 5296 3953 6082 4264 1921 3451 3114 2124 4842 5573 2181 6469 8010 5520 1325 9491 5965 4122 802 9097 7101 4207 3707 5465 5827 8391 3798 7204 3979 8804 3152 4029 7374 5014 2882 5088 4716 5798 3983 1658 8924 502 423 4286 5102 1114 7852 6449 830 2707 961 455 9439 8943 6697 6757 7518 544 3671 7983 4299 4601 5210 4930 9713 9969 701 3573 6651 604 1165 8835 1047 7082 6414 5478 1246 7378 2724 6657 2847 8826 639 6577 64 6733 7199 5923 1357 6304 9271 9152 8895 8409 4524 9670 9202 5646 8499 7298 3153 2695 5663 3863 33 9568 6918 668 530 6316 8344 9307 6805 4644 9113 8056 8116 9132 7519 8183 9416 9603 6473 3846 2438 9084 1912 2943 6428 1228 9551 630
95 5082 9745 8226 3283 7998 2759 3140 1427 4710 1579 5512 6101 896 1497 3665 1503 2259 5528 742 2448 3970 3003 9196 1706 8572 9800 3 9831 2772 4421 7494 3571 8580 5511 244 2195 464 4616 7489 3105 1476 8351 1231 2310 8780 8022 421 657 2216 8609 7322 2236 2570 3535 5692 1677 9423 7728 8040 8384 7787 1066 2273 7675 312 5997 1680 7368 5142 5137 207 5650 4276 5346 4187 2835 2646 6679 1939 7915 5258 3495 5188 8290 5406 6828 3878 1771 3249 4178 773 6323 550 7718 4231 4721 3966 2722 605 2519 5581 9149 2977 7372 4340 5624 1978 5926 3553 7921 7351 558 156 2007 8869 4828 3883 9599 40 4222 6453 409 9283 3467 594 4638 2739 4293 6725 7331 973 955 7561 1768 6943 7134 7811 291 9732 1944 4496 5158 7032 4284 5519 6544 3797 546 4725 9336 3664 3841 2947 2263 7147 6381 5486 7891 3727 1086 7375 1712 5457 660 4386
96 8531 9641 1611 3828 2754 7492 9289 2921 2987 8450 7967 3298 1082 4174 960 6810 6201 6274 2324 2767 371 6944 2375 6124 8374 5992 4899 1941 4334 4966 673 4 8659 8905 4651 7920 356 2148 6470 6623 8125 8390 9704 5932 3982 6282 3052 1323 5966 9780 3172 3013 679 2968 3649 4376 8597 4975 1396 4379 3478 4602 1890 7006 1205 4781 9475 4532 5782 1161 1385 2235 6740 1204 781 3463 4666 4367 3616 3294 193 6437 6773 619 4768 5606 6573 4928 543 5344 9773 3742 9386 8198 9013 8700 6676 3906 5759 2761 8060 8360 1313 8331 2763 2595 8065 4579 9833 471 7389 9521 8754 5510 2666 8469 4002 5983 4834 2507 9813 9159 2280 4344 3785 8007 98 4403 7181 7641 6603 3514 5560 1250 1653 9035 7143 1006 5915 8219 7396 7690 3542 369 7553 2844 8519 6303 5556 1879 1113 4522 5286 7646 5261 8046 4436 3600 6935 6815 8427 3131
97 8701 5710 235 6973 7592 5035 7084 5174 6477 4147 9353 8489 8347 5616 4249 2826 7290 7012 5826 5297 4409 3677 6575 6844 8834 4534 7880 4087 7461 5413 2582 5120 8354 5518 2541 2408 3149 5275 8231 1642 2747 1614 1759 2494 8258 4838 8957 8794 6743 2597 8042 4693 9281 4171 7683 6135 8061 2170 8298 6359 7724 4954 1842 842 3185 1631 7665 3252 3049 296 4391 1668 1896 5643 5398 2563 7211 3925 9755 7445 3817 9269 5025 8557 5259 1930 876 8566 8805 5819 1484 5245 2026 8322 233 8184 1068 4150 8114 7024 6841 4964 388 1913 1622 9691 1272 4937 5593 6612 2129 1755 4275 6356 893 8880 4478 5672 6999 4498 9162 3397 3778 670 9348 2475 5277 7539 9240 6614 1122 4095 5150 2141 6914 5688 1961 6615 7522 276 8513 397 2356 1703 2473 9198 6783 6073 6482 1727 2128 9880 3722 6226 8950 93 4991 4018 8497
98 4499 9681 3811 9950 3588 3972 6471 9660 367 8333 7929 6589 3465 3341 1249 788 634 3132 4255 4104 1623 4195 6893 6746 1553 9776 5479 5004 3208 4324 5881 4200 2454 7914 7182 2038 3641 12 1735 2240 519 1155 5957 7849 8764 6219 6335 1869 6204 9901 8030 3610 7727 8668 5625 4211 3814 2527 9552 1693 8147 7457 4830 1789 7201 8792 3134 1321 8301 944 6041 2765 9991 4098 2552 6156 7876 7054 8107 6476 6218 3804 351 4044 6857 2415 1880 5738 1216 2052 5273 2467 4878 5216 8525 3121 8320 2862 7524 3229 4476 4989 7450 7083 6364 5347 2410 9763 3907 1695 2142 867 4031 9854 3782 6059 7166 5817 5680 3125 278 4397 849 5875 6427 7183 129 177 4137 3859 7464 2997 3586 567 3717 1040 1317 7487 4906 881 1999 5779 3471 8350 7380 5608 9375 4548 6539 3502 3762 5488 1678 7653 8295 5031 915 1592 8214 5113 8280 5866
99 4145 2866 9567 7685 6311 6112 8411 2764 9975 6952 738 9256 6856 1475 1786 1717 9212 7360 928 4783 7755 7861 1701 5749 6847 1029 5766 9576 4186 4430 122 161 9853 4992 7365 4088 6220 8594 8890 2080 4980 9973 9605 1958 6885 2150 5373 7231 4415 1793 5942 7222 6080 6778 3212 236 3192 3712 392 1116 2740 157 7418 5851 2938 3464 9588 8162 3077 8982 2176 2318 4893 5883 5872 8452 4497 8413 3348 7350 6155 2450 3081 7919 1835 8934 8440 3731 4030 1428 514 6281 5005 3469 9387 446 6299 6535 4332 6116 8208 3370 3296 5370 4471 4154 7595 4643 5964 3829 4036 8933 269 1595 9808 4920 7076 5409 3363 5549 2002 7301 9414 268 6358 3225 1848 2927 2090 9342 7942 1870 7520 520 9454 3393 9846 8970 6277 9574 4757 6179 2371 4250 3056 3663 5067 1290 3597 7059 7712 3241 765 5007 2796 4753 7884 4262 6792 6572 9064 290 9460 8418 5662 6378 7013 6208 1468
