100
0 4578 3530 4735 8348 4572 3423 8142 9324 9300 7994 9725 2936 7448 9234 2362 3944 7177 4213 3185 9368 3244 6716 2955 2327 7868 7674 7889 9148 9730 1646 5803 8058 1765 7601 4557 9674 4283 4238 4143 4605 9168 6249 3342 1588 9228 1967 8934 4231 5897 2430 750 8109 8088 4263 9682 9967 2165 550 7724 8742 8840 8886 6028 8458 8254 8694 8480 3644 8098 8316 8813 2119 5569 9306 7990 5469 7982 7644 2372 7496 7802 7391 7718 2087 3482 2710 8340 7276 9432 8407 2254 8312 7166 6456 7792 7100 4367 6036 950
1 8857 2323 9040 8372 9499 4513 9409 8244 9626 8899 4508 8449 8585 9572 8486 7509 6888 3945 8471 3964 8345 8736 8872 7977 8338 273 7545 1972 9547 8558 5834 8448 9675 8238 2820 134 8288 1964 3536 8200 6651 8016 8328 8594 8968 6964 7951 7440 4130 7748 8233 9728 6518 6392 9046 6126 8554 6253 7500 7070 5542 8122 6695 9361 9111 6331 7365 8984 9082 7410 6352 7872 8234 8854 902 6144 9258 7290 8883 8626 7252 9242 8728 6830 9736 9330 8436 6686 9268
2 8172 4983 3900 4915 4683 8597 7348 4011 3223 9219 862 2158 4185 3442 922 8538 9322 9786 4491 1029 7208 141 3875 9389 4253 4214 8617 8440 4740 9640 4532 4525 9631 7230 8614 4739 4748 5286 423 4313 6145 8442 2308 8301 577 4247 5751 7598 5928 3831 9715 6097 9590 6656 3542 6472 9794 8323 4360 7548 7156 6874 7852 4396 4632 9253 4964 552 1030 6198 6776 8416 9 4193 4458 3303 2465 9112 1815 4427 4629 7234 290 4392 8533 955 4237 9596 3787 8706 8236 8148 8018 5394 9811 6356
3 9492 9357 9629 9595 9403 8749 9153 9877 8887 9059 8489 9934 9459 9619 8960 8874 9292 7888 7809 9026 9823 7987 8260 8981 493 7580 8503 7605 7963 8634 7334 8888 4812 7060 7803 8577 7289 6983 8198 1986 9861 7271 8045 7027 8892 9339 6755 9067 7732 7023 3895 8164 7890 8565 7072 6347 7741 8311 7449 9099 7956 8655 8077 6252 9753 7612 9615 8019 7847 8435 9530 8543 7153 7720 7662 8921 6994 6521 7057 8953 7371 5885 7239 6778 3226 6089 6653 6421 6441 6825 6112 6642 7453 5872 8374 5851 7923
4 9779 2010 4630 8057 5825 382 6403 7891 6031 4203 8949 1608 7071 455 6987 409 588 2758 3742 397 8273 229 371 8660 4481 1622 8138 1862 5473 7213 7419 9560 8026 125 8360 8309 2102 367 1551 3877 1173 8893 4907 6573 7991 7217 4266 6012 2196 1777 9185 3098 6587 1718 9161 5892 8094 4332 620 8766 7505 5438 6517 5556 7777 6254 469 5482 5840 6123 5927 8418 9181 3680 7337 4067 4052 4527 2840 7180 5443 3099 7028 2911 2217 8576 3499 2765 4884 6464 528 3658 3748 520 806 6283 2239 6417 1659 3553 3487
5 8859 9275 9325 9448 4391 7427 8720 7965 112 9641 9081 7663 9777 8039 9167 435 9209 1572 9205 8701 6743 5551 8059 3255 8110 8992 8699 8327 6211 7975 7727 9576 616 6990 6281 9908 9094 8739 8112 5882 8092 8030 6237 8095 8669 9741 7455 572 6512 5476 5878 9257 6750 7411 7225 8647 8839 8325 5820 6122 4585 6833 7666 7135 7770 2133 8215 1844 5787 5774 8346 9235 411 4467 174 9341 7921 9271 8114 6385 5852 3997 7519 8544 8124 379 4601 7499 1987 9054 7197 3001 8516 4359 6173 1630 4151 7820 19 3314 3437
6 8500 9521 8049 4500 8853 4389 3773 3628 7000 6889 7920 9858 6263 8184 8020 2287 7578 9866 9827 6569 8865 8764 7524 9869 2167 7416 3157 6041 7528 9959 8955 6760 9052 4394 961 3985 4873 4004 7491 3425 4244 7643 6688 4541 1766 5620 2108 6717 473 8241 7498 6864 61 3445 8150 5726 4955 9566 1874 1154 7327 4727 8005 7441 4535 1843 4991 2169 8884 5842 1889 6406 9744 3937 268 7862 7786 8979 8675 6658 2313 2485 6976 4040 6759 9902 6806 3143 5033 6522 1580 1592 9979 3904 1499 1998
7 9966 9252 9190 9797 8590 8528 8252 9787 9624 8003 8792 9002 8494 7678 7420 7167 9299 8633 8919 8265 9016 7018 8635 9496 7254 7750 7084 8879 7800 7470 7758 7703 8190 7654 7382 8602 6580 6096 7908 8106 8457 282 5972 453 6829 8743 7512 8082 7229 7731 8668 9308 5891 9724 5666 6386 6267 5739 5860 9729 5516 6650 7735 7155 7091 5887 6019 5886 6694 6556 5690 5270 6779 7858 6296 6271 7483 5910 5691 6074 7026 4137 7422 7017 7015 6107 6527 5904 6251 5571 5661 1354 5712
8 7734 4694 8119 5502 1394 9193 6726 2156 5821 2352 4111 2200 8659 9384 9180 3034 9100 4766 4363 2851 4167 8443 7425 4589 7462 7762 861 4408 8620 5282 5977 8851 4865 8525 4049 7064 7227 6966 7102 6302 4154 3974 4545 7568 1162 6897 9670 6332 8596 4297 8212 9495 4466 5994 2076 4012 250 8751 7062 6174 5877 891 6418 1124 427 5713 1754 3403 9318 9335 1313 6483 9593 9136 9454 2507 4984 5663 8264 5549 7351 5381 8295 2058 1032 3147 6577 3713 6056 8194 8598 919 7624 2687 2315 8216 2680 5641
9 9852 3608 9901 8370 31 4544 8192 9437 3216 8044 9110 991 8447 488 9012 9192 8108 4524 8079 9053 7529 8135 7602 438 7615 878 8267 8047 122 3878 4815 9800 3102 8097 5506 6821 5245 54 7763 4910 7318 6310 9897 7616 4365 7745 6934 5676 7378 7350 8928 7709 838 3078 5680 1458 9120 7655 7163 4387 471 8228 7650 4778 9290 7579 9763 6999 6579 6754 395 1069 6968 3736 8907 4701 6465 1386 1059 5492 1508 9472 8182 771 8093 3225 1803 530 3529 5389 6292 6240 8099 3031 1137 1855 8248 5699 103 8028 6316 6108
10 283 5 981 541 9343 682 1127 1036 8681 605 9146 4103 4029 3000 446 9714 587 4789 6060 1129 773 866 4827 8446 9262 7109 3947 6619 860 4146 4183 1089 48 3597 5628 7632 6341 1240 16 2737 2026 7640 194 5683 53 9599 7520 5527 2891 9207 5788 1831 3214 264 7751 9847 7823 947 2411 5632 952 9344 868 142 2819 8842 4233 3422 4703 6475 2186 2008 5208 6870 6585 9739 20 1888 4547 4877 3566 2796 4208 889 1907 9061 3663 2666 2923 3567 3551 5457 368 393 7911
11 8511 9287 8406 7297 7705 4734 7593 8535 1203 9321 7555 7019 8553 6161 7571 6318 6803 5799 7877 7058 8932 7073 5499 8693 6345 7497 5621 703 7814 5701 7789 6733 7314 1599 8551 3272 7190 8395 8613 5311 6365 8197 1043 374 7260 35 8515 8524 7830 8408 7754 1219 5998 5973 1056 537 7676 6013 884 9353 5507 6368 8664 5523 2150 7542 5603 5318 5923 7396 8261 5555 8993 1680 6974 5489 7914 7264 6678 6550 6110 5284 6191 2207 9553 5830 7570 5861 5303 5599 7737 8428 6009 8837
12 137 3795 1091 1079 3187 3588 8645 551 7581 805 9803 8632 1169 4276 2336 9875 7796 8439 6985 1945 5345 3854 1653 7450 3369 1930 87 3430 9374 7341 6993 732 4621 1144 1336 6045 3497 6474 817 8970 5047 5866 6643 1005 965 9477 9737 4875 5590 9864 4679 567 9526 4828 8571 1438 1160 4285 9910 4404 630 5776 3903 9142 3178 9712 4451 1101 3016 2822 450 4763 8096 8280 3540 5873 5191 7573 4856 9768 6003 5486 9960 5485 1175 2385 4645 9608 7080 1301 2588 1070 8419 765 3498 8153 303 3142 1485 2762 3740 2697 5166 5815 2845 6193
13 7993 149 9681 4530 1751 7634 3806 7600 92 8167 513 7973 7237 9971 8195 1018 1886 9743 4415 560 3476 1168 4326 6622 6496 1201 846 6038 9202 8937 7394 8985 1816 129 3931 8826 6698 8964 8677 9509 6929 5559 5321 6277 2421 9458 189 9307 7818 4338 1679 8128 6701 5850 1008 6665 6594 8314 4644 3962 4880 7604 7591 7210 8547 7268 449 5089 9713 3534 6669 7726 4802 2859 3021 1355 381 3678 8137 4182 4767 172 3711 6630 4706 1440 1192 3913 9390 2201 5353 9790 8412 9653 1879 4335 9276 7553 5585 29 300 7055 9150 3377 6937 1294 2555 4036 3411 7325
14 25 52 1082 224 9809 7061 3839 7569 1073 6668 9332 6909 8367 1851 384 270 279 1756 1695 7379 8819 9756 5933 6453 4624 1234 6262 8492 2876 6029 9561 8628 7844 2366 1315 254 8756 4633 7935 1908 362 2959 8397 9004 3118 9507 2261 6524 761 5135 7469 5184 7161 9639 4874 1040 4434 3141 3513 6420 5343 4510 9224 4613 3053 6482 1442 678 2301 1822 9369 7349 6859 4885 9754 8541 1149 8111 7931 9490 4065 3404 1037 39 5935 1290 6942
15 8382 7842 8024 517 8430 442 6460 6430 6880 1613 8612 8224 6788 5494 5930 3231 5594 6084 6121 5968 5308 6800 385 570 8012 989 5291 6008 6826 3910 4291 7404 8068 7116 3260 7653 9272 3532 5864 842 9478 5698 8902 3320 2962 69 9358 5601 5918 5939 3300 9845 7564 6381 4600 1128 6841 9415 6783 3706 6437 3439 4878 938 3191 6384 7162 7680 5431 8676 3510 8519 7690 6970 3249 3653 8848 2975 9594 4593 5777 2069 4327 8540 8165 6499 6787 8362 954 9282 9391 9116 6608 6729 8623 6784 1769 3734 7523 2364 8621 5554 6194
16 145 4616 1921 4821 521 7822 932 4273 8733 1869 3842 261 71 4377 1849 3506 5526 2075 7821 6748 8956 166 7413 7782 336 6693 1922 8820 1023 8601 8679 7919 6239 7013 6604 1712 7670 210 3636 8277 8815 6795 4791 1311 9098 6838 6725 4623 6057 6076 5364 5412 9001 9889 807 3254 9456 313 3942 9783 5564 963 5900 6644 933 3414 8350 978 6400 9109 1807 4017 6467 9377 4888 2237 3905 704 9880 6714 9183 8578 899 4318 6115 7661 4062 8355 7907 9203 5442 1726 7487 7958 7996 8043 4170 9867 5158 3447 1256 8867 1585 7296 7926 1368 7316 2614 441 4222 2128 5745 5470
17 7944 499 557 544 467 1704 7681 9538 6768 7121 388 592 1521 7128 7355 5376 360 8700 9251 3646 6794 3923 9424 378 1558 9807 2044 707 8996 8637 4284 7508 6326 7191 8220 8208 509 9663 9266 9531 3983 6561 5991 8427 5248 403 6463 9494 5704 3527 4946 9784 6511 2129 9840 6261 9796 9304 7749 6268 6876 9927 6982 5924 8880 5646 3782 6498 6614 2636 6050 1242 9398 1 7132 4753 1373 6298 3704 5865 6878 2995 5380 632 8556 6815 2985 9527 5685 7139 2862 8944 9066 5700 153 119 725
18 3292 57 1563 8783 2691 8214 9198 6948 8023 3088 7111 3252 1932 8994 4982 8315 7587 4822 3889 1594 7 99 5706 4248 8249 7340 8618 1962 9939 6308 893 3518 8738 2761 5950 9342 6676 9833 4044 7148 3502 7284 8643 4522 4797 365 5428 848 6570 7415 4089 7293 491 2675 7033 2112 5808 7282 5150 536 9447 2572 86 7199 9301 7412 5510 3725 5067 3279 1650 9894 93 5931 7195 3769 5719 9956 337 7003 7696 9921 6932 6953 5146 1935 4407 9883 4414 8522 4575 4568 5975 9214 9201 9835 3633 7183 8246 9898 6431 4381
19 9291 9215 9305 9388 9227 9117 7444 7948 8502 9088 8719 9288 7451 7211 7797 6828 8774 7216 7811 7004 6068 5960 7400 6762 9367 8753 5859 9135 7442 8100 6972 6684 6926 6899 6519 1671 5961 9178 4142 7541 8347 6423 5592 8222 3955 6995 7493 7362 7279 5430 7319 6218 8685 7630 7338 5573 1410 3925 6141 7530 7041 1049 5669 706 8330 8890 9946 422 6516 6100 8858 6722 1520 8846 6286 3979 4320 3328 5341 9019 9535 9911 8107 6549 6225 6997 5983 4371 3240 5982 5668 701 1627 2852 9806 1739 7572 7828 3196 2258 6131 9579 3220 7048 6246
20 301 1861 2072 21 1068 32 507 3941 152 8141 986 1979 6357 1468 9649 7335 5999 8534 1377 4684 9836 1474 6307 3420 6168 7757 6387 259 2644 3829 4657 5417 285 6354 1524 7363 4543 8810 452 6702 9764 3400 694 6181 3418 3387 2991 664 5856 5672 7392 7393 2052 1568 9143 3042 9022 4349 9591 7582 9230 2868 9278 7978 2142 1418 292 7285 2223 5720 594 7388 8891 2388 386 5333 3886 9944 2482 4588 5029 5108 3921 6753 8744 1607 2760 4141 7309 5979 3145 7713 7839 1277 3271 2662
21 2347 8040 439 2084 457 148 756 3776 7913 5575 9179 8060 8123 7906 7182 7791 7702 894 1358 1476 8807 583 8281 121 6398 738 9032 663 5984 997 1571 1233 361 803 2085 4095 96 3205 1686 5759 8936 8954 818 4712 5938 7224 7081 3227 747 7312 7563 1955 8895 4533 2423 6127 9221 1383 1251 1728 8329 3111 4937 1484 8972 7934 1720 8383 2879 8368 5330 1342 6411 8209 9707 1626 9386 1535 9998 3091 113 1248 4775 5250 1703 9483 7517 758 790 1633 6221 9337 8465 5276 6782 4794 462 8401
22 9734 10 2304 1715 3571 1188 22 8611 8126 8622 3063 4830 1771 1677 9936 2232 1954 2178 4347 1457 9024 4963 6192 5182 8527 2493 475 8990 7154 3639 1556 3587 581 4050 7240 7636 7078 9907 1868 834 9726 7626 6751 8827 5747 1773 2228 1699 1628 3664 6338 1832 3011 6637 8463 7306 9348 1318 4985 9072 7527 6853 1934 8116 7044 7308 4638 915 7865 6139 3246 643 1107 9043 5922 6312 8770 2567 4939 4520 6756 3138 5655 2792 3035 13 2844 5052 8697 7464 3537 1940 8143 4582 9084 6935
23 9402 9468 8510 8702 7280 7307 1210 4045 7611 6488 1950 227 7743 8768 6054 1989 8453 6599 7246 7708 8762 464 5881 5422 7438 2187 5629 5566 7875 8784 434 7024 436 4152 8640 7067 8462 136 1604 1574 6546 2340 5546 6143 794 7098 2099 7851 1222 6196 662 1780 5334 6120 345 8682 984 1110 55 6485 8832 2480 5635 1479 1451 2082 752 5277 3055 559 8758 206 8380 1422 1471 1956 8156 7042 7594 830 1421 7947 1852 196 1467 1674 764 6469 2322 1478 693 492
24 2407 578 968 1134 2094 1996 4188 6804 2341 1102 1752 2374 515 912 856 1877 2152 1662 2481 3434 2068 1841 1612 827 2168 1116 1644 1890 2381 8163 278 2086 3592 130 6700 2983 1026 9953 2305 1513 9316 9506 840 2222 1799 4715 1194 7380 1006 6798 7960 1714 8102 5271 6182 1760 2206 9254 8356 2063 9556 3412 2386 8824 1317 4941 2071 9164 2192 1884 3849 7559 1997 6350 7825 967 584 5605 646 1834 7799 2777 6956 4410 1273 609 417 9466 3801 2974 2006 8213 3756 5911 1034 3398 6790 1172 9405 3032
25 9638 2299 8559 7870 9048 2432 8737 4430 3318 6513 8232 2007 9444 6727 1768 3067 7717 2292 8557 4619 1969 7386 2266 7311 1039 9345 8885 1426 7414 7124 4038 2224 6606 7668 8999 1776 2021 8795 2442 7716 3274 9076 2617 1621 1901 2115 1762 4531 6978 5888 9206 6539 9119 2497 1586 6916 2713 2489 3981 1512 8666 2032 3932 9006 3948 1707 7869 1991 5814 8460 2000 3771 8497 4957 2434 5578 2369 7025 3673 9175 4060 6961 5246 256 8686 9774 2230 4611 1228 8050 5730 7783 6671 6616 9165
26 8326 6027 1952 209 8724 516 2319 102 941 2263 3230 1412 1094 1705 923 1697 3389 535 4206 9241 8735 2164 4742 6943 7466 1859 1493 6378 8910 2414 2101 4647 2468 3888 6528 532 5169 5513 3834 7258 4989 9107 4236 7206 9172 2863 1164 8716 4437 2947 265 3161 6892 5929 2416 1206 7874 2354 3337 8074 8239 7275 9633 2107 1376 582 5768 591 1395 2928 5822 7082 2268 8235 1567 6680 8420 5008 3772 6447 6205 1639 8034 8696 3717 9672 4958 2098 7651 1824 8275 8120 5147 5602 8998 1055 3467 3860 8678 1691 9603
27 8186 8405 7954 7507 7746 6973 9873 7263 9373 9005 7490 8657 6374 6621 298 6034 7324 7882 7845 5833 7176 8754 6204 8971 8221 6635 6967 8310 5709 5540 6157 6933 2419 8881 6940 5907 5624 7835 184 8930 7460 7151 6223 8237 150 2179 3115 1606 5705 4309 5729 2915 9870 5273 7778 3177 45 3277 3634 9013 9691 7922 1181 195 4056 3393 5446 5778 5678 8296 9249 1066 3384 9940 4424 3616 7955 6014 8398 7475 2171 3692 2801 4226 7346 5010 8479 9574 4097 2833 4444 7812 920 4725 8918 8055 4745 5395 263 1031 6805 8243 3528 9592
28 3933 3611 6689 7677 1205 3427 2445 2835 1894 5813 2400 2134 7049 105 8298 3715 7753 7356 27 2293 1590 2718 2382 6011 3866 9887 2238 4380 5202 3090 7178 8131 9862 1052 8469 2486 308 8322 858 7949 6509 1676 6941 2326 7943 8046 8698 2775 5915 33 4746 1742 6842 7389 1562 366 1643 3265 6792 37 598 6248 2286 4402 3902 2586 2490 251 8306 1184 8247 9125 5817 1470 8173 4902 1811 8091 7694 3984 8084 6480 6691 8747 3371 8790 6730 9684 3174 5863 9635 7543 2175 9555 2589 7658 6540
29 483 9131 7253 7701 3327 249 5630 186 201 6820 3912 4265 9089 495 5802 8925 3413 1948 258 2235 8923 6827 538 9568 3701 7652 220 8423 107 6067 3522 494 7575 6206 6625 4864 4436 5679 3050 3779 1530 6502 8180 5773 217 6243 6306 9465 4720 2674 8205 8054 7002 6851 2106 1732 7909 5064 4951 5003 4245 8517 7149 5894 4793 6766 4726 9775 7421 9118 1071 6489 486 8703 9152 2383 8927 4216 8876 3190 1488 8219 9460 2037 8592 3306 3311 3591 9798 1027 1337 5946 7097 9984 3135 5022
30 116 7829 3481 612 4954 432 2466 7181 4758 4583 1326 2209 7223 853 9802 9360 670 7688 4774 2439 4066 4418 1625 8741 1054 2447 2395 668 3515 76 2117 1120 9882 8608 151 1196 1820 9982 3294 3296 3424 5491 4411 9042 6487 8548 2132 4501 9551 7245 6291 9273 240 7918 9614 1357 4807 3043 1933 1575 9433 4858 9688 6114 2565 5934 9261 3622 6832 7045 5792 9236 2919 5177 8371 6687 1477 5919 7321 3538 8587 6459 2039 6257 8935 8978 9351 6560 3668 4952 1115 8967
31 2288 2211 7831 7209 7436 3687 6867 6293 6065 2036 110 5835 7173 5625 8476 6004 5477 6284 1573 2055 4312 7214 7445 2734 6051 2103 5741 6454 7169 3650 6247 6270 6219 7047 9379 3892 5841 3454 5314 3589 5688 5338 2829 5263 882 138 4270 5259 3073 825 7539 1406 4435 9347 7447 4201 979 2660 2976 3492 9550 6259 3555 7295 1778 1259 1145 4886 6336 3659 2926 8687 6817 2290 4234 169 2498 2056 7639 2455 1183 8513 6991 7878 6823 4752 9103
32 1236 8800 6746 4564 7474 7873 6855 246 1793 5541 5300 5606 7833 9888 1912 7513 7050 6758 7187 7354 5500 4008 925 8305 1961 4443 135 8799 8750 4192 713 6022 9834 4924 6468 669 2639 3472 5579 2979 1243 4850 7711 7719 7390 4015 881 3952 8207 2120 124 2042 7927 8484 9918 5517 7136 1944 2473 5521 2594 2188 276 2808 3353 4669 9416 1258 2766 6334 9049 1982 5113 7785 7586 9767 7764 8373 2013 4058 304 7056 7621 2203 1125 3040 60 299 2105 6303 4440 466 2398 9280 2606 3103 4459 8974 8171 1230 1797 4317
33 4361 140 62 208 2417 5732 1733 6936 8452 9376 478 595 6380 7160 4211 6563 1664 1835 9267 5535 7152 8369 5264 7122 4930 809 3951 3702 9426 4388 2111 8589 243 8467 3632 6552 9701 7381 905 2193 2183 3569 9217 2215 4750 7547 4240 8321 4301 5952 9044 5335 2151 6213 4168 6272 5969 2834 9602 638 4509 1136 6087 4707 2811 7331 1981 8505 5357 796 9758 5858 9558 3770 4990 7895 3585 3319 5268 7344 4971 4548 7637 8969 5316 132 9007 9349 1448 7052 5771 8573 6957 286
34 84 101 2717 1919 7257 8504 4917 8583 3698 982 4197 4923 242 8051 5648 1577 6476 1810 4229 9489 7646 2916 1119 5976 383 9539 6861 9240 7088 909 2185 1064 4817 6172 4490 4892 6066 5154 645 4757 7330 98 7635 1226 4364 7859 6626 3918 8349 2905 8814 1250 9844 6603 7860 953 4627 3959 8692 4068 6706 9255 2328 7179 5588 8227 3408 5324 1424 9086 3485 117 9315 2143 4770 5015 3269 4846 660 8313 7794 3324 9698 9035 4894 9510 5598 4950 7606 159 4138 1885 5487 9422 1897 1113 5238 2339 376 5847 9828 4956 9522
35 8652 2182 8903 9452 8403 604 228 7012 6971 230 5649 1010 8691 17 7292 5839 3250 5611 8568 5764 225 5760 5287 524 5550 8582 6696 5455 6649 5667 6765 6520 7360 5993 302 833 7468 342 6866 5633 4672 9028 780 6195 1578 5832 139 1212 1729 481 4215 8225 9874 219 3119 3568 1429 4267 5372 6079 9302 6321 8619 851 3844 7076 525 3446 8117 2166 4160 1198 4918 3064 1247 2964 5548 4570 9247 8230 8926 5328 843 2394 3409 7900
36 3126 1202 874 4101 808 8605 844 9709 7537 1312 333 935 906 2309 822 543 729 4643 8671 7439 9997 131 1875 8065 8946 9031 1045 3671 690 9399 4190 698 5232 2945 7826 1753 1657 9414 6395 2994 4031 1746 5855 5218 9732 9350 8341 3768 218 5449 4282 4974 8035 2557 6507 5733 4805 5769 3198 3765 3780 1403 7768 9413 2780 4272 3746 5693 8105 5547 8335 15 9194 655 7648 7554 7196 6713 564 3645 2942 3603 2728 1498 7729 9673 1148 3957 6596 8483 8603 2748 983 7232 120
37 255 1970 8818 1223 2202 877 8139 4737 602 5804 5845 3879 944 7980 6980 9854 437 5687 1131 7452 3275 216 8651 1902 607 4635 23 7175 5421 6481 8567 6977 4493 5784 3908 9871 3907 1687 724 1992 6217 5985 1374 7087 927 5347 5472 3786 7912 7059 6059 719 2655 9378 7020 4082 7742 4134 8781 8318 3899 6001 5371 4762 1360 2303 8914 8575 7236 2786 9983 5315 1319 6793 6523 3928 2064 5608 7788 1288 855 3340 74 6673 4494 5312 7730 3076 1870 2529 9476 1596 3229 9628 7077 7010 901 3722 2194 7522 6222 2393 2050 2054 7556
38 248 1529 4470 179 114 9354 8976 7876 3781 8761 326 63 9954 937 8864 540 3792 7433 6426 7456 870 6358 463 431 6427 3710 8995 317 6473 328 9872 5170 2242 6707 8056 6879 2331 4218 5694 5144 9188 5178 1281 613 1977 5054 9157 8193 1331 6226 5068 5407 2543 1058 4275 7364 5656 7964 1812 2138 7883 9375 4996 5162 9542 4559 7501 9047 9903 9069 7942 3241 815 8658 2576 3861 3361 9933 109 363 723 5339 9132 4239 7366 4102 1076 2739 2692 1724 4717 8444 9285 8344 1193 9199 2311 2568 3523 6918 6212 5360 8797
39 8284 260 9122 7014 7329 8336 7856 6458 6593 6183 1413 8748 6462 7766 6998 5914 5807 1560 1984 245 4446 6275 7675 193 5867 6719 1798 5522 202 3405 6078 8877 445 7021 8834 8179 7051 5586 7095 6230 177 7656 5278 8825 5426 6807 5812 309 9512 6834 5978 9735 5261 3916 4339 3963 502 5964 7692 9937 624 2689 2937 505 7771 2626 3232 3926 2725 2130 7521 6178 6329 487 2696 2904 8071 5786 6189 146 5464 2274 3976 6450 6428 7054 5355 2783 3994 3508 2695 5614 3282 7248 8364 144 9346
40 126 2148 9616 1481 3056 1159 1086 3079 7398 9139 4869 2716 2843 4076 9690 4838 7328 6320 8187 3014 5531 1549 8986 5519 5462 6132 3507 763 8574 9702 3407 9055 1651 839 3084 4456 6197 4751 5336 9876 973 3101 4554 7270 9484 9464 849 1390 539 4260 1306 3885 4018 6595 9659 6305 4191 2545 1041 970 9336 6620 5906 322 9540 7039 3583 9493 4795 5410 4496 3600 9303 3757 5129 4445 4293 6572 9559 4765 3456 277 5322 4759 6633 1047 3312 1345 5448 2283 168 545 472 2504 2034 9223 7043 2271 3822 755
41 9166 3790 461 1854 3 343 489 7212 9092 8763 519 8690 3486 9208 546 405 64 5458 8154 3077 5467 9020 3048 8292 6002 8866 6598 1519 3625 9808 2966 6007 3521 6164 66 4514 5748 2882 7353 7255 6098 9963 5488 7584 3504 349 6781 4692 1660 2613 2799 9694 4639 7434 5400 1490 2404 4859 7984 5794 5320 1620 3162 4315 5274 3841 1180 523 9597 420 6681 3346 2653 4947 2850 1947 4135 9417 4131 5265 1283 2280 3584 9678 9818 2957 3419 4225 5951 5612 4782 8644 1936 3675 5074 1507 2377 2252 8715 8297 49 8718 2057 1264 3039 1893 3870
42 291 4093 2302 4749 2218 401 8973 4561 484 7526 3630 197 9705 3259 4397 569 2096 9469 9662 3759 2544 2885 2284 6419 2621 8913 926 9821 7323 3785 9989 2787 9518 1721 7220 5145 7110 4343 3721 4503 2596 1276 5153 9778 5009 2538 2569 5118 5109 3559 9822 2029 6351 4813 3193 7375 2998 6030 5229 2334 4909 447 2668 9457 3154 6558 7188 948 1309 6325 8904 779 4123 5875 6873 4798 3846 3347 4595 1105 5724 8342 5133 3468 413 1074 8424 2585 2219 7867 5716 4099 6634 7885 8950 3626 3315 1637 8454
43 8333 4626 7249 6846 8566 1669 7405 913 6330 5677 6645 7819 6449 7085 3735 3512 7243 6789 3429 4911 6917 6035 3428 3999 5256 6534 9935 6848 3857 6883 7966 4314 8185 6455 4555 3767 5302 4157 4539 6543 4169 3071 5811 6869 4261 3906 3365 6 3383 7633 5561 4646 7200 1372 3966 3207 3169 3153 3544 2899 3950 3547 2711 4498 1083 7294 9585 9018 4073 3125 3204 3868 1817 2703 3421 7092 811 2735 3864 3156 2894 7117 2595 2346 8805 2837 5397 4833 4217 7066 3546 4384 8025 1916 9923 6494 9392
44 4205 3233 398 9891 274 9430 8388 3607 3738 9359 3593 3208 7235 7961 36 8843 6914 6881 9485 3652 3661 4294 2061 3684 221 1787 6772 8147 7992 267 7443 9648 5869 9106 8555 7385 1652 2943 5557 4608 3579 7454 4528 6663 6559 1910 9440 9025 6415 7903 1784 4109 5785 5269 3081 5313 5871 2506 2768 2483 7075 6672 7628 2999 4702 5216 841 9813 6055 4465 7359 3170 7938 128 5131 5210 9429 8253 5204 4342 1938 9482 783 315 1684 6718 6699 239 2712 40 3290 4441 7627 5439 4682 2141 3460 1975 5228 9170 7333 6073 1335 1362 3291 4540 7301 918 1334 5267 198
45 2245 793 4295 3987 3805 4700 2699 4776 8680 8245 4259 722 7007 5857 9133 6503 1165 6601 8251 5734 6975 4112 8070 8161 2642 3876 7834 2694 2952 3453 7989 7850 6655 1763 9586 5593 3350 9233 9229 68 1407 2825 5567 9621 325 2551 6287 5140 2520 3848 2744 2591 3660 641 1270 9892 2977 5112 2592 4502 4803 8868 2502 3654 2521 2426 1282 3338 2542 1269 8240 2861 6233 58 3331 1924 1199 6542 2517 1430 498 4542 4914 5304 7857 311 4129 3345 7083 5493 7407 1260 5899 2533 3596 1434 1122 3027 3796 1293 4861 2605 3367 4262
46 1672 100 9015 2384 1361 9680 9487 2139 3072 3712 9396 5956 8616 4399 9842 3121 8794 9582 9480 9667 5104 689 5045 5795 9634 9992 3708 4857 2249 8001 8008 1647 5060 5038 2002 5164 5044 5225 5134 1926 8379 1463 72 8713 4048 1548 4741 4620 4689 2234 9259 5241 1696 9177 9575 4908 4094 5157 1774 9085 2571 2625 2062 2020 5234 2615 3268 1213 500 1848 6360 2408 1800 9431 1618 2281 654 9338 819 956 7971 1338 5005 636 9281 2079 4538 2135 4230 1300 5011 4844 8140 4473
47 2083 7974 7985 8850 554 7261 3029 2251 7514 6032 5965 5642 5762 8101 5717 1661 2479 5607 7265 2033 6077 7924 4912 1614 990 7106 959 5826 5987 5420 1645 1655 5782 6061 5450 5744 2908 9978 2410 6659 5378 5736 5806 4614 2459 5818 222 2903 7481 1224 3574 7806 5478 5636 1873 5331 1995 5615 4126 8386 5996 3336 3266 6578 477 1284 2643 3107 2608 8705 3391 1330 1302 5650 2345 7898 6152 1103 3505 2413 4372 6529 1654 2484 5622 1272 3285 3865 8933 3929 2581 3727 2601 5560 1404 4642
48 1143 2420 4658 3438 118 2371 4825 4303 4940 8501 4696 4495 3219 1605 1140 2462 1179 2437 2253 1001 4882 1690 1003 4462 2418 2427 531 1016 9502 3046 702 9951 4300 4978 3092 762 4920 4274 1323 4378 6478 4666 4382 4594 314 731 1241 589 7504 2360 1158 8822 4897 1681 733 9906 791 9523 2616 810 5025 5221 5053 4944 895 813 5126 2860 2553 1482 394 3066 162 5093 3370 782 2558 2550 5076 2535 1346 6839 4571 888 1838 2509 510 4336 4553 9587 3816 4999 2988 4729 1402 3317 9517 3909 7807
49 4516 4772 2180 4705 1132 9037 2359 4074 2046 8332 3582 993 3648 4949 994 4781 8943 4713 960 2361 2469 482 3578 2136 590 8300 2161 3491 4210 9382 2824 3898 3305 2826 3728 3845 623 1871 720 8389 9408 3263 8343 4110 716 907 3432 425 2226 9613 2929 2190 30 2159 4847 2001 9090 8021 3313 1366 1866 2816 1517 4064 8262 1215 2126 3295 2645 1496 1833 4063 4090 4634 1111 8674 4432 3604 1878 3431 4374 1231 3466 237 929 2296 1716 3394 1928 2806 2803 6366 975 4464 542 2731 3778 4106 2664 4845 1466 717 5128 4228 1790
50 4898 1805 2003 4783 4529 1913 4709 2925 1905 1155 8710 4576 2830 2738 9987 3629 9445 9647 9955 2940 3862 9805 9501 4747 8787 9831 9618 3986 3577 8053 83 9755 2587 514 3322 4346 9039 9126 8031 1392 9749 9584 2552 8015 9003 3610 8945 7805 8775 1883 9849 9817 9993 9095 2429 4932 1161 7817 9283 3380 9931 5240 1538 4969 4431 8654 6592 4973 9034 5201 6304 2590 7849 7682 9969 3352 2853 5121 5165 8002 2091 4452 8032 9589 3449 3189 4158 1483 3741 1060 2522 9915 8299 5115 2930 5056 2549 3302 9286 6109
51 8523 4809 7881 3993 4637 6443 896 6863 24 5743 6774 7053 5552 3961 3643 6393 1813 3059 5936 7755 1447 5580 5368 4251 5293 7125 3238 2118 1828 6295 2367 6044 2749 5297 7574 1595 4476 6581 6136 7387 4072 6269 3802 6149 5511 4549 5737 5697 5958 5644 1713 5466 7645 8472 5408 4288 6896 7112 5405 6537 6898 5686 339 6210 6931 2753 2986 5370 5393 4448 5480 3960 5272 579 6824 3374 5373 5288 6938 4460 5659 6950 4425 2854 5645 1465 3562 2009 6363 2933 4386 3473 6155 6739 3475 358 4480 7430 627 3967 3248 3852 8259 6769
52 4893 4166 4084 3635 3755 9511 4439 9370 205 3545 9950 9742 269 3299 9503 3621 3049 4598 3310 4678 4014 2121 4127 9612 3602 4664 8817 170 4429 4942 1385 9970 852 3239 8176 4537 1597 90 2981 3183 3308 3576 3158 1229 3392 651 667 4866 3326 2927 1641 2847 5094 1667 5114 3175 4221 5122 3188 3882 2523 9394 5014 5217 3375 5190 3287 9295 7738 3309 4051 4025 6148 9606 4628 3488 5189 1381 5080 2508 355 768 3819 966 4254 1359 1839 2344 8271 4779 5007 3089 5083 4107 2794 9186 816 2875 3280 80
53 4607 2095 3511 4001 3395 14 4698 6780 7063 4003 9407 6435 2100 2922 3554 9329 5180 2990 7123 3416 2886 8896 2415 890 2556 7277 2051 9816 5203 4124 1384 9922 5198 2700 6591 2746 5065 2488 9722 1389 1806 4636 6723 3212 6547 1439 9524 7342 832 8962 8688 1244 4395 4370 7406 656 4716 3490 2920 4780 2124 1093 6207 5088 1749 7815 2104 1906 9942 4852 5227 942 1432 8579 4489 2640 4121 2650 2575 2724 1444 2390 9770 555 6618 665 8491 3197 6362 9654 3803 2607 6641 5032 1414 9692 9434 5156 8514 4933 2661 3564 2597 3213 1971 2516 1287 1253
54 2 601 226 4354 1966 2265 284 280 7446 1860 4022 4622 9554 9848 9652 9666 9895 9704 4972 9014 7950 9723 9127 9451 9804 4916 9706 4383 8642 9578 5048 9949 9163 8708 6629 9746 7219 5018 4688 430 9941 7370 5075 4114 5046 8630 7617 8066 4590 4526 5179 4998 7218 3774 4376 7150 7118 6359 8938 9747 5214 9239 9187 9515 8908 8549 8278 9773 5087 4403 9441 3855 2672 9263 657 4993 9630 7589 2715 9513 7473 5036 5172 2624 7031 5226 323 8777 1559 5175 9650
55 9151 7304 2350 6119 5640 8804 3777 6674 9356 1988 8532 6099 6508 8011 4091 5966 6370 8381 9162 8255 5307 5543 6319 5351 1391 5727 5432 7241 8530 6156 5754 4819 5587 5714 6631 5460 5581 7399 5942 6615 2127 6043 2405 4433 5049 1744 1436 470 5471 1435 5740 5125 8062 4965 2357 3804 156 3863 634 1727 5013 6344 2898 6142 1417 2874 3458 908 4115 5262 974 4200 3020 6322 3893 1547 4113 3826 3810 2438 3343 6082 916 1340 2658 2373 4148 1959 6134 1443 6912 1255 3919 1291 3469 161 8498 2997
56 4656 9801 3880 9637 46 9461 9159 8464 6348 2496 7567 9711 7096 3732 3825 1601 8909 4277 4483 7772 2781 3580 8129 2229 8518 5105 1009 3764 1329 5236 5237 4905 4027 9991 252 1433 9625 3236 5209 659 9609 5095 3096 2402 2031 5186 3797 4219 4468 2277 2109 9885 2443 1570 1818 9569 2791 4506 7813 1506 2317 924 1327 2978 1723 2967 2827 1946 3565 3617 9091 3699 2458 1836 6786 3813 9799 9443 2018 635 5901 7884 1495 3106 9030 3134 5016 6890 7408 9886 6662 2652 828 3656 2657 5163 2910 692 7710 8481 3872 7506 1782 4515
57 4697 38 1152 4660 4849 4405 6831 2088 3500 4659 5159 3464 3696 1734 1631 971 2649 4668 7970 4096 2307 3821 2771 4258 8104 1827 1602 2428 1904 2065 3743 9474 2798 2706 3820 5101 1415 2914 1509 867 2772 1446 3397 3262 7402 8816 1214 390 2721 8473 3965 341 5197 1020 2763 1085 6708 3637 6763 3332 1736 625 1182 4021 900 3824 5171 3594 3990 7667 8387 4355 2314 4948 1543 8270 8529 1552 644 1949 2170 661 2954 5039 8586 6749 1267 3199 2907 5941 7608 8422 171 4650
58 4921 67 4417 4558 9529 9362 9543 9919 9727 4615 4033 4997 8086 1038 4159 9265 8294 7932 9839 9536 6837 8570 6850 5879 4401 6407 6264 5222 8796 9610 7089 7775 9366 9994 8689 8211 5194 5350 1829 7009 1238 8258 814 9819 3334 4602 8802 1274 1533 6884 4975 652 2023 474 2487 3762 2736 8512 3176 3943 7251 4289 3752 4302 1619 2403 2946 710 2248 3410 3127 8181 3677 6006 9693 4966 3920 3874 2024 1629 3136 777 9011 5001 297 8829 2972 3478 9855 2247 4718
59 7590 7866 7583 7629 7222 8809 7193 1156 4328 7937 8441 6382 143 8217 8133 7863 5790 6438 7137 7298 5702 7417 6102 7457 5653 6675 4139 7086 6396 6979 6654 6053 253 5461 6865 9137 5853 6023 1609 1615 1296 4220 2809 1278 3304 2663 4603 3558 2577 1978 1397 2788 3694 2815 1393 5798 3243 3357 2578 1840 2017 2690 714 760 5004 2391 2804 4133 1925 3163 2973 5613 1649 2770 2212 700 1387 917 3018 629 6854 3535 7933 637 6346 3094 375 295 2005 3489 3086 7940 1665 1576 1324 4868 3368 3733 3606 160 2960 4249
60 4353 4652 9740 859 9331 9439 875 9759 9057 9975 2278 9965 8789 9990 9058 4485 7625 3524 7424 2236 1523 8531 743 4722 2503 2784 3793 479 3682 2564 287 1920 8392 7725 4674 792 7471 5023 8378 8287 3800 4323 2671 9782 89 9605 6229 2902 7736 5110 9646 3132 5040 9757 3149 5329 2474 2494 5251 8319 1254 2273 1750 9926 2501 1220 2067 9404 3166 2173 3179 2027 3047 1692 1441 1544 157 9820 2896 7773 7999 6166 459 8006 9825 7068 8672 3620 9200 7347 5107 2931 3028 1232 9204 1502 3953 7793 1515 5239 683 7824 6000 2338 6471 2448 7700 3493 4026
61 526 4936 9237 3724 4202 9023 6835 7384 1053 5415 5152 443 4591 9256 3165 4149 5365 9385 3887 7266 8821 5544 3007 1710 3379 6947 4442 9565 4043 5111 1923 1320 8831 4321 8717 1450 5091 1464 2353 6383 4125 2670 8206 3884 3256 1546 8980 2375 9860 7372 5071 8653 81 2901 672 730 2476 5174 4223 3186 1332 2531 8591 1688 4455 5199 2016 4156 1050 2751 3333 8684 5986 9412 2941 6510 633 8229 3799 2137 2580 8952 3723 735 4919 320 387 3124 4420 5258 5323 8550 11
62 75 4478 3557 9850 0 9658 4931 9785 9905 8581 7774 9497 9436 7486 8785 6697 8013 9588 6808 8991 8771 9010 9947 9327 8132 9056 8337 9980 8951 7552 7936 8160 9928 8396 4199 9243 6988 7854 2452 3525 1587 8196 5254 1257 1087 9996 2948 2356 746 6856 9961 1779 8272 8507 2321 5275 3008 742 5572 831 5215 78 5059 5352 7244 5383 173 2227 2233 2470 5031 5674 8007 1525 2702 829 5707 1022 7562 1292 3836 7897 6538 1825 3015 5139 5346 2917 854 3750 2612 9708 8593 3483 8731
63 9232 7892 7848 9789 9277 8274 7558 8445 7207 6734 6860 6952 7172 6589 8526 7928 9155 943 8725 4577 6544 2701 2547 4899 3139 5623 1121 1698 4980 3433 1737 1685 1584 3415 4144 4492 5034 3057 6167 2956 5290 4340 4651 680 5746 5386 5123 4002 1489 2951 6432 95 5283 1419 1821 3349 1783 5816 787 5829 1917 5119 4070 2310 426 610 1896 2778 812 1741 2320 2667 4994 4562 4019 6313 5309 3201 5681 1462 5539 2750 5553 4010 5244 6535 4904 2884 823 4119 3807 1452 2912 2527 3459 4046 6151 104 614 5358 1531 2618 772 3373 1400 4551 1218 200 1305 5660 5102 4348 1015 5243 391 6927 4484 4771
64 9220 9745 3631 9473 1139 2457 8359 4552 9900 4687 5638 9128 2887 749 3681 3676 3061 2932 8521 3033 5289 9567 6063 5711 3457 8256 6070 392 9760 3228 1702 4307 5423 3719 5050 8765 5967 94 784 1634 892 2174 558 8545 775 9541 5631 3613 2873 4030 7759 5533 2090 335 5079 2208 1616 2685 3539 3144 744 175 3024 8482 7997 1295 9651 2769 2583 1454 8665 231 647 3281 7518 3975 799 1200 3298 2681 9213 7502 4087 3013 211 9988 4204 9171 3811 1500 5332 4198 1990 5664 8916 4034 3005 2888 8409 8431 7816
65 4299 2895 1344 7250 1353 8268 3784 6355 1480 8286 2878 759 8606 6026 2464 7577 1598 4686 2651 6185 3917 9279 8466 400 3838 2451 727 8604 611 7133 5908 3737 1339 4059 4337 5253 1416 176 2881 4145 865 5434 2282 1108 2889 1117 798 3936 5610 2747 7482 9481 4053 1675 3284 5219 1900 934 1980 2968 5424 6016 6777 5963 8983 2774 7693 3012 7480 4743 165 871 3590 4744 8811 5898 5369 9063 5390 3815 3222 9841 3998 3117 9114 3754 705 9074 4379 2838 1853 9471 7969 5409 4862 1310 6500
66 327 4839 4504 615 8847 9363 4246 9372 9677 6611 3615 9620 9664 8882 8841 8695 4195 7105 8508 9401 8283 8404 8898 8393 7108 7544 8485 9689 8413 7998 7609 9879 7767 4032 9141 1863 2221 1401 1133 548 9719 7138 7780 8649 2870 1965 7836 448 2856 5349 9546 4800 2012 5354 8000 213 6130 8155 2081 4173 1279 9697 4829 9238 7256 2635 2011 5495 8546 5155 7205 1396 9212 1610 6171 8920 3069 8029 5468 5384 1845 2593 2918 6200 8977 5403 5498 4333 1540 5763 8779 9772 3052 2897 8757 2030 3739 5917 3516 5757 4178 7157
67 4834 7808 8776 7549 9622 8873 8569 7315 574 6705 7401 3360 1013 1239 508 1167 3988 2425 3894 4764 5591 2472 1795 3344 5518 1611 5030 5758 6367 3858 2045 5391 8174 3097 3038 911 3037 4449 6439 2620 4883 2348 4071 7478 6062 4671 6791 3881 5823 2900 5440 1591 9810 2705 1648 3026 3670 5504 356 1708 4474 1185 2250 3390 2890 5670 1837 5206 5862 4419 845 6018 4453 5342 183 754 4935 4836 2790 2773 3289 4596 6025 4680 802 340 2719 5945 2603 4959 685 6574 7126 1486 4164 4088 4235
68 9352 9328 9158 9968 9924 2333 9581 8855 9149 5797 2958 6553 4901 6232 4175 4163 1915 4876 2269 1266 429 2727 958 5496 506 596 4756 1104 8293 6188 9528 9418 2495 1459 3572 2444 5375 4007 1717 7941 1510 3044 8607 603 1968 9298 5124 9645 5595 3641 1561 2733 2924 415 9884 501 6199 1289 5671 5120 3471 2113 8377 5085 1719 2752 9029 3891 5731 8808 6461 3288 3378 5433 7905 5970 5654 5959 351 9943 5260 7472 940 648 3480 476 7147 9400 5926 930 3209 6160 3503 2412 4171 1656 631 6340 2599 6274 8162
69 2491 9323 4710 7531 1693 3851 5142 9750 679 1880 1642 1814 4792 4329 9601 797 1378 3110 8042 188 4511 458 6085 4279 3444 9904 5893 3827 1792 3709 5252 187 3402 5932 1770 3237 7038 1271 2324 3705 5692 4968 3358 4738 3830 5953 527 5437 5651 6875 2704 2518 6390 4356 619 5637 575 3307 3003 9748 4976 3703 6147 2756 329 2548 4550 3494 6040 2732 5912 8339 8629 3930 6877 946 3679 6871 2939 7597 407 8218 2839 1856 232 3133 3363 3160 3853 2684 6017 8740 3980 5310 6300 6276 4801 4024 5173 5149 1225 7510
70 9570 1246 9962 4811 9174 4851 7698 8014 7492 4187 7976 7099 9878 8624 8767 9144 8354 9573 8168 9761 2275 9470 7566 7428 6900 6906 8455 9475 7194 4330 4400 7231 4925 9720 8646 9791 8085 7614 9406 8830 3130 5765 5137 3221 5377 9065 3867 4181 5626 6048 5728 7115 9731 3484 1191 3436 5082 6414 9999 3224 9859 1527 3939 2189 2092 419 2846 5231 5117 6470 7461 2270 1682 2764 4617 4665 1365 4475 8788 6466 6146 6965 715 4471 8151 8836 6647 4618 4900 1349 6667 6533 2969 1532 3560 2723 9995 8304 2149
71 4304 529 7511 3257 2883 534 1722 1830 4028 1425 1170 6811 321 6710 4472 3618 3840 8869 7893 5425 6177 3714 1197 12 5916 5192 5574 7029 6364 4305 649 1539 3245 2611 2492 2028 6039 6862 863 6925 2546 5980 1322 6058 2276 737 4117 5576 3120 2677 2450 82 207 6444 7074 5069 681 3707 1636 5479 6822 6566 6602 5465 3023 8661 2380 2435 6818 6639 3131 4512 1388 2789 4426 5836 1409 416 3068 2053 8641 757 5453 4232 2213 1249 5193 8474 2089 91 1208 1555 599 6564 4960 5367 370 354 6138 5889 1195 2155 5185 6220 2500 5141 5756 5577 7374 5002 3164 820 5718 751
72 571 2181 8201 7979 9972 2231 6944 8506 7171 5325 1370 5534 2070 6046 3640 5558 988 480 2938 1937 2604 2049 3581 2693 945 9508 2541 5413 3729 6981 6954 6588 3330 7432 331 6422 6802 6683 1019 5616 767 1801 2059 1341 6375 1809 585 3956 9060 3517 6492 8922 1881 7798 8149 7221 9096 3452 4116 373 8610 2755 639 334 4078 5078 1640 3783 5843 1081 6894 1211 3982 6996 8759 8963 7585 5233 4653 2759 2144 9319 7871 8199 5722 9577 5582 8631 9525 3666 6989 191
73 1209 5363 5772 2560 2241 7728 6903 6515 3496 3832 2743 338 2559 7336 2289 2707 8072 6133 8320 951 4719 6324 3789 3720 8125 5224 9925 4368 6353 3184 6234 6436 3301 9411 769 1846 2683 3462 9865 4357 7904 2971 3760 6094 5805 2631 5130 621 5444 4704 976 9197 1511 2306 5385 4663 7186 1460 305 6236 9008 5981 2540 190 8202 6628 2066 2598 3697 6757 8838 8113 3406 3247 5220 6740 7300 6770 6555 8121 6648 5392 1166 7030 180 5766 2014 7165 5662 5708 6928 503 6301 4906 3273 6775 2776 1347 2953 6184
74 2262 4597 9311 2379 9121 9387 4319 7986 8308 9751 8169 9105 4457 7437 7691 9479 7939 7613 9438 9045 9534 8572 8285 4243 8470 3159 6562 4721 6819 6913 1157 1516 9660 1826 9958 5176 7397 3051 1114 1942 4186 1147 9516 9310 3329 2793 726 9532 6571 4042 6536 3030 8415 6231 7170 257 2709 1772 6922 1761 7291 3614 1785 1084 2805 4406 9124 6969 5285 2073 9856 5326 6064 2800 5279 1398 5066 2633 9500 2512 2454 7247 677 2913 9340 3509 9284 5738 9176 7622 3685 8852 6605 2869 3835 8803 8451 1678 6617 9093 9270 5524 3339 2440 1796 1369 7242 887 3093 2267 4903
75 9917 8835 9738 7761 7641 7801 2272 2040 8488 740 2524 697 1420 1348 3619 3718 2720 4773 4708 6405 6849 1518 2035 50 1217 914 1673 883 1325 1864 6399 3837 6086 1808 2638 2312 6902 5490 6704 2019 4820 6479 5255 4296 2140 3972 1461 4587 568 1504 348 3934 7358 5948 5021 2623 5735 739 7853 5396 4796 642 2714 6186 3817 167 3455 5819 4069 5761 1449 5136 1603 3194 4092 3235 5474 3210 8773 47 6137 97 1823 2539 3911 2337 6911 9832 424 6071 5532 7008 7036 872 1941 766 4927 3989 788 5298
76 2365 9686 9765 1745 5497 8667 5652 9792 1298 7259 6721 4227 6949 6490 2906 928 7495 7619 4047 2678 5753 8562 8127 4754 4755 5844 2832 275 8375 7550 3192 3242 26 9863 6005 6963 8663 3716 876 857 8115 79 1308 6840 1356 2857 1057 3935 2961 1092 5098 3085 2048 3278 9231 3354 65 8421 7503 2708 4308 181 8997 5828 8723 7129 7418 7131 8307 1526 7016 3195 6315 5940 5020 3113 1623 5319 821 691 5445 6042 5824 3217 1299 785 8900 4375 9952 3385 9070 204 5419 4604 6685 4292 4373 9716 4592
77 9147 4286 4860 1957 7184 7144 7660 7005 4350 6692 5382 8276 5337 3276 115 3731 5055 3355 9123 2295 1328 7631 2646 5411 3218 1694 5340 5058 2574 1564 6576 6731 316 7262 7310 5242 7189 6111 5715 6258 3601 3062 8399 3123 3417 9486 9062 5028 6106 2935 8052 5503 7546 2629 352 1865 2797 5127 7516 3570 3112 7228 9395 6124 753 5890 1141 1237 9643 6169 4569 1781 1174 6180 6737 873 5317 8878 4120 1012 8721 7119 3519 666 6575 359 164 7484 3624 7952 2204 6584 6377 4761 8250 6429 3025 6159 7215 2987 9642
78 4768 4986 2205 4988 9077 9113 9102 9169 9549 9948 9355 9766 9498 9218 9467 9064 9274 8391 8536 9812 7957 8929 9564 9932 3316 5583 3669 3359 1536 3087 6657 2802 3137 6495 962 6361 4913 7534 3873 4268 511 5884 5454 5063 5609 8746 412 2243 800 684 9890 4881 562 2387 5132 212 512 8468 7423 4422 8917 7011 44 4322 4140 5019 2436 4895 8189 6728 1501 4519 1709 7201 9826 2864 8957 7377 9632 3649 8989 1190 1553 3270 5809 9644 8290 6289 6342 5077 9160 7722 6440 6113 2795 4150 5800 6646 5404 4469 6636 8599 2172 6311 1764 8704 468
79 8726 9313 9134 8145 8090 4693 6545 1187 939 7779 7610 3009 5684 2514 999 7841 1909 2817 5090 6919 7357 1668 6337 1819 147 4298 6104 2184 3474 4640 7037 6376 964 3264 6244 2349 5181 5779 3996 6088 6885 6747 5429 2368 5752 7901 1983 7494 2097 6285 2648 2240 573 7286 4891 4161 6279 3686 2199 2441 4184 4699 5508 1177 3575 880 3859 4100 5037 4790 6640 7515 1579 223 4013 1706 418 3100 6767 364 2877 1788 389 4728 5361 5710 5167 7369 5042 4890 3688 8915 4730 4083 7283 5675 4172 7373 650 1428 8 7697 4412 5721 6567 1617
80 8965 6609 3002 5749 3351 182 6526 1333 3828 5634 3541 5810 6323 4020 2950 4691 3775 6412 3372 1245 7120 6992 6958 885 7962 7143 9079 5024 3647 795 5849 6741 396 1758 1791 9977 6921 1153 9699 6882 7459 5846 4207 4654 2993 4863 1265 7887 957 4579 6170 903 8226 3586 7476 1062 1189 7130 6228 7278 214 2256 674 4788 2330 5026 9623 904 6670 3949 3938 5658 2318 9383 8745 3901 3683 127 686 8709 2358 8707 2080 5414 8009 4563 770 3812 3833 6920 5099 7776 5000 3168 1747 1494 5143 9914 7752 2260 3253 8223 9260 4929 3818 4136 8806
81 3443 5012 8478 1186 4584 2782 4977 6424 847 4799 5837 4777 6845 6886 6328 8069 7843 8036 6416 235 1004 8988 9294 7022 6557 4806 673 7343 4325 8064 7671 4005 4848 7685 7968 3690 734 1755 8722 8552 2582 3075 9545 5057 556 1067 7894 9189 7203 7784 4769 6785 7395 5366 972 4009 5903 4566 4122 8961 5183 6327 5100 3609 7403 9397 7669 6105 3749 7479 7687 7981 6369 8022 5035 3695 597 9537 4523 4889 3348 676 9365 4316 2970
82 163 9420 8625 8411 9421 9710 9957 8801 2401 4992 8496 8798 8487 9173 9695 9881 9312 2197 272 7744 7618 1757 7707 2259 6165 2647 7706 6256 518 4505 7945 6844 4016 7684 1075 8493 8152 7916 4681 2610 3726 1958 2077 7426 2730 4808 1142 8942 3871 2688 9491 1473 6939 5913 9683 4736 7561 4174 4641 3556 6891 8130 3215 296 4278 1263 8729 786 5584 5362 6187 3561 7465 5401 7861 1786 6175 3388 8334 6796 8862 5775 3054 8812 2818 1096 3869 9296 9685 6586 5957 4086 1522 3441 5188 6607 5876 7769 3356 4843 7795 5505 7972 5565
83 8897 8941 9669 8889 8475 4488 8203 4447 2471 4369 7485 347 346 2300 3251 5827 4677 2628 6339 2191 8183 5988 5399 6652 5427 41 2456 1235 490 2632 1857 7838 3181 2600 936 969 5536 1976 330 9446 8871 7756 7525 5920 2814 949 1999 4661 7659 5568 7046 7603 2397 2682 6333 7714 238 5868 6408 5207 1363 1146 4324 6297 4080 4180 1411 199 2431 1150 7689 4724 7034 2579 1275 3655 4057 3940 2526 4413 3104 4196 1097 7488 4041 3977 1171 3552 7880 6857 6858 6445 5789 3672 9814 6959 606 5627
84 9571 9868 2114 5223 622 2298 1701 5296 6201 8157 6945 5596 306 5051 1048 380 9824 2858 4423 3426 5138 5418 7896 6379 8906 9051 7065 2676 9245 563 7185 1431 2892 465 549 1882 3744 9068 1178 5212 7804 8987 410 7930 3004 1028 34 4870 1492 1021 711 51 6033 3495 6732 4573 3323 1118 6457 3883 8357 2378 8861 6255 6809 658 3766 6872 2729 5027 4269 6613 2505 1711 7159 4574 6735 1842 3376 6813 4000 778 1887 931 9974 3971 5755 2980 4162 1565 8939 3173 2433 2754 8863 4685 9945 8426 1044 6343 2220 7142 7079 5073 1002 6118 7326 8136
85 8425 7274 5451 6153 7995 372 4826 4306 5092 9009 1017 1914 7226 7740 244 6624 1078 8823 6565 1007 5874 1163 4667 7164 8627 2015 7467 801 111 3341 3202 4518 2982 6709 576 9320 2698 6388 6951 3605 1960 8772 8966 4871 1130 5452 9326 7322 1635 6401 5041 7287 5509 3927 1953 4676 7489 7317 4079 3451 9829 4831 2836 6128 6140 6335 6238 1767 4675 4482 7673 9985 7238 5639 6129 9333 1929 3017 6021 9916 9717 8087 3665 3074 414 1090 4290 3283 8204 8870 8363 8080 3548 9244
86 9636 8778 9700 9222 9679 8948 9216 9655 9156 9843 8901 9788 9427 9696 9552 6203 5084 2742 6548 9104 3267 2842 6010 5295 2214 4609 7477 6910 1061 2074 4271 1109 7642 1994 3954 864 3364 294 2145 8732 2422 7339 1789 8639 7376 5896 7747 6627 3753 1582 2004 9488 2934 2726 8289 2157 1943 6582 2810 2584 2510 4081 5992 4896 1589 1123 318 444 402 8158 3010 3116 8856 2634 4061 8769 8177 2475 7383 8940 6986 8490 2855 4176 8061 4479 9913 2195 4824 8563 2867 4872 2880 8166 5921 9815 1974 2332 497 6434 1666 9851
87 9795 709 108 2176 5619 6280 1475 4421 2409 6590 6446 5463 8712 586 7429 687 5249 8561 2449 5292 6771 7902 5481 8366 5997 6764 6190 6091 4560 1632 6904 5406 3155 8650 8041 5682 5230 2163 5356 2177 3992 7810 4840 3382 3450 8648 451 6797 6638 4732 6154 3563 7204 7595 8078 696 4486 7715 7649 1731 2909 5954 1876 3550 8358 504 7596 8365 6525 8459 266 8263 6504 7032 8429 2893 5257 7699 2921 7840 6532 1554 6163 1252 8103 4194 7540 6448 4649 6410 4507 1077 1065 3970 4409 5902 5062 6703 2767 2153 1343 8159 987 3788
88 9140 1545 7158 241 9671 4810 9462 4 357 7647 5097 1303 2630 8033 70 6679 4341 2872 9314 9033 1112 8231 9027 6202 3203 5880 5306 236 1689 9853 992 3206 7145 1095 3693 6868 3440 5750 4179 353 5673 2264 1740 4209 369 1895 2831 6294 7233 3968 3286 3914 7146 6895 9830 4104 9838 2965 9563 9938 2823 5570 4055 1951 9548 8437 4155 3856 9893 3843 850 4981 7638 5441 6720 6090 6052 7094 5537 9225 8564 2329 6371 4241 3261 5974 3396 5106 7114 9519 9973 6660 6452 6250 8755 5791
89 3915 3381 4351 1423 8118 2335 3794 3689 2399 6083 6893 7695 8638 5043 2255 3543 8520 344 5061 4784 4023 3531 3850 4987 1911 4358 3674 921 2848 3924 6150 9080 3036 6309 8400 533 3533 1367 485 4252 5484 4428 7090 4818 8384 1221 4255 2351 7959 3105 2216 8144 1307 3638 2807 2637 2866 2325 2741 7787 7198 7345 3991 7435 5695 1939 8975 5379 133 2376 3595 1453 8595 6224 293 6314 1285 5512 2316 4362 5435 9293 4854 628 1204 1872 9769 319 4586 2828 9857 8353 7712 593 5563 9703 4499 4006 5116 1405 6984 7855 8242 6072 5767 2279
90 9930 9846 9665 9250 6209 9108 3083 3297 617 6712 3386 4521 6117 910 9380 8782 4733 5416 8894 4497 4438 5187 59 6946 2123 9657 3847 9463 565 3890 789 4835 7281 9246 4331 6541 2294 4487 3808 3140 2992 1314 9514 9604 8017 3922 2198 8845 2467 9627 6158 9661 2537 4823 9087 2528 3146 2602 1469 1042 8477 2641 6020 5545 6290 9195 4098 9317 7332 6623 4580 6531 8537 6907 8683 3128 4610 2477 6960 7272 1304 8178 6069 2131 3809 8584 6278 1445 1014 7576 5096 4662 3022 3114 9771 8673 4287 1927 8615 3200 2038
91 6049 7269 9184 9248 7607 7107 9101 7560 6372 7929 6215 1350 4264 9083 3148 804 2461 6081 3477 7101 8282 4393 8402 2291 421 4979 688 324 8004 7533 8089 5160 3461 1280 4077 8410 440 1382 7551 1399 608 7565 9598 4853 4711 7665 9656 5515 7069 234 3045 8461 8793 4534 4085 2093 3401 6930 600 9393 9442 1557 7988 1748 8656 7599 3973 2609 6887 3109 2396 2116 8982 6612 8786 2154 6901 5213 4599 995 6597 1963 6101 2460 7267 5348 6583 5944 1072 7141 7879 2532 4035 5017 5895 2627 996 3598 7721 879 6505 4961 7915 6924
92 2619 2285 154 3172 7535 9130 8291 3814 1583 460 2043 8134 8257 6391 6413 3501 7917 7832 377 1207 3657 826 7127 5617 2536 5205 9557 6554 980 5657 1286 1000 7093 3082 741 9964 454 8317 1408 3448 4567 7899 5838 898 2478 9912 3823 2821 6389 3700 9453 3070 1375 8662 2963 9580 9226 7001 4655 5299 9435 4841 3362 5801 5723 2573 5200 5530 8081 4256 3747 4416 5796 6551 1491 1581 2041 6442 3171 3745 1794 640 2342 8414 1151 5103 7458 1898 1858 3019 4926 3751 6514 5235 5955
93 4648 7686 7846 4546 4887 1011 1033 7623 3060 566 695 9309 1514 5081 7113 9504 3763 1566 4814 2125 7946 4463 836 7303 1743 4962 1216 5529 5793 8266 1725 6905 9776 4039 4785 9036 203 5562 3167 6116 6265 4153 8734 2570 3623 3642 2669 4536 4804 1352 2745 4132 4450 7302 1321 3108 1683 5196 6125 4953 1098 8860 6962 8279 2659 1700 3662 9071 9145 4311 5436 6530 6037 4945 2122 4108 9428 5520 6752 6773 8456 5770 618 4224 4128 4212 7361 6799 7168 2561 9533 2225 3293 9721 5151 6711 3041 776 1497 6497 9138 77 8010 6908 2525
94 9920 1472 4345 7288 2047 869 1262 9607 553 1775 158 7739 9334 4517 4250 3549 9793 7367 580 6690 1297 1024 835 6080 9364 2392 1456 6394 408 28 6682 4842 7536 4310 6814 4714 718 73 1371 247 4556 4147 3152 496 2757 2146 2519 886 8849 5600 456 3129 192 1487 6664 8376 6761 4461 6024 8302 5989 5937 5247 708 1364 428 6095 9038 8588 4344 6610 6093 5501 2534 8083 6666 2554 4398 4934 6568 9371 9718 1379 7657 4242 3479 1730 3761 1847 2060 3969 4075 4879 1658 4867 9909 4165 5604 3234 2984 2343
95 8509 721 5589 1593 4477 7104 7704 7790 6409 8600 5689 897 6843 5359 9078 8170 8037 9583 7463 9182 215 9419 2160 3612 5962 399 3730 7174 155 8959 3325 5459 3182 5925 5742 1537 2355 3470 289 4670 4105 2849 3258 6677 9211 3978 728 1931 5905 6486 6724 9986 1505 5305 1100 3573 2513 8670 7299 9154 5848 4385 3080 5947 6742 4366 5995 6176 6812 5870 1437 3366 8027 3758 1063 9050 7664 5161 7827 4581 2511 5525 4786 6349 5266 185 8912 1455 7273 2566 7006 2865 2779 4631 8175 5538 8063 2147 6015 123 7538 8048 7557
96 1663 8385 8191 8958 9269 1867 9041 9896 262 42 1268 9075 2722 6715 312 6810 2363 8146 8875 5665 2686 233 7202 3667 4995 5281 9129 5374 5696 6923 8905 9600 748 1088 6744 7532 4390 7305 5280 5783 6245 1135 4565 4612 8780 9899 2785 406 2022 5854 1542 7723 7760 3691 2389 8580 7320 7967 5398 4855 6288 9021 433 404 4760 6425 7620 2424 4787 8752 2406 8844 3065 6266 3995 2656 3151 288 7837 7983 9544 5195 8931 3211 1899 1624 2210 5647 4922 985 4837 7140 6506 6373 977 736
97 6317 653 3897 671 8609 9000 4177 5831 9981 6282 4967 9264 1892 3321 4943 774 3520 9191 9668 1261 2740 6092 3150 4625 8352 4118 8828 5447 9733 350 7910 6847 8714 5070 9520 6493 2989 8210 9455 6103 4352 8351 3006 4816 2841 5327 7953 5301 7679 7035 3627 2673 1106 5344 1735 8434 1569 85 2446 9780 4731 1427 307 6745 2563 8432 5388 5006 998 781 3095 7592 2562 4281 8417 5618 9687 9676 9196 9611 8711 6915 2679 9562 88 8390 561 6216 6433 2515 8076 9425 1316 6836 6208 3465 6242 1528 8911 5597 3335 5725 4454 7781 5909 1804 6736 9450 9617 18 8539 4054
98 1126 5168 5971 8067 5148 9115 1380 1080 6214 8727 9097 6404 6852 6484 2813 8833 8073 2871 4189 6801 6162 5780 7368 3526 310 5086 4690 2499 9929 43 1903 6451 1638 7588 9017 9449 522 3399 1534 1850 9837 8394 6491 8433 6241 5943 7352 7925 1351 4606 6260 2244 5528 2370 9976 9289 6179 5781 1035 8760 7733 9210 2622 3946 9423 3896 8450 1227 3463 6397 6299 271 1759 4673 8331 7431 6235 1600 626 4257 9073 1099 6477 2078 4280 3180 332 6075 5883 8730 9752 1891 699 2110 7886 6632 8038 7192 281 2996 6135 8438 5703 4695
99 1051 2025 5949 4928 4334 7134 7409 8947 3058 4723 5402 3514 8542 3122 1670 3651 8324 1738 6047 1541 5643 1046 6661 745 2453 9505 3798 1993 2463 8495 7103 2246 7040 5211 547 1918 8560 56 5387 1985 5483 9297 5475 5514 7313 7683 6402 1025 9781 6227 5294 1802 1550 9410 6816 6955 8303 8361 8188 8269 8791 2949 712 9381 1176 4970 2665 7864 4037 3791 3435 9762 5990 3599 4832 675 2812 837 1503 1138 2944 824 5072 2654 8075 6501 7765 8499 8636 8924 6738 178 6273 3958 106 4938 5456 2297
