100
0 4578 3530 4735 8348 4572 3423 8142 9324 9300 7994 9725 2936 7448 9234 2362 3944 7177 4213 3185 9368 3244 6716 2955 2327 7868 7674 7889 9148 9730 1646 5803 8058 1765 7601 4557 9674 4283 4238 4143 4605 9168 6249 3342 1588 9228 1967 8934 4231 5897 2430 750 8109 8088 4263 9682 9967 2165 550 7724 8742 8840 8886 6028 8458 8254 8694 8480 3644 8098 8316 8813 2119 5569 9306 7990 5469 7982 7644 2372 7496 7802 7391 7718 2087 3482 2710 8340 7276 9432 8407 2254 8312 7166 6456 7792 7100 4367 6036 950
1 354 231 273 9675 8238 134 8288 8119 8200 6651 8016 8328 8594 8968 6964 7951 7440 4130 7748 8233 9728 6518 6392 9046 6126 8554 6253 7500 7070 9193 6726 8122 6695 9361 9111 6331 4111 7365 8984 9082 7410 8659 7872 8234 8854 9384 902 9258 7290 8883 8626 7252 9242 8728 6830 9330 8436 6686 9268 4363 7425 7462 7762 9133 861 4408 7898 3430 8620 6045 8525 4049 7064 7227 6966 6302 4154 3974 7568 6897 9670 6332 8398 4297 8212 5994 4012 250 9142
2 4967 4943 3520 5447 5070 4816 5327 5301 3627 2673 5344 5388 5006 2562 2679 2515 3465 5597 4887 5081 3763 4814 4962 5529 4311 2407 3790 4328 4577 2547 4899 4980 3433 3415 4144 4492 5034 5290 4340 4651 5386 5123 5283 5119 2310 2320 2667 4983 4630 4139 5461 4564 3900 4188 4220 1278 4603 3558 2577 3694 3357 2578 5004 2391 4133 3535 3489 4868 3368 3733 3606 4203 4249 2341 4915 4683 2374 4011 3742 2481 3434 4185 4481 3442 5473 4491 2381 3875 3877 4253 4214 8893 4907 4740 4532 4525 4739 1777 4748 3098 4313 5541 5300 3592 2308 5606 4332 1912 5911
3 4421 2409 2449 4560 4840 3382 4732 4486 4194 4649 4507 4409 5062 2401 4992 2262 4516 2259 4505 4016 4681 4808 4736 4174 4641 4278 3388 4086 5188 3356 4843 4772 4693 2514 5090 4298 4640 3264 2349 5181 2368 2240 4891 4161 2441 4184 4699 4100 4790 4893 1678 4166 4084 4705 2359 4074 4530 4812 3582 3635 3755 3895 3648 4949 4781 4713 2361 2469 3578 4439 3491 4210 3898 3305 3728 3545 4110 3299 3432 3621 4847 3313 4598 3310 4678 4014 1215 2126 4127 3602 3295 4664 4429 4942 1833 4063 8176 4537 4090 3308 3576 1229 3392 667 4866 3326 1641 5094 5114 3175 4221
4 774 1569 85 1427 998 781 88 1528 1804 1011 695 1514 1566 836 1743 1497 1236 578 968 1156 943 143 1134 1698 1685 1584 2094 680 1489 1419 1821 1783 787 426 610 2010 1996 382 253 1609 1615 1978 1397 1393 1840 2017 714 760 1925 1649 2212 700 1387 917 629 637 375 295 2005 1665 1576 1324 160 1102 1608 1752 409 515 588 1877 397 2152 1662 229 371 2158 2068 1841 1622 1862 7873 922 827 246 125 1029 2102 2168 1116 1644 1890 367 141 1551 278 1173 2086 2196 423 1718 577 4247 620 2983 469
5 8859 9275 9325 9448 4391 7427 8720 7965 112 9641 9081 7663 9777 8039 9167 435 9209 1572 9205 8701 6743 5551 8059 3255 8110 8992 8699 8327 6211 7975 7727 9576 616 6990 6281 9908 9094 8739 8112 5882 8092 8030 6237 8095 8669 9741 7455 572 6512 5476 5878 9257 6750 7411 7225 8647 8839 8325 5820 6122 4585 6833 7666 7135 7770 2133 8215 1844 5787 5774 8346 9235 411 4467 174 9341 7921 9271 8114 6385 5852 3997 7519 8544 8124 379 4601 7499 1987 9054 7197 3001 8516 4359 6173 1630 4151 7820 19 3314 3437
6 8500 9521 8049 4500 8853 4389 3773 3628 7000 6889 7920 9858 6263 8184 8020 2287 7578 9866 9827 6569 8865 8764 7524 9869 2167 7416 3157 6041 7528 9959 8955 6760 9052 4394 961 3985 4873 4004 7491 3425 4244 7643 6688 4541 1766 5620 2108 6717 473 8241 7498 6864 61 3445 8150 5726 4955 9566 1874 1154 7327 4727 8005 7441 4535 1843 4991 2169 8884 5842 1889 6406 9744 3937 268 7862 7786 8979 8675 6658 2313 2485 6976 4040 6759 9902 6806 3143 5033 6522 1580 1592 9979 3904 1499 1998
7 5712 1354 5661 5571 6251 5904 6527 6107 7015 7017 7422 4137 7026 6074 5691 5910 7483 6271 6296 7858 6779 5270 5690 6556 6694 5886 6019 5887 7091 7155 7735 6650 5516 9729 5860 5739 6267 6386 5666 9724 5891 9308 8668 7731 7229 8082 7512 8743 6829 453 5972 282 8457 8106 7908 6096 6580 8602 7382 7654 8190 7703 7758 7470 7800 8879 7084 7750 7254 9496 8635 7018 9016 8265 8919 8633 9299 7167 7420 7678 8494 9002 8792 8003 9624 9787 8252 8528 8590 9797 9190 9252 9966
8 8857 4304 4898 6515 6133 4719 6324 4368 6353 6234 6436 4357 6094 5130 4704 4663 6236 5981 6628 6757 6740 6770 6555 6648 6301 4906 6775 6184 9040 6811 6710 4472 6177 5916 8372 6364 4305 6039 9499 5980 6058 4117 6444 5069 6822 6566 6602 6818 6639 4512 4426 5836 4232 6564 4960 6138 5889 4513 6220 5141 5002 9409 8244 9626 8899 4508 8449 8585 4552 9572 4687 8486 6063 7509 6070 4307 5050 5967 4030 6888 5079 3975 7734 3945 8471 3964 8345 8736 8872 7977 8338 7545 4694 9547 8558 5834 8448
9 9852 3608 9901 8370 31 4544 8192 9437 3216 8044 9110 991 8447 488 9012 9192 8108 4524 8079 9053 7529 8135 7602 438 7615 878 8267 8047 122 3878 4815 9800 3102 8097 5506 6821 5245 54 7763 4910 7318 6310 9897 7616 4365 7745 6934 5676 7378 7350 8928 7709 838 3078 5680 1458 9120 7655 7163 4387 471 8228 7650 4778 9290 7579 9763 6999 6579 6754 395 1069 6968 3736 8907 4701 6465 1386 1059 5492 1508 9472 8182 771 8093 3225 1803 530 3529 5389 6292 6240 8099 3031 1137 1855 8248 5699 103 8028 6316 6108
10 7911 393 368 5457 3551 3567 2923 2666 3663 9061 1907 889 4208 2796 3566 4877 4547 1888 20 9739 6585 6870 5208 2008 2186 6475 4703 3422 4233 8842 2819 142 868 9344 952 5632 2411 947 7823 9847 7751 264 3214 1831 5788 9207 2891 5527 7520 9599 53 5683 194 7640 2026 2737 16 1240 6341 7632 5628 3597 48 1089 4183 4146 860 6619 3947 7109 9262 8446 4827 866 773 1129 6060 4789 587 9714 446 3000 4029 4103 9146 605 8681 1036 1127 682 9343 541 981 5 283
11 8837 6009 8428 7737 5599 5303 5861 7570 5830 9553 2207 6191 5284 6110 6550 6678 7264 7914 5489 6974 1680 8993 5555 8261 7396 5923 5318 5603 7542 2150 5523 8664 6368 5507 9353 884 6013 7676 537 1056 5973 5998 1219 7754 8408 7830 8524 8515 35 7260 374 1043 8197 6365 5311 8613 8395 7190 3272 8551 1599 7314 6733 7789 5701 7814 703 5621 7497 6345 8693 5499 7073 8932 7058 7877 5799 6803 6318 7571 6161 8553 7019 7555 9321 1203 8535 7593 4734 7705 7297 8406 9287 8511
12 9482 8240 1145 9876 1259 6055 9813 5336 8571 4751 9550 2426 6197 8735 5216 8868 4803 2592 5112 2977 2660 9702 5590 4875 2591 2744 5313 2520 5140 5269 6287 5785 9347 2551 9621 1697 8913 5567 9737 9477 2825 9025 9229 9233 5593 9586 6643 5866 5047 8970 8986 6655 6474 7850 7989 1336 7834 8555 2642 8161 9648 6993 7341 6975 5734 8251 6601 1165 6503 9690 5857 7007 7450 9485 5345 6985 8843 8439 7796 9139 9875 9359 8245 2336 8680 4776 1169 8632 9430 2699 7581 9891 551 4700 8645 9616 9400 9943 8808 9029 9884 9645 9298 8607 9418 9528 9149 9581 9158 9328 9352
13 7429 6771 6764 6904 3992 7810 3450 6797 3563 7204 7595 7715 7649 3550 7596 7032 7699 7540 1077 3970 3788 7744 7618 7707 7706 6844 7684 1075 3726 1958 7426 3871 6939 7561 3556 6891 3561 7465 6796 3869 3441 7769 7795 7779 7610 6919 7357 7037 3996 6885 6747 1983 7494 7286 3686 3575 3859 7515 4013 3100 6767 2877 7369 3688 7283 7373 7697 8 8308 7691 7613 6562 6819 6913 9660 7397 3329 9532 6571 3030 2709 6922 7291 3614 6969 9856 5326 2800 7247 2913 3509 7622 3685 6605 2869 3835 6617 9093 5524 3339 6277
14 263 1908 3841 7935 7812 532 7375 4633 1991 7869 1707 8756 3948 3932 254 1315 8666 8628 2876 7434 8479 3981 5010 7466 7346 2164 349 8492 3692 7475 7955 1721 3616 8819 1901 3384 1695 1621 1756 1066 279 8795 8296 1776 1705 195 4038 1851 3625 7922 8367 3230 3634 3277 45 8705 7778 1039 1073 8154 8386 1995 197 7806 1969 8237 8557 8690 7717 8763 2007 7835 343 8232 3 7924 8737 8101 8310 8221 7870 4033 8559 8754 7845 7882 4010 4019 1917 4002 8725 8526 8657 7746 7985 7974 7954 8405 8186 8539 8711 8714 8609
15 6194 5554 8621 2364 7523 3734 1769 6784 8623 6729 6608 9116 9391 9282 954 8362 6787 6499 8165 8540 4327 2069 5777 4593 9594 2975 8848 3653 3249 6970 7690 8519 3510 8676 5431 7680 7162 6384 3191 938 4878 3439 6437 3706 6783 9415 6841 1128 4600 6381 7564 9845 3300 5939 5918 5601 9358 69 2962 3320 8902 5698 9478 842 5864 3532 9272 7653 3260 7116 8068 7404 4291 3910 6826 6008 5291 989 8012 570 385 6800 5308 5968 6121 6084 5594 3231 5930 5494 6788 8224 8612 1613 6880 6430 6460 442 8430 517 8024 7842 8382
16 145 4616 1921 4821 521 7822 932 4273 8733 1869 3842 261 71 4377 1849 3506 5526 2075 7821 6748 8956 166 7413 7782 336 6693 1922 8820 1023 8601 8679 7919 6239 7013 6604 1712 7670 210 3636 8277 8815 6795 4791 1311 9098 6838 6725 4623 6057 6076 5364 5412 9001 9889 807 3254 9456 313 3942 9783 5564 963 5900 6644 933 3414 8350 978 6400 9109 1807 4017 6467 9377 4888 2237 3905 704 9880 6714 9183 8578 899 4318 6115 7661 4062 8355 7907 9203 5442 1726 7487 7958 7996 8043 4170 9867 5158 3447 1256 8867 1585 7296 7926 1368 7316 2614 441 4222 2128 5745 5470
17 7944 499 557 544 467 1704 7681 9538 6768 7121 388 592 1521 7128 7355 5376 360 8700 9251 3646 6794 3923 9424 378 1558 9807 2044 707 8996 8637 4284 7508 6326 7191 8220 8208 509 9663 9266 9531 3983 6561 5991 8427 5248 403 6463 9494 5704 3527 4946 9784 6511 2129 9840 6261 9796 9304 7749 6268 6876 9927 6982 5924 8880 5646 3782 6498 6614 2636 6050 1242 9398 1 7132 4753 1373 6298 3704 5865 6878 2995 5380 632 8556 6815 2985 9527 5685 7139 2862 8944 9066 5700 153 119 725
18 4381 6431 9898 8246 7183 3633 9835 9201 9214 5975 4568 4575 8522 4414 9883 4407 1935 5146 6953 6932 9921 7696 7003 337 9956 5719 3769 7195 5931 93 9894 1650 3279 5067 3725 5510 7412 9301 7199 86 2572 9447 536 5150 7282 5808 2112 7033 2675 491 7293 4089 7415 6570 848 5428 365 4797 4522 8643 7284 3502 7148 4044 9833 6676 9342 5950 2761 8738 3518 893 6308 9939 1962 8618 7340 8249 4248 5706 99 7 1594 3889 4822 7587 8315 4982 8994 1932 3252 7111 3088 8023 6948 9198 8214 2691 8783 1563 57 3292
19 9291 9215 9305 9388 9227 9117 7444 7948 8502 9088 8719 9288 7451 7211 7797 6828 8774 7216 7811 7004 6068 5960 7400 6762 9367 8753 5859 9135 7442 8100 6972 6684 6926 6899 6519 1671 5961 9178 4142 7541 8347 6423 5592 8222 3955 6995 7493 7362 7279 5430 7319 6218 8685 7630 7338 5573 1410 3925 6141 7530 7041 1049 5669 706 8330 8890 9946 422 6516 6100 8858 6722 1520 8846 6286 3979 4320 3328 5341 9019 9535 9911 8107 6549 6225 6997 5983 4371 3240 5982 5668 701 1627 2852 9806 1739 7572 7828 3196 2258 6131 9579 3220 7048 6246
20 2662 3271 1277 7839 7713 3145 5979 7309 4141 2760 1607 8744 6753 3921 5108 5029 4588 2482 9944 3886 5333 386 2388 8891 7388 594 5720 2223 7285 292 1418 2142 7978 9278 2868 9230 7582 9591 4349 9022 3042 9143 1568 2052 7393 7392 5672 5856 664 2991 3387 3418 6181 694 3400 9764 6702 452 8810 4543 7363 1524 6354 285 5417 4657 3829 2644 259 6387 7757 6168 3420 6307 1474 9836 4684 1377 8534 5999 7335 9649 1468 6357 1979 986 8141 152 3941 507 32 1068 21 2072 1861 301
21 8401 462 4794 6782 5276 8465 9337 6221 1633 790 758 7517 9483 1703 5250 4775 1248 113 3091 9998 1535 9386 1626 9707 8209 6411 1342 5330 8368 2879 8383 1720 7934 8972 1484 4937 3111 8329 1728 1251 1383 9221 6127 2423 4533 8895 1955 7563 7312 747 3227 7081 7224 5938 4712 818 8954 8936 5759 1686 3205 96 4095 2085 803 361 1233 1571 997 5984 663 9032 738 6398 121 8281 583 8807 1476 1358 894 7702 7791 7182 7906 8123 8060 9179 5575 7913 3776 756 148 457 2084 439 8040 2347
22 6935 9084 4582 8143 1940 3537 7464 8697 5052 2844 13 3035 2792 5655 3138 6756 4520 4939 2567 8770 6312 5922 9043 1107 643 3246 6139 7865 915 4638 7308 7044 8116 1934 6853 7527 9072 4985 1318 9348 7306 8463 6637 3011 1832 6338 3664 1628 1699 2228 1773 5747 8827 6751 7626 9726 834 1868 9907 7078 7636 7240 4050 581 3587 1556 3639 7154 8990 475 2493 8527 5182 6192 4963 9024 1457 4347 2178 1954 2232 9936 1677 1771 4830 3063 8622 8126 8611 22 1188 3571 1715 2304 10 9734
23 9402 9468 8510 8702 7280 7307 1210 4045 7611 6488 1950 227 7743 8768 6054 1989 8453 6599 7246 7708 8762 464 5881 5422 7438 2187 5629 5566 7875 8784 434 7024 436 4152 8640 7067 8462 136 1604 1574 6546 2340 5546 6143 794 7098 2099 7851 1222 6196 662 1780 5334 6120 345 8682 984 1110 55 6485 8832 2480 5635 1479 1451 2082 752 5277 3055 559 8758 206 8380 1422 1471 1956 8156 7042 7594 830 1421 7947 1852 196 1467 1674 764 6469 2322 1478 693 492
24 1006 2840 7354 4964 4052 7337 3680 4715 1799 2222 7187 7050 840 9253 9506 9181 7513 4632 8418 9316 5927 4396 6123 2305 7156 5482 7548 4360 8323 5556 5438 9953 1026 3542 7505 8766 9590 9888 8094 7833 7598 5751 9161 8301 8442 9185 8614 9631 9640 7991 8440 8163 9786 8360 8026 9322 9560 8538 8138 8660 8273 9219 912 8597 8949 7940 7933 5613 5798 2663 9137 7474 7891 5825 7457 8057 5702 8800 5790 5829 5816 5746 5623 7863 8133 8217 8441 7937 8809 7629 7583 7866 7590 9779 8172 5725 5618 5831
25 7507 6973 7263 7490 6374 6621 7261 6034 7324 5833 7176 7514 6204 6032 5965 6635 5642 6967 5762 5709 5540 5717 5607 7265 6157 6933 6077 6940 6513 5907 5624 7106 5826 5987 5420 6727 7212 5782 6061 5450 5744 7460 6659 5378 7151 6223 5736 5806 5818 7481 5705 7386 7061 5458 5478 5636 5331 7569 5615 7311 5996 5729 6578 6668 5650 6909 6152 6529 5622 1272 5560 1404 7414 7124 1181 2224 6606 4056 7668 5446 5778 384 2021 7716 2617 7379 2115 1762 4531 9940 6978 4424 5933 5888
26 8352 7910 8210 8351 7953 7679 7035 8434 8432 7592 8417 6915 8390 8076 7781 7686 7846 7623 7113 7946 7303 6908 7892 7848 8274 7558 8445 7207 6952 7172 7928 812 4994 4562 6313 5309 5681 1462 5539 2750 5553 5244 6535 4904 2884 1452 2527 6151 104 614 5358 1531 4551 1305 5660 5102 4348 1015 5243 6927 4484 4771 4997 7932 5194 5467 2263 8292 6002 6598 2544 1412 2966 6007 6419 2621 6164 4514 5748 7353 7323 9989 7255 6098 7220 5488 5145 7110 7584 6781 6943 4692 1276 1859 1660 4639 5009 2538 5400 5118 5109 2101 7984 5794 3888 5274 4909 1180
27 1519 4642 2601 3727 2581 3929 3865 3285 2484 1426 1654 4372 3177 3505 1103 2345 1302 1330 3391 2608 3107 5273 2643 1284 3048 2915 477 4309 3266 3336 4126 2266 1873 3574 3839 1224 1606 3115 3630 2903 64 2179 222 546 150 4619 2459 4614 3486 2292 2410 2908 3067 1655 1645 1768 184 489 959 990 224 1614 1082 4912 2419 3318 2033 4430 2479 52 4718 1661 777 3136 3920 2432 25 2299 1854 461 2251 3029 391 200 1218 1400 4046 3459 3807 4119 823 3201 1896 4070 95 1121 298 554 2083 4785 1033 4054 561 4118 1892 3897
28 6540 7658 2589 9555 2175 7543 9635 5863 3174 9684 6730 8790 3371 8747 6691 6480 8084 3984 7694 8091 1811 4902 8173 1470 5817 9125 8247 1184 8306 251 2490 2586 3902 4402 2286 6248 598 37 6792 3265 1643 366 1562 7389 6842 1742 4746 33 5915 2775 8698 8046 7943 2326 6941 1676 6509 7949 858 8322 308 2486 8469 1052 9862 8131 7178 3090 5202 4380 2238 9887 3866 6011 2382 2718 1590 2293 27 7356 7753 3715 8298 105 7049 2134 2400 5813 1894 2835 2445 3427 1205 7677 6689 3611 3933
29 2563 483 9131 7253 7701 3327 249 5630 186 201 6820 3912 4265 9089 495 5802 8925 3413 1948 258 2235 8923 6827 538 9568 3701 7652 220 8423 107 6067 3522 494 7575 6206 6625 4864 4436 5679 3050 3779 1530 6502 8180 5773 217 6243 6306 9465 4720 2674 8205 8054 7002 6851 2106 1732 7909 5064 4951 5003 4245 8517 7149 5894 4793 6766 4726 9775 7421 9118 1071 6489 486 8703 9152 2383 8927 4216 8876 3190 1488 8219 9460 2037 8592 3306 3311 3591 9798 1027 1337 5946 7097 9984 3135 5022
30 116 7829 3481 612 4954 432 2466 7181 4758 4583 1326 2209 7223 853 9802 9360 670 7688 4774 2439 4066 4418 1625 8741 1054 2447 2395 668 3515 76 2117 1120 9882 8608 151 1196 1820 9982 3294 3296 3424 5491 4411 9042 6487 8548 2132 4501 9551 7245 6291 9273 240 7918 9614 1357 4807 3043 1933 1575 9433 4858 9688 6114 2565 5934 9261 3622 6832 7045 5792 9236 2919 5177 8371 6687 1477 5919 7321 3538 8587 6459 2039 6257 8935 8978 9351 6560 3668 4952 1115 8967
31 8213 2974 5517 172 9103 3801 1334 9466 3487 918 6572 4767 4293 9918 417 609 4445 8484 7927 2042 4182 124 2120 5129 8207 3952 7301 3757 9303 1273 4540 3600 3291 4496 1362 5410 4752 1335 4795 9493 6073 7333 9170 3583 5228 6823 1975 7878 7039 3460 6991 8513 2141 4682 5439 9540 322 5906 6620 7627 9336 4441 970 1041 2545 1183 2455 7639 4191 2056 3290 6305 2498 9659 169 6595 4018 2712 239 6699 1684 4234 4260 4465 1778 6259 2976 1651 9055 4201 2768 5871 8574 5557 6914 9379 5654
32 5711 558 1616 744 2583 1200 211 5653 1155 2738 3862 4747 9618 3577 9755 514 8945 9095 9931 5240 1538 4431 8654 6592 8002 1060 5115 5056 9389 552 6198 5443 8416 4193 4458 3303 5271 2465 9112 1815 4427 6182 925 1760 8305 1961 4629 2206 4443 135 7234 9254 290 4392 8356 7028 8799 8533 955 2911 8750 4237 2063 9596 9556 2217 3412 3787 4192 8706 8236 8148 8018 8576 5394 9811 3499 2765 2386 713 6356 4884 6022 9834 8824 1317 4941 2071 9164 4924 6468 669 2192 2639 3472 6464 300
33 286 6957 8573 5771 7052 1448 9349 9007 132 5316 8969 7637 4548 4971 7344 5268 3319 3585 7895 4990 3770 9558 5858 9758 796 5357 8505 1981 7331 2811 4707 6087 1136 4509 638 9602 2834 5969 6272 4168 6213 2151 5335 9044 5952 4301 8321 4240 7547 4750 2215 9217 3569 2183 2193 905 7381 9701 6552 3632 8467 243 8589 2111 4388 9426 3702 3951 809 4930 7122 5264 8369 7152 5535 9267 1835 1664 6563 4211 7160 6380 595 478 9376 8452 6936 1733 5732 2417 208 62 140 4361
34 6847 9522 4956 9828 5847 376 2339 5238 1113 1897 9422 5487 1885 4138 159 7606 4950 5598 9510 4894 9035 9698 3324 7794 8313 660 4846 3269 5015 4770 2143 9315 117 3485 9086 1424 5324 3408 8227 5588 7179 2328 9255 6706 4068 8692 3959 4627 953 7860 6603 9844 1250 8814 2905 8349 3918 6626 7859 4364 1226 7635 98 7330 4757 645 5154 6066 4892 4490 6172 4817 1064 2185 909 7088 9240 6861 9539 383 5976 1119 2916 7646 9489 4229 1810 6476 1577 5648 8051 242 4923 4197 982 3698 8583 4917 8504 7257 1919 2717 101 84
35 8652 2182 8903 9452 8403 604 228 7012 6971 230 5649 1010 8691 17 7292 5839 3250 5611 8568 5764 225 5760 5287 524 5550 8582 6696 5455 6649 5667 6765 6520 7360 5993 302 833 7468 342 6866 5633 4672 9028 780 6195 1578 5832 139 1212 1729 481 4215 8225 9874 219 3119 3568 1429 4267 5372 6079 9302 6321 8619 851 3844 7076 525 3446 8117 2166 4160 1198 4918 3064 1247 2964 5548 4570 9247 8230 8926 5328 843 2394 3409 7900
36 3126 1202 874 4101 808 8605 844 9709 7537 1312 333 935 906 2309 822 543 729 4643 8671 7439 9997 131 1875 8065 8946 9031 1045 3671 690 9399 4190 698 5232 2945 7826 1753 1657 9414 6395 2994 4031 1746 5855 5218 9732 9350 8341 3768 218 5449 4282 4974 8035 2557 6507 5733 4805 5769 3198 3765 3780 1403 7768 9413 2780 4272 3746 5693 8105 5547 8335 15 9194 655 7648 7554 7196 6713 564 3645 2942 3603 2728 1498 7729 9673 1148 3957 6596 8483 8603 2748 983 7232 120
37 7556 2054 2050 2393 6222 7522 2194 3722 901 7010 7077 9628 3229 1596 9476 2529 1870 3076 7730 5312 4494 6673 74 3340 855 1288 7788 5608 2064 3928 6523 6793 1319 5315 9983 2786 7236 8575 8914 2303 1360 4762 5371 6001 3899 8318 8781 4134 7742 4082 7020 9378 2655 719 6059 7059 7912 3786 5472 5347 927 7087 1374 5985 6217 1992 724 1687 3907 9871 3908 5784 4493 6977 8567 6481 5421 7175 23 4635 607 1902 8651 216 3275 7452 1131 5687 437 9854 6980 7980 944 3879 5845 5804 602 4737 8139 877 2202 1223 8818 1970 255
38 248 1529 4470 179 114 9354 8976 7876 3781 8761 326 63 9954 937 8864 540 3792 7433 6426 7456 870 6358 463 431 6427 3710 8995 317 6473 328 9872 5170 2242 6707 8056 6879 2331 4218 5694 5144 9188 5178 1281 613 1977 5054 9157 8193 1331 6226 5068 5407 2543 1058 4275 7364 5656 7964 1812 2138 7883 9375 4996 5162 9542 4559 7501 9047 9903 9069 7942 3241 815 8658 2576 3861 3361 9933 109 363 723 5339 9132 4239 7366 4102 1076 2739 2692 1724 4717 8444 9285 8344 1193 9199 2311 2568 3523 6918 6212 5360 8797
39 9346 144 8364 7248 3282 5614 2695 3508 3994 2783 5355 7054 6428 6450 3976 2274 5464 146 6189 5786 8071 2904 2696 487 6329 6178 7521 2130 2725 3926 3232 2626 7771 505 2937 2689 624 9937 7692 5964 502 3963 4339 3916 5261 9735 5978 6834 9512 309 5812 6807 5426 8825 5278 7656 177 6230 7095 5586 7051 8179 8834 7021 445 8877 6078 3405 202 5522 1798 6719 5867 193 7675 6275 4446 245 1984 1560 5807 5914 6998 7766 6462 8748 1413 6183 6593 6458 7856 8336 7329 7014 9122 260 8284
40 2742 3267 2842 2214 1061 2074 1109 864 3364 294 2145 2422 1789 1582 2934 2726 2157 1943 2810 2584 2510 1589 1123 318 444 3010 3116 2634 2475 2855 2195 2867 2880 1974 2332 497 1666 2288 126 2211 2333 2958 1915 2269 1266 429 2727 506 596 1104 2495 1459 2444 1717 1510 3044 603 1968 1561 2733 2924 501 1289 2113 1719 2752 3288 3378 351 940 648 476 930 3209 2412 1656 631 2599 2148 110 3233 398 2055 1481 2734 3056 274 1159 2103 1086 3079 3208 36 2843 3454
41 9450 2912 3373 652 2972 9855 519 7526 2319 2284 923 9821 2787 3504 2596 4742 9778 2799 2569 1490 2468 6351 5320 5169 4989 9457 4236 6681 6558 4947 8904 2850 1947 4123 2863 1283 2280 8716 4437 9818 265 4225 5929 3846 5951 4595 1206 5612 5724 8342 1936 9633 3675 3468 1074 2252 2107 8715 49 8718 2057 3039 2219 1376 7885 582 5768 591 8950 3626 3315 1637 2928 7082 8454 8235 1567 6680 8420 5008 3772 6447 1639 8034 8696 3717 9672 4958 2098 7651 1824 8275 8120 5147 5602 8998 1055 3467 3860 8678 1691 9603 2530
42 8855 9924 137 9851 9815 8563 9913 8940 8769 8856 9488 8639 8732 9104 9552 9696 9427 9788 8901 9843 9156 9655 9216 8948 9679 9222 9700 8778 9636 776 6773 2343 2984 3234 5604 9909 4867 1658 4879 3969 3761 3479 7657 1379 9718 9371 6568 4934 2554 6666 8083 2534 5501 6093 6610 8588 9038 6095 428 1364 708 5247 5937 5989 8302 6024 6761 8376 6664 1487 3129 5600 8849 2519 2757 3152 247 1371 73 718 6814 7536 4842 6682 408 6394 1456 2392 9364 6080 1297 6690 580 7367 9793 3549 9334 7739 553 9607 1262 7288 1472 9920
43 9392 6494 9923 1916 8025 4384 3546 7066 4217 4833 5397 2837 8805 2346 2595 7117 2894 3156 3864 2735 811 7092 3421 2703 1817 3868 3204 3125 4073 9018 9585 7294 1083 4498 2711 3547 3950 2899 3544 3153 3169 3207 3966 1372 7200 4646 5561 7633 3383 6 3365 3906 4261 6869 5811 3071 4169 6543 4539 4157 5302 3767 4555 6455 8185 4314 7966 6883 3857 6848 9935 6534 5256 3999 3428 6035 6917 4911 3429 6789 7243 3512 3735 7085 6449 7819 6645 5677 6330 913 7405 1669 8566 6846 7249 4626 8333
44 4262 9464 1199 1924 8687 4404 2926 58 128 9910 4285 4554 2542 1438 1282 9526 3721 2521 567 4456 4502 4679 9892 1270 9864 641 3660 3848 3389 325 1407 9440 68 825 965 3350 1763 817 1094 3497 3453 2694 3876 3014 8070 4621 732 9374 87 569 1930 3369 1653 3854 1945 722 4259 4276 209 9803 805 3805 3987 2024 3677 4295 3588 3187 793 1079 1091 9968 3795 2245 4165 4075 2060 1847 1730 4242 4398 4344 4461 192 456 886 2146 496 4147 4556 4714 4310 835 1024 4250 4517 158 1775 869 2047 4345
45 28 4112 1144 2952 1005 2506 2502 3338 4886 1160 6233 5131 9484 5210 9429 5204 1390 1430 498 6817 630 3559 539 4542 5776 2290 4914 5304 1306 7857 1101 3016 2822 450 4813 3345 7083 1260 5899 2533 4763 3596 8096 1434 3027 5191 2605 3367 4856 9768 7188 6003 5486 9960 5485 1175 2385 9608 7080 1301 1070 8419 765 2697 5815 1822 2845 6193 9369 9276 7553 5585 5448 7349 2283 4885 1982 168 545 5113 472 9150 9754 8541 2504 2034 6937 7764 8373 2013 1149 4058 8111 304 7621 1125 9490 3411 3822 60
46 4473 8140 4844 5011 1300 4230 2135 4538 2079 9281 636 5005 1338 7971 956 819 9338 654 2281 1618 9431 1800 2408 6360 1848 500 1213 3268 2615 5234 2020 2062 2625 2571 9085 1774 5157 4094 4908 9575 9177 1696 5241 9259 2234 4689 4620 4741 1548 4048 8713 72 1463 8379 1926 5134 5225 5044 5164 2002 5038 5060 1647 8008 8001 2249 4857 3708 9992 9634 5795 5045 689 5104 9667 9480 9582 8794 3121 9842 4399 8616 5956 9396 3712 3072 2139 9487 9680 1361 2384 9015 100 1672
47 9000 9191 8828 9196 8911 9232 9638 9166 9873 8850 9373 9005 9155 8971 9048 8881 9444 8930 9092 9978 9208 9809 9345 9870 9020 8885 9332 8933 8866 9013 9691 8999 9249 270 2442 3274 9076 3785 9756 9241 9206 6539 6014 6453 2171 2801 1234 6262 9119 2497 4226 1586 5153 2713 2489 6378 9574 6029 9561 8910 4859 2833 2032 4647 2366 4444 5814 920 5229 8918 8460 523 8055 447 2000 362 4745 2959 8497 8397 1031 6805 2434 8243 3118 3673 9175 2261 6524 4060 761 5135 9774 7469 2230 4611 6633
48 7807 3909 9517 3317 1402 4729 2988 4999 3816 9587 4553 4336 510 2509 1838 888 4571 6839 1346 2535 5076 2550 2558 782 3370 5093 162 3066 394 1482 2553 2860 5126 813 895 4944 5053 5221 5025 810 2616 9523 791 9906 733 1681 4897 8822 1158 2360 7504 589 1241 731 314 4594 4382 4666 6478 4378 1323 4274 4920 762 3092 4978 4300 9951 702 3046 9502 1016 531 2427 2418 4462 1003 1690 4882 1001 2253 2437 1179 2462 1140 1605 3219 4495 4696 8501 4940 4303 4825 2371 118 3438 4658 2420 1143
49 5619 5463 5481 5997 6091 5406 3155 5682 6154 2909 5954 2893 2921 6163 5902 2767 2647 2610 2730 2688 5913 3215 5584 5362 5401 5775 3054 2818 5957 5876 5505 5565 3009 5684 2817 1668 6104 5779 6088 5429 5752 2648 418 7809 2793 7580 7605 7334 7060 7803 7289 6983 7271 7027 6755 7732 7023 7072 6347 7741 7449 6252 7612 7847 7720 7662 6994 6521 7057 7371 7239 6778 3226 6089 6653 6421 6441 6825 7634 6112 6642 5872 5851 205 2824 2826 9408 3263 2929 3049 7237 2816 4064 2645 170 1385 1496 3239 90 2981 651 2927 1294
50 7960 1194 7852 7230 1793 3302 3741 1483 3189 3449 2091 7208 7682 7849 6304 5201 4969 3380 7817 8309 4932 1883 7805 3610 8015 9749 8031 1612 4346 3322 2587 83 9647 3629 4576 1905 1913 2003 1805 7816 8431 8409 2888 1990 4198 1500 7502 2681 3298 799 7518 3281 1454 7997 8482 3024 175 3144 3539 7759 3613 775 892 1634 784 94 3719 3228 392 8256 8521 8359 7374 8474 2053 416 7074 207 6925 863 6862 2028 7029 7893 7511 6928 7165 2014 7030 8121 7300 8113 8202 190 7186 976 7904 8125 3720 951 8320 8072 7336 6903 7728
51 6769 8259 3852 3248 3967 627 7430 4480 358 3475 6739 6155 3473 4386 2933 6363 2009 3562 1465 5645 2854 4425 6950 5659 4460 6938 5288 5373 3374 6824 579 5272 3960 5480 4448 5393 5370 2986 2753 6931 6210 339 5686 6898 6537 5405 7112 6896 4288 5408 8472 7645 5466 1713 5644 5958 5697 5737 4549 5511 6149 3802 6269 4072 7387 6136 6581 4476 1595 7574 5297 2749 6044 2367 6295 1828 2118 3238 7125 5293 4251 5368 5580 1447 7755 5936 3059 1813 6393 3643 3961 5552 7053 6774 5743 24 6863 896 6443 4637 3993 7881 4809 8523
52 8412 2121 1517 1866 1366 2001 2159 30 2190 7973 513 425 907 716 269 720 1871 623 92 2161 590 2136 482 960 994 993 2046 1986 1132 2180 493 887 1796 677 1398 1084 1785 1761 1772 257 726 1147 1942 1114 1826 1516 1157 149 1617 1428 650 389 1788 364 1706 223 1579 880 1177 2199 573 964 2184 147 1819 1909 999 939 1187 1522 1096 1786 786 1263 296 1473 1142 2077 518 1757 272 2197 987 1343 2153 1065 1252 1554 266 504 1876 1731 696 451 2177 2163 1632 687 586 1475 2176 108 709 163
53 4607 2095 3511 4001 3395 14 4698 6780 7063 4003 9407 6435 2100 2922 3554 9329 5180 2990 7123 3416 2886 8896 2415 890 2556 7277 2051 9816 5203 4124 1384 9922 5198 2700 6591 2746 5065 2488 9722 1389 1806 4636 6723 3212 6547 1439 9524 7342 832 8962 8688 1244 4395 4370 7406 656 4716 3490 2920 4780 2124 1093 6207 5088 1749 7815 2104 1906 9942 4852 5227 942 1432 8579 4489 2640 4121 2650 2575 2724 1444 2390 9770 555 6618 665 8491 3197 6362 9654 3803 2607 6641 5032 1414 9692 9434 5156 8514 4933 2661 3564 2597 3213 1971 2516 1287 1253
54 2 601 226 4354 1966 2265 284 280 7446 1860 4022 4622 9554 9848 9652 9666 9895 9704 4972 9014 7950 9723 9127 9451 9804 4916 9706 4383 8642 9578 5048 9949 9163 8708 6629 9746 7219 5018 4688 430 9941 7370 5075 4114 5046 8630 7617 8066 4590 4526 5179 4998 7218 3774 4376 7150 7118 6359 8938 9747 5214 9239 9187 9515 8908 8549 8278 9773 5087 4403 9441 3855 2672 9263 657 4993 9630 7589 2715 9513 7473 5036 5172 2624 7031 5226 323 8777 1559 5175 9650
55 9151 7304 2350 6119 5640 8804 3777 6674 9356 1988 8532 6099 6508 8011 4091 5966 6370 8381 9162 8255 5307 5543 6319 5351 1391 5727 5432 7241 8530 6156 5754 4819 5587 5714 6631 5460 5581 7399 5942 6615 2127 6043 2405 4433 5049 1744 1436 470 5471 1435 5740 5125 8062 4965 2357 3804 156 3863 634 1727 5013 6344 2898 6142 1417 2874 3458 908 4115 5262 974 4200 3020 6322 3893 1547 4113 3826 3810 2438 3343 6082 916 1340 2658 2373 4148 1959 6134 1443 6912 1255 3919 1291 3469 161 8498 2997
56 4656 9801 3880 9637 46 9461 9159 8464 6348 2496 7567 9711 7096 3732 3825 1601 8909 4277 4483 7772 2781 3580 8129 2229 8518 5105 1009 3764 1329 5236 5237 4905 4027 9991 252 1433 9625 3236 5209 659 9609 5095 3096 2402 2031 5186 3797 4219 4468 2277 2109 9885 2443 1570 1818 9569 2791 4506 7813 1506 2317 924 1327 2978 1723 2967 2827 1946 3565 3617 9091 3699 2458 1836 6786 3813 9799 9443 2018 635 5901 7884 1495 3106 9030 3134 5016 6890 7408 9886 6662 2652 828 3656 2657 5163 2910 692 7710 8481 3872 7506 1782 4515
57 4650 171 8422 7608 5941 2907 3199 1267 6749 8586 5039 2954 661 2170 1949 644 1552 8529 8270 1543 4948 2314 4355 8387 7667 3990 3594 5171 3824 900 4021 1182 625 1736 3332 6763 3637 6708 1085 2763 1020 5197 341 3965 8473 2721 390 1214 8816 7402 3262 3397 1446 2772 867 1509 2914 1415 5101 3820 2706 2798 9474 3743 2065 1904 2428 1602 1827 8104 4258 2771 3821 2307 4096 7970 4668 2649 971 1631 1734 3696 3464 5159 4659 3500 2088 6831 4405 4849 4660 1152 38 4697
58 1952 6027 8973 4749 8829 9011 6006 8181 3127 710 2403 1619 4302 7251 3176 2736 4975 6884 1533 8802 9819 8258 7009 1829 5350 8211 8689 9366 7775 7089 8796 5222 6264 8326 6407 5879 6850 2302 6837 9536 9839 8294 9265 8086 9727 9362 9529 4921 2525 8010 9138 6497 3041 6711 5151 9721 9533 2561 7168 6799 7361 5770 8456 6752 5520 9428 4945 6037 6530 5436 9145 9071 2659 8279 6962 8860 4953 6125 5196 1683 3108 1321 7302 2745 1352 4804 2669 2570 8734 6265 6116 3167 5562 9036 9776 6905 8266 5793 2125
59 6317 6282 3321 2740 6092 3150 6493 2989 6103 3006 2841 1735 6745 3095 6216 6433 6836 6208 6242 3335 5909 6736 3060 7222 6734 6860 7193 6589 6382 6544 2701 3139 1737 3057 6167 2956 2951 6432 3349 2778 1741 6438 7137 7298 7417 6102 6746 6675 7086 6396 6403 6979 6654 6053 6865 5853 6023 1296 2809 3304 2788 2815 3243 2690 2804 3163 2973 2770 3018 6854 6346 3094 3086 6031 2960 6804 7071 455 6987 856 7348 2758 3223 862 7213 6855 7419 6573 7217 4266 6012 5286 6145 6587 130 6700 5928 5892 9715 6097 6656 6472 6517 6254 6874 1513 5840 3748
60 4353 4652 9740 859 9331 9439 875 9759 9057 9975 2278 9965 8789 9990 9058 4485 7625 3524 7424 2236 1523 8531 743 4722 2503 2784 3793 479 3682 2564 287 1920 8392 7725 4674 792 7471 5023 8378 8287 3800 4323 2671 9782 89 9605 6229 2902 7736 5110 9646 3132 5040 9757 3149 5329 2474 2494 5251 8319 1254 2273 1750 9926 2501 1220 2067 9404 3166 2173 3179 2027 3047 1692 1441 1544 157 9820 2896 7773 7999 6166 459 8006 9825 7068 8672 3620 9200 7347 5107 2931 3028 1232 9204 1502 3953 7793 1515 5239 683 7824 6000 2338 6471 2448 7700 3493 4026
61 11 8550 5323 5258 4420 3124 387 320 4919 735 3723 8952 2580 2137 3799 8229 633 6510 2941 9412 5986 8684 3333 2751 1050 4156 2016 5199 4455 1688 8591 2531 1332 3186 4223 5174 2476 730 672 2901 81 8653 5071 7372 9860 2375 8980 1546 3256 3884 8206 2670 4125 6383 2353 1464 5091 1450 8717 4321 8831 1320 1923 5111 4043 9565 4442 6947 3379 1710 3007 5544 8821 7266 3887 9385 5365 4149 3165 9256 4591 443 5152 5415 1053 7384 6835 9023 4202 3724 9237 4936 526
62 75 4478 3557 9850 0 9658 4931 9785 9905 8581 7774 9497 9436 7486 8785 6697 8013 9588 6808 8991 8771 9010 9947 9327 8132 9056 8337 9980 8951 7552 7936 8160 9928 8396 4199 9243 6988 7854 2452 3525 1587 8196 5254 1257 1087 9996 2948 2356 746 6856 9961 1779 8272 8507 2321 5275 3008 742 5572 831 5215 78 5059 5352 7244 5383 173 2227 2233 2470 5031 5674 8007 1525 2702 829 5707 1022 7562 1292 3836 7897 6538 1825 3015 5139 5346 2917 854 3750 2612 9708 8593 3483 8731
63 6205 2268 5822 1395 3870 6634 4099 5716 7867 2585 1893 1264 8297 8424 2377 1507 413 5074 7275 8239 5133 3337 2354 8644 4782 7874 1105 3347 2416 6892 3419 3161 2957 4798 9678 2947 3584 1164 6873 5265 4131 9417 9172 7206 5875 4135 779 6325 1309 2653 948 3346 2668 420 9107 9597 3834 5513 6030 4315 2998 3162 3193 1620 9822 2404 2414 9694 2613 1493 4503 4343 9963 9518 4206 535 926 2882 66 9808 3077 405 1629 3334 9994 772 2618 9277 9789 9504 9309 9617 9425 9562 9611 9676 9687 9780 9455 9520 9733 9668 9264 9981
64 529 1209 2560 2241 3496 3832 2743 338 2559 2289 2707 3789 3184 3301 769 1846 2683 3462 2971 3760 2631 621 1511 2306 1460 305 2540 2066 3697 2598 3406 3247 1166 180 503 3273 2776 1347 2953 3257 2883 534 1722 1830 4028 1425 1170 321 3618 3840 3714 1197 12 649 1539 3245 2611 2492 2546 1322 2276 737 3120 2677 2450 82 681 3707 1636 3023 2380 2435 3131 1388 2789 1409 3068 757 2213 1249 2089 91 1208 1555 599 370 1195 2155 2500 3164 820 751 3631 1139 2457 2887 749 3681 3676 3061 2932 3033 3457
65 4299 2895 1344 7250 1353 8268 3784 6355 1480 8286 2878 759 8606 6026 2464 7577 1598 4686 2651 6185 3917 9279 8466 400 3838 2451 727 8604 611 7133 5908 3737 1339 4059 4337 5253 1416 176 2881 4145 865 5434 2282 1108 2889 1117 798 3936 5610 2747 7482 9481 4053 1675 3284 5219 1900 934 1980 2968 5424 6016 6777 5963 8983 2774 7693 3012 7480 4743 165 871 3590 4744 8811 5898 5369 9063 5390 3815 3222 9841 3998 3117 9114 3754 705 9074 4379 2838 1853 9471 7969 5409 4862 1310 6500
66 7157 4178 5757 3516 5917 3739 2030 8757 2897 3052 9772 8779 5763 1540 4333 5498 5403 8977 6200 2918 2593 1845 5384 5468 8029 3069 8920 6171 1610 9212 1396 7205 5155 8546 5495 2011 2635 7256 9238 4829 9697 1279 4173 2081 8155 6130 213 8000 5354 2012 4800 9546 5349 2856 448 7836 1965 2870 8649 7780 7138 9719 548 1133 1401 2221 1863 9141 4032 7767 9879 7609 7998 8413 9689 8485 7544 7108 8393 8898 8404 8283 9401 8508 7105 4195 8695 8841 8882 9664 9620 3615 6611 9677 9372 4246 9363 8847 615 4504 4839 327
67 4235 4088 4164 1486 7126 6574 685 4959 2603 5945 2719 340 802 4680 6025 4596 3289 2773 2790 4836 4935 754 183 5342 4453 6018 845 4419 5862 5206 1837 5670 2890 3390 2250 1185 4474 1708 356 5504 3670 3026 1648 2705 9810 1591 5440 2900 5823 3881 6791 4671 6062 7478 4071 2348 4883 2620 6439 4449 3037 911 3038 3097 8174 5391 2045 3858 6367 5758 5030 1611 5518 3344 1795 2472 5591 4764 3894 2425 3988 1167 508 1239 1013 3360 7401 6705 574 7315 8569 8873 9622 7549 8776 7808 4834
68 315 1938 849 3659 6336 7270 7359 3101 973 7295 3555 841 4702 3492 2999 7628 3084 839 3407 6672 7075 2483 979 7447 3081 1784 7903 763 1406 3507 7539 1910 3073 6663 7454 3579 1549 882 7385 8187 7443 7328 7992 8147 6772 1787 221 3684 3589 3661 3652 6881 7047 7961 7235 7398 3593 3650 7169 3607 8388 7445 7214 8476 7173 2036 6867 3687 7436 7209 8162 3503 7147 3480 7472 7905 8377 3471 415 3641 7941 3572 8293 958 7831 8166 8061 8490 6986 7383 8177 8158 402 8289 2004 6627 7747 7376 7339 1994 7642 6910 7477
69 2491 9323 4710 7531 1693 3851 5142 9750 679 1880 1642 1814 4792 4329 9601 797 1378 3110 8042 188 4511 458 6085 4279 3444 9904 5893 3827 1792 3709 5252 187 3402 5932 1770 3237 7038 1271 2324 3705 5692 4968 3358 4738 3830 5953 527 5437 5651 6875 2704 2518 6390 4356 619 5637 575 3307 3003 9748 4976 3703 6147 2756 329 2548 4550 3494 6040 2732 5912 8339 8629 3930 6877 946 3679 6871 2939 7597 407 8218 2839 1856 232 3133 3363 3160 3853 2684 6017 8740 3980 5310 6300 6276 4801 4024 5173 5149 1225 7510
70 9570 1246 9962 4811 9174 4851 7698 8014 7492 4187 7976 7099 9878 8624 8767 9144 8354 9573 8168 9761 2275 9470 7566 7428 6900 6906 8455 9475 7194 4330 4400 7231 4925 9720 8646 9791 8085 7614 9406 8830 3130 5765 5137 3221 5377 9065 3867 4181 5626 6048 5728 7115 9731 3484 1191 3436 5082 6414 9999 3224 9859 1527 3939 2189 2092 419 2846 5231 5117 6470 7461 2270 1682 2764 4617 4665 1365 4475 8788 6466 6146 6965 715 4471 8151 8836 6647 4618 4900 1349 6667 6533 2969 1532 3560 2723 9995 8304 2149
71 9767 4008 3099 9 8102 6776 1714 6798 5500 1030 7180 4527 7380 4067 6758 7777 9794 3831 8617 9286 2549 2930 8299 9915 2522 4158 9589 8032 4452 5165 5121 2853 3352 9969 2590 9034 4973 9283 1161 2429 9993 9817 9849 8775 9003 2552 9584 1392 9126 9039 8053 3986 9831 8787 9501 9805 2940 9955 9445 9987 2830 8710 2925 4709 4529 4783 3005 8916 4034 5664 5332 3811 9171 9988 4204 3013 4087 9213 647 8665 2769 9651 2685 2208 9541 8545 8765 1702 9760 9567 9128 9900 9473 9745 8641 8661 9220 8869 8838 9008 9197 9865 9411 9925
72 191 6989 3666 9525 8631 5582 9577 5722 8199 7871 9319 2144 2759 4653 5233 7585 8963 8759 6996 3982 1211 6894 1081 5843 3783 1640 5078 4078 334 639 2755 8610 373 4116 3452 9096 7221 8149 7798 1881 8922 6492 3517 9060 3956 585 1809 6375 1341 2059 1801 767 5616 1019 6683 6802 6422 331 7432 3330 6588 6954 6981 3729 5413 2541 9508 945 2693 3581 2049 2604 1937 2938 480 988 5558 3640 6046 2070 5534 1370 5325 7171 8506 6944 2231 9972 7979 8201 2181 571
73 1295 1964 1394 3393 1162 4466 1269 6174 4097 1512 6542 891 6418 1124 783 427 3903 3885 311 1754 3403 6528 1313 9593 5873 8264 7351 8295 6577 5246 9592 1228 7161 4434 3456 3142 3756 1485 1944 4706 5641 1192 6616 2188 2762 3913 1034 276 9390 2201 5343 4759 2808 9790 4613 6482 1258 5166 3312 678 198 2301 9049 1345 29 6859 7586 3377 2555 9223 7043 4036 7056 7931 2271 2203 4065 3040 7325 755 299 3404 1037 2105 6303 4440 466 39 5935 2398 9280 2606 1290 3103 4459 8974 8171 1230 1797 4317 2162 2257
74 9492 9357 9629 9595 5249 5292 5230 5356 5257 9403 8749 9153 9877 8887 9059 8489 9934 9459 9619 8960 8874 9292 7888 9026 9823 8415 2805 9124 5285 7987 9284 8803 8451 8260 8981 8503 9037 7963 8634 8888 8577 8198 9861 8045 9339 9067 8164 7890 8565 8311 9099 9511 8655 8077 9753 9615 8019 8943 8435 9530 8543 8921 8953 9370 8374 8300 7923 9382 3845 8389 9950 8343 9742 2226 9503 9090 9612 852 1597 3183 1667 5122 3188 2523 5217 5190
75 9917 8835 9738 7761 7641 7801 2272 2040 8488 740 2524 697 1420 1348 3619 3718 2720 4773 4708 6405 6849 1518 2035 50 1217 914 1673 883 1325 1864 6399 3837 6086 1808 2638 2312 6902 5490 6704 2019 4820 6479 5255 4296 2140 3972 1461 4587 568 1504 348 3934 7358 5948 5021 2623 5735 739 7853 5396 4796 642 2714 6186 3817 167 3455 5819 4069 5761 1449 5136 1603 3194 4092 3235 5474 3210 8773 47 6137 97 1823 2539 3911 2337 6911 9832 424 6071 5532 7008 7036 872 1941 766 4927 3989 788 5298
76 2365 9686 9765 1745 5497 8667 5652 9792 1298 7259 6721 4227 6949 6490 2906 928 7495 7619 4047 2678 5753 8562 8127 4754 4755 5844 2832 275 8375 7550 3192 3242 26 9863 6005 6963 8663 3716 876 857 8115 79 1308 6840 1356 2857 1057 3935 2961 1092 5098 3085 2048 3278 9231 3354 65 8421 7503 2708 4308 181 8997 5828 8723 7129 7418 7131 8307 1526 7016 3195 6315 5940 5020 3113 1623 5319 821 691 5445 6042 5824 3217 1299 785 8900 4375 9952 3385 9070 204 5419 4604 6685 4292 4373 9716 4592
77 9147 4286 4860 1957 7184 7144 7660 7005 4350 6692 5382 8276 5337 3276 115 3731 5055 3355 9123 2295 1328 7631 2646 5411 3218 1694 5340 5058 2574 1564 6576 6731 316 7262 7310 5242 7189 6111 5715 6258 3601 3062 8399 3123 3417 9486 9062 5028 6106 2935 8052 5503 7546 2629 352 1865 2797 5127 7516 3570 3112 7228 9395 6124 753 5890 1141 1237 9643 6169 4569 1781 1174 6180 6737 873 5317 8878 4120 1012 8721 7119 3519 666 6575 359 164 7484 3624 7952 2204 6584 6377 4761 8250 6429 3025 6159 7215 2987 9642
78 468 8704 1764 6311 2172 8599 6636 4469 5404 6646 5800 4150 2795 6113 6440 7722 9160 5077 6342 6289 8290 9644 5809 3270 1553 1190 8989 3649 9632 7377 8957 2864 9826 7201 1709 4519 1501 6728 8189 4895 2436 5019 4140 4322 44 7011 8917 4422 7423 8468 512 212 5132 2387 562 4881 9890 684 800 2243 412 8746 5609 5063 5454 5884 511 4268 3873 7534 4913 6361 962 6495 3137 2802 6657 3087 1536 3359 3669 5583 3316 9932 9564 8929 7957 9812 8536 8391 9274 9064 9467 9218 9498 9766 9355 9948 9549 9169 9102 9113 9077 4988 2205 4986 4768
79 881 8137 4015 4410 6956 3678 2777 7799 381 1355 3021 2859 7390 1834 7719 4802 7711 7726 6669 4850 646 5605 3534 1243 584 3553 9713 1659 967 5089 7825 449 7268 8547 7591 6350 2979 6283 520 1997 4880 3962 8314 6594 6665 1008 5850 4338 7818 9307 189 9458 2421 5559 6929 8677 8964 6698 8826 3931 7394 8937 6496 6622 3476 4415 9743 9971 8167 7600 3806 1751 4903 2267 3093 7242 1369 2440 9681 9270 8852 9176 5738 9340 2454 2512 9500 2633 5066 5279 6064 2073 4406 7170 6231 6536 4042 9310 9516 4186 3051 5176 4721 3159 7437 4457 9387 4597 5721 4412 6640 6175
80 8806 4136 3818 4929 9260 8223 3253 2260 7752 9914 5143 1494 1747 3168 5000 7776 5099 6920 3833 3812 770 4563 8009 5414 2080 8707 2358 8709 686 127 3683 3901 8745 9383 2318 5658 3938 3949 6670 904 9623 5026 2330 4788 674 2256 214 7278 6228 7130 1189 1062 7476 3586 8226 903 6170 4579 957 7887 1265 4863 2993 4654 4207 5846 7459 6882 9699 1153 6921 9977 1791 1758 396 6741 5849 795 3647 5024 9079 7143 7962 885 6958 6992 7120 1245 3372 6412 3775 4691 2950 4020 6323 5810 3541 5634 3828 1333 6526 182 3351 5749 3002 6609 8965
81 3443 5012 8478 1186 4584 2782 4977 6424 847 4799 5837 4777 6845 6886 6328 8069 7843 8036 6416 235 1004 8988 9294 7022 6557 4806 673 7343 4325 8064 7671 4005 4848 7685 7968 3690 734 1755 8722 8552 2582 3075 9545 5057 556 1067 7894 9189 7203 7784 4769 6785 7395 5366 972 4009 5903 4566 4122 8961 5183 6327 5100 3609 7403 9397 7669 6105 3749 7479 7687 7981 6369 8022 5035 3695 597 9537 4523 4889 3348 676 9365 4316 2970
82 5508 8332 8892 7956 7153 5885 7453 9613 8021 8262 8817 9970 4634 3158 2847 3882 9394 5014 3375 8195 3287 9295 7738 3309 1111 8674 4051 4025 6148 9606 4628 3488 5189 1381 5080 355 2508 768 3819 966 4432 4254 1359 3604 1839 1878 3431 2344 8271 4779 1018 5007 4374 3089 5083 1231 3466 4107 2794 1886 9186 816 2875 3280 237 929 2296 1716 3394 1928 2806 2803 6366 975 4464 542 2731 3778 4106 2664 4845 1466 717 5128 4228 80 560 1790 1168 4326 1201 846 6038 9202 8985 1816 129 9509 5321 1679 8128 6701 4644 528 5579 3849 3658 7559 7604 806 7210 2239 6417
83 5627 606 6959 9814 3672 5789 6445 6858 6857 7880 3552 1171 3977 4041 7488 1097 4196 3104 4413 2526 3940 4057 3655 1275 2579 7034 4724 7689 1150 2431 199 1411 4180 4080 6297 4324 1146 1363 5207 6408 5868 238 7714 6333 2682 2397 7603 7046 5568 7659 4661 1999 949 2814 5920 7525 7756 8871 9446 330 1976 5536 969 936 2600 3181 7838 1857 2632 490 1235 2456 41 5427 6652 5399 5988 8183 2191 6339 2628 4677 5827 3251 2300 346 347 7485 4369 2471 4447 8203 4488 8475 8889 9669 8941 8897
84 9571 9868 2114 5223 622 2298 1701 5296 6201 8157 6945 5596 306 5051 1048 380 9824 2858 4423 3426 5138 5418 7896 6379 8906 9051 7065 2676 9245 563 7185 1431 2892 465 549 1882 3744 9068 1178 5212 7804 8987 410 7930 3004 1028 34 4870 1492 1021 711 51 6033 3495 6732 4573 3323 1118 6457 3883 8357 2378 8861 6255 6809 658 3766 6872 2729 5027 4269 6613 2505 1711 7159 4574 6735 1842 3376 6813 4000 778 1887 931 9974 3971 5755 2980 4162 1565 8939 3173 2433 2754 8863 4685 9945 8426 1044 6343 2220 7142 7079 5073 1002 6118 7326 8136
85 9244 3548 8080 8363 8870 8204 3283 4290 1090 414 3074 3665 8087 9717 9916 6021 3017 1929 9333 6129 5639 7238 9985 7673 4482 4675 1767 6238 6335 6140 6128 2836 4831 9829 3451 4079 7317 7489 4676 1953 3927 5509 7287 5041 6401 1635 7322 9326 5452 1130 4871 8966 8772 1960 3605 6951 6388 2698 9320 576 6709 2982 4518 3202 3341 111 801 7467 2015 8627 7164 4667 1163 5874 1007 6565 8823 1078 6624 244 7740 7226 1914 1017 9009 5092 4306 4826 372 7995 6153 5451 7274 8425
86 6203 5084 6548 6010 5295 4609 4271 3954 5896 3753 6582 4081 5992 4896 4061 4176 4479 4824 4872 5921 6434 4205 5797 6553 4901 6232 4175 4163 4876 5496 4756 6188 5375 4007 5124 5595 6199 5671 5120 5085 5731 3891 6461 5433 5970 5959 5260 5926 6160 4171 6340 6274 6293 6065 5835 5625 6004 5477 6284 1573 4312 6051 5741 3738 6454 6247 6270 6219 4869 2716 3892 5841 4076 4294 5314 2061 4838 5688 5338 267 6320 2829 5869 9106 5263 138 1652 5531 4270 2943 4608 5259 5519 4528 5462 6132 6559 6415 4435 4109
87 9958 8470 4243 8285 8572 9534 9045 9438 7939 9479 9105 8169 9751 7986 4319 9121 2379 9311 7993 6567 4172 5675 4083 4730 8915 4890 5042 5167 5710 5361 4728 5037 6279 6285 2097 7901 6244 6376 3474 6337 7841 6545 8090 8145 7972 6607 6586 9685 9296 8812 8862 8334 7861 6187 8729 8130 9683 9491 8942 7916 8152 8493 7945 6256 6165 9312 9881 9134 9695 9173 8487 8798 8496 8801 9957 9710 9421 8411 8625 9420 9313 8726 8159 6703 6410 6448 8103 6532 7840 8429 6504 8263 8459 6525 8365 8358 8078 6638 8648 8041 8650 6190 8366 7902 8561 8712 6446 6590 6280 9795
88 5791 8755 6250 6452 6660 9973 9519 7114 5106 3396 5974 3261 4241 6371 2329 8564 9225 5537 7094 6052 6090 6720 5441 7638 4981 850 3843 9893 3856 4155 8437 9548 1951 4055 5570 2823 9938 9563 2965 9838 4104 9830 6895 7146 3914 3286 3968 7233 6294 2831 1895 369 4209 1740 2264 5673 353 4179 5750 3440 6868 3693 1095 7145 3206 992 9853 1689 236 5306 5880 3203 6202 9027 8231 1112 9033 9314 2872 4341 6679 70 8033 2630 1303 5097 7647 357 4 9462 4810 9671 241 7158 1545 9140
89 3915 3381 4351 1423 8118 2335 3794 3689 2399 6083 6893 7695 8638 5043 2255 3543 8520 344 5061 4784 4023 3531 3850 4987 1911 4358 3674 921 2848 3924 6150 9080 3036 6309 8400 533 3533 1367 485 4252 5484 4428 7090 4818 8384 1221 4255 2351 7959 3105 2216 8144 1307 3638 2807 2637 2866 2325 2741 7787 7198 7345 3991 7435 5695 1939 8975 5379 133 2376 3595 1453 8595 6224 293 6314 1285 5512 2316 4362 5435 9293 4854 628 1204 1872 9769 319 4586 2828 9857 8353 7712 593 5563 9703 4499 4006 5116 1405 6984 7855 8242 6072 5767 2279
90 2038 3200 8615 1927 4287 8673 9771 3114 3022 4662 5096 7576 1014 1445 6278 8584 3809 2131 6069 8178 1304 7272 6960 2477 4610 3128 8683 6907 8537 6531 4580 6623 7332 9317 4098 9195 6290 5545 6020 2641 8477 1042 1469 2602 3146 2528 9087 4823 2537 9661 6158 9627 2467 8845 2198 3922 8017 9604 9514 1314 2992 3140 3808 4487 2294 6541 4331 9246 7281 4835 789 3890 565 9463 3847 9657 2123 6946 59 5187 4438 4497 8894 5416 4733 8782 9380 910 6117 4521 3386 6712 617 3297 3083 9108 6209 9250 9665 9846 9930
91 6924 7915 4961 6505 879 7721 3598 996 2627 5895 5017 4035 2532 7879 7141 1072 5944 6583 5348 7267 2460 6101 1963 6597 995 4599 5213 6901 2154 8786 6612 8982 2116 2396 3109 6887 2609 3973 7599 8656 1748 7988 1557 9442 9393 600 6930 3401 2093 4085 4534 8793 8461 3045 234 7069 5515 9656 7665 4711 4853 9598 7565 608 1399 7551 1382 440 8410 4077 1280 3461 5160 8089 7533 8004 324 688 4979 421 2291 8402 4393 8282 7101 3477 6081 2461 804 3148 9083 4264 1350 6215 7929 6372 7560 9101 7107 7607 9248 9184 7269 6049
92 2619 2285 154 3172 7535 9130 8291 3814 1583 460 2043 8134 8257 6391 6413 3501 7917 7832 377 1207 3657 826 7127 5617 2536 5205 9557 6554 980 5657 1286 1000 7093 3082 741 9964 454 8317 1408 3448 4567 7899 5838 898 2478 9912 3823 2821 6389 3700 9453 3070 1375 8662 2963 9580 9226 7001 4655 5299 9435 4841 3362 5801 5723 2573 5200 5530 8081 4256 3747 4416 5796 6551 1491 1581 2041 6442 3171 3745 1794 640 2342 8414 1151 5103 7458 1898 1858 3019 4926 3751 6514 5235 5955
93 8074 2885 3759 9662 9469 2096 941 102 4397 3259 9705 516 8724 484 4561 401 2218 2247 3478 297 5001 3874 4966 9693 3410 2248 2946 3752 4289 3943 8512 3762 2487 474 2023 1274 4602 814 1238 9610 4401 8570 4159 1038 4615 9919 9543 4558 4093 4417 67 291 77 3293 2225 4212 4128 4224 618 4108 2122 3662 1700 1098 4450 4132 4536 3642 3623 4153 203 4039 1725 1216 4463 566 4546 4648 18 4454 1316 4281 307 4731 2446 1106 4352 350 4625 1261 4177 671 653
94 2323 2174 2873 1972 2820 2156 2352 2200 6352 6144 3034 9736 2851 8443 6109 2413 5977 7102 9495 2076 3170 2861 3331 2517 8253 2029 3178 7407 40 9318 2334 6483 1884 1122 9136 2507 1293 7573 3154 2369 5549 9507 5381 2058 6961 1032 3713 256 919 2687 2588 2315 5730 8216 7136 4765 2006 3711 6630 8153 303 277 6671 2473 1440 5521 3141 3513 2594 9165 3398 3740 6790 6420 5322 4510 3353 5353 9224 4669 1047 3053 9416 9653 1172 1442 9405 1879 5267 3032 4335 6334 7055 7785 6942
95 8509 721 5589 1593 4477 7104 7704 7790 6409 8600 5689 897 6843 5359 9078 8170 8037 9583 7463 9182 215 9419 2160 3612 5962 399 3730 7174 155 8959 3325 5459 3182 5925 5742 1537 2355 3470 289 4670 4105 2849 3258 6677 9211 3978 728 1931 5905 6486 6724 9986 1505 5305 1100 3573 2513 8670 7299 9154 5848 4385 3080 5947 6742 4366 5995 6176 6812 5870 1437 3366 8027 3758 1063 9050 7664 5161 7827 4581 2511 5525 4786 6349 5266 185 8912 1455 7273 2566 7006 2865 2779 4631 8175 5538 8063 2147 6015 123 7538 8048 7557
96 736 977 6373 6506 7140 4837 985 4922 5647 2210 1624 1899 3211 8931 5195 9544 7983 7837 288 3151 2656 3995 6266 3065 8844 2406 8752 4787 2424 7620 6425 4760 404 433 9021 6288 4855 5398 7967 7320 8580 2389 3691 7760 7723 1542 5854 2022 406 2785 9899 8780 4612 4565 1135 6245 5783 5280 7305 4390 7532 6744 1088 748 9600 8905 6923 5696 5374 9129 5281 4995 3667 7202 233 2686 5665 8875 8146 2363 6810 312 6715 2722 9075 1268 42 262 9896 9041 1867 9269 8958 8191 8385 1663
97 5363 5772 5224 5805 5444 5385 5220 5392 5766 5662 5708 5425 5192 5574 5576 5479 5465 5453 5193 5367 5185 5756 5577 5718 5638 5289 5423 5631 5533 2090 335 3536 5502 5542 5821 9180 9100 4766 4167 4589 5282 8851 4865 3521 5678 4545 4624 3654 8596 4828 6916 8751 7062 7938 5877 4342 7844 9006 9712 4451 6718 5713 4129 5493 9335 4725 8280 3540 3796 9454 7258 4861 4984 3771 5395 5663 4957 5578 9004 3528 7025 3147 6056 8194 4645 8686 8598 5184 8050 7624 9639 4874 7783 2680 9559 1040 3498 2766
98 1126 5168 5971 8067 5148 9115 1380 1080 6214 8727 9097 6404 6852 6484 2813 8833 8073 2871 4189 6801 6162 5780 7368 3526 310 5086 4690 2499 9929 43 1903 6451 1638 7588 9017 9449 522 3399 1534 1850 9837 8394 6491 8433 6241 5943 7352 7925 1351 4606 6260 2244 5528 2370 9976 9289 6179 5781 1035 8760 7733 9210 2622 3946 9423 3896 8450 1227 3463 6397 6299 271 1759 4673 8331 7431 6235 1600 626 4257 9073 1099 6477 2078 4280 3180 332 6075 5883 8730 9752 1891 699 2110 7886 6632 8038 7192 281 2996 6135 8438 5703 4695
99 1051 2025 5949 4928 4334 7134 7409 8947 3058 4723 5402 3514 8542 3122 1670 3651 8324 1738 6047 1541 5643 1046 6661 745 2453 9505 3798 1993 2463 8495 7103 2246 7040 5211 547 1918 8560 56 5387 1985 5483 9297 5475 5514 7313 7683 6402 1025 9781 6227 5294 1802 1550 9410 6816 6955 8303 8361 8188 8269 8791 2949 712 9381 1176 4970 2665 7864 4037 3791 3435 9762 5990 3599 4832 675 2812 837 1503 1138 2944 824 5072 2654 8075 6501 7765 8499 8636 8924 6738 178 6273 3958 106 4938 5456 2297
