100
0 720 1137 42 36 104 96 422 756 91 8549 186 33 2849 398 137 5046 1227 1494 4738 1808 2268 1368 7707 5469 3045 39 8461 4479 2556 116 397 3022 425 2020 279 128 538
1 1290 377 9030 815 159 85 280 7292 1632 1468 596 684 2902 946 4040 1440 74 158 940 63 52 252 72 123 120 253 1679 180 1597 4589 2572 1388 28 88 26 549 110 57 30 231 15 8734 41 27 199 17 13 12 5367 869 19 21 11 65 5 404 1089 37 4 485 126 1 22 14 2 3 9 6 8 7 1572 3198 0
2 63 1495 1604 1591 94 370 53 214 2145 805 536 18 325 168 221 3661 1799 264 65 23 155 867 132 122 356 69 390 27 4859 4 2741 1 92 9 5 346 2 3199 4063 7 96 1352 30 54 120 33 103 637 102 44 940 0 329 751 17 24 8 3244 252 148 62 485
3 1122 9710 3455 5848 8295 6284 6702 51 551 1370 3160 33 3478 1362 141 3659 768 293 5519 5803 225 5582 809 4009 896 2738 256 2992 2696 4361 2191 7924 2840 447 1456 29 1549 31
4 849 1204 258 2894 3404 3646 2460 8401 670 3860 9493 3751 433 862 891 9290 5196 641 2413 3946 4157 1956 908 1257 7313 91 8518 2143 2706 993 3056 3654 941 79
5 1958 97 285 3849 650 6698 36 747 158 161 60 249 869 859 552 1184 510 611 1263 149 482 621 500 90 46 255 93 1153 2627 0 240 332 98 40 125 77 2785 8044 977 64 245 76 933 1274 48 8 2163 2918 186 155 716 94 299 797 968
6 482 3131 27 89 1287 399 132 66 1132 143 348 34 100 1613 391 146 82 52 346 98 110 48 684 243 112 95 2431 1183 137 46 86 42 172 659 25 36 56 280 78 40 585 404 41 1476 72 145 197
7 1315 63 485 4371 1452 102 145 5429 4023 13 18 65 316 20 24 725 55 524 30 10 229 37 78 12 17 659 1506 4848 2744 131 611 107 46 40 187 3600 1332 47 992 288 250 999 9225 195 429 51 25 2768 36 79 52 3054 115 1447 459 933 130 737 252
8 484 1287 178 54 25 290 83 5515 56 5247 4703 3692 2608 58 164 3517 135 121 38 2140 4864 2158 2960 216 10 7269 3302 1735 3747 40 31 436 8819 6837 35 4525 735 261 3179 1189 2171 62 5011 187 268 23 9356 1581 2430 212 24 1134 75 240 18 96 1183 102 8149 3961 5311 371
9 554 725 5621 7878 2140 2820 2616 395 7147 4962 1388 8034 727 204 4 6234 70 37 2562 73 163 5349 155 552 53 19 103 232 650 7401 510 115 4421 715 33 24 2735 45 60 22 6718 119 65 72 82 69 123 432 7 229 899 62 78 1554 2955 56 873 184 2170 126 5200 158 121 138 4390 468 15 27 3 14 5 28 1 2 9 176 0 8 6729
10 2848 5926 1737 0 2 7 9 3477 1 5 15 468 13 131 27 28 14 4 3 6 17 679 372 20 199 37 30 482 2871 72 11 18 8 332 513 123 36 1707 3071 4978 16 196 10 824 9086 624 681 850 42 21 2905 1506 638 859 139 4609 243 47 290 135 23 19 957 1667 915 256 78 2138 84 1327 82 120 410 138 708
11 121 236 653 117 371 139 61 70 303 3457 737 103 206 1122 41 112 494 2003 79 60 356 2261 7559 650 290 442 73 55 136 125 1183 111 51 48 252 671 8992 1 316 64 91 8 301 142 1155 17 267 327 0 659 5 210 5205 762 9 2614 3591 93 184 2 7 69 6656
12 6 1502 14 3 121 7 4 19 1 554 138 5 1310 16 28 11 0 13 731 35 8 1077 22 9 12 120 21 27 2 62 26 23 155 632 20 10 135 595 624 58 253 32 878 114 29 139 2371 224 69 18 3483 88 82 38 65 4514 5634 7929 4500 1263 4977 57 56 126 2177 290 2757 1401 583 204 252 3379 1591 2148 176 2153 3818 867
13 393 567 595 1271 240 60 2049 1438 3096 3572 358 414 1445 6480 93 6558 1407 2464 1828 109 3648 875 503 124 4162 3943 5446 3659 1540 1105 3066 919
14 482 708 9559 404 2205 5850 49 69 185 4594 6979 948 3398 3239 89 3182 1097 5721 161 1521 245 709 825 0 3514 1104 291 410 201 8 450 362 2126 1807 680 7155 1902 7 19 1324 104 456 343 94 734 1035 992 186 749 153 8168 742 7147 3046 355 252 138
15 9 2 1 63 468 7 126 2818 5482 5 6 199 120 131 11 138 1766 62 15 139 14 21 42 1506 69 17 1597 513 61 9957 3 84 8 44 72 280 301 709 147 979 36 561 87 968 0 330 92 2003 41 112 13 206 4288 1734 58 1270 6459 4148 43 6222 7151 107 3774 70 224 3082 5429 9572 7915 2707 4554 89 4885 1365 9365 1137 7033 361 977 28 7585
16 2058 7676 214 2169 1748 177 1477 5222 1278 506 2857 722 385 3950 207 3689 2767 6565 7367 634 418 3715 1136 191 4974 1100 5791 6630 1000 848 6031 2268 3500 461 1590 1207 167 1754
17 797 3025 461 1667 171 7488 3021 252 418 1330 1498 4443 19 3243 11 694 763 3540 1185 1743 2809 1030 8152 4 561 435 9351 2033 238 6 2 2232 2342 5218 3912 3306 210 396 1420 199 9 5278 14 7 4335 454 9470 583 5893 4167 28 1270 3977 5404 0 8015 2296 8 4343 879 6378 1554 1524 665 731 4607 2614 3923 6049
18 879 138 37 15 4102 267 9 161 229 7984 175 8703 40 1222 1546 1052 3410 647 245 3158 3983 157 3053 273 4089 546 339 910 3121 123 6756 1292 598 231 613 365 421 2416 615 1298 119 803 66 6058 742 836 77 524 609 1019 43 6787 189 162 720 1226 335 97 152 7593 1001 7557 1604 6256 176
19 1873 538 972 65 409 228 929 46 110 1985 48 3498 3203 812 5108 333 4317 358 61 985 3741 4430 9053 849 2492 245 980 70 86 1587 2403 2872 1244 149 5497 98 66 1896 861 981 1529 1128 746 1900 1612 309 300 2079 134 1548 9081 2391 480 57 88 1689 55 764 1524
20 1290 5526 2153 2591 176 3198 148 6 252 709 20 3497 15 4171 199 16 3172 1052 442 13 7347 4 1638 27 797 686 8454 10 37 35 102 549 44 3483 12 22 3441 61 2659 2930 249 7048 107 4225 62 9519 4688 57 19 0 8 859 1771 206 595 36 75 7 7081 6373 18 49 1168 4067 1412 140 907 1225 632 1256 2849 41 159 120 1117 17 7069 6362 2150 2047 24 2 5514 3286 9 849 184
21 5661 72 3880 6115 1610 54 12 71 26 33 10 107 83 34 249 252 22 325 96 236 110 1350 17 82 389 253 44 38 1152 23 1089 199 494 28 5985 5554 35 37 7 5482 69 3158 74 21 3 2 9 14 176 6 11 15 19 27 7242 4 1482 5 1 0 8 2264 2848
22 1310 1290 0 9517 7624 138 8 2 583 9 7 1 28 2818 69 859 1173 5 197 977 4 355 468 2402 6 442 3 126 148 224 16 253 15 193 63 11 14 303 236 356 27 2045 72 57 3211 3379 389 166 19 74 23 164 78 114 62 650 58 45 6379 299 198 404 155 26 184 157 731 12 342 280 161 41 6035 21 3424 44 70 97 207 22 8955 1132 843 1930 301 2304 121 240 61 501 107 117 38 7293
23 126 1 139 57 5 3 253 184 58 1412 152 426 1429 56 2169 42 135 28 8 3839 29 86 95 1119 32 172 81 243 195 881 67 275 1959 66 1351 8138 273 361 250 1385 75 310 2692 230 345 228 462 1793 120
24 2060 708 2 1173 725 9 236 37 138 977 148 6698 900 184 2614 8450 15 19 82 554 120 621 1334 31 6138 3706 6238 6347 3483 7086 5333 252 139 2168 3046 940 0 542 7373 1930 1151 69 482 8139 2444 84 2136 679 123 9335 585 83 104 1321 80 7 1584 1152 204 303 451 56 948 271 382 91 1793 5643 769 612 1629 3563 175 73 1174 67 231 128 388 1284 871 873 3455 3447 108 1184 115 2187 305 185 1572 339 8
25 120 20 57 1667 850 18 16 1554 3398 3262 342 7382 1888 63 161 164 65 8243 301 2106 4397 1524 131 13 40 50 3196 425 140 1222 4724 1174 166 147 31 9677 103 101 1645 3747 3251 64 542 36 112 8360 3964 47 45 602 880 7354 4100 1478 62 390 1048 594 280 409 55 70 2709 2175
26 554 5959 1656 187 1951 6577 4090 299 161 24 1388 342 131 485 907 2889 45 197 1850 138 8 624 46 890 144 0 1420 193 2052 80 66 9542 1 409 33 3110 47 183 267 1019 1967 3194 9927 4807 162 778 1584 526 805 2 3 4497 446 2296 5 1077 9017 660 415 6369 9 27 329 4704 313 4813 107 948 5381
27 138 69 27 1221 409 841 66 411 855 211 604 9 6 2116 117 183 228 631 50 901 646 4978 2 4403 184 909 343 2296 157 395 739 1117 47 4962 151 1522 410 122 300 139 524 331 53 7753 119 389 82 1412 45 166 0 679 8 4510 24 34 443 849 35 299 899 6668 5295 29 107 121 164 8761 482 919 2889 176 2780 1954
28 1917 148 184 914 899 653 12 552 301 164 44 61 60 285 131 1352 123 686 10 70 432 103 51 612 53 3458 2048 1031 78 64 824 258 144 764 196 93 198 77 2576 8492 3768 4104 5483 836 272 132 383 1008 206 1344 830 4425 478 234 3428 414 197
29 329 236 35 22 650 37 331 74 1697 231 496 274 393 34 270 881 1803 360 762 793 526 807 170 223 417 4724 594 490 137 2000 1568 143 337 281 113 1450 1607 1537 215 3141 321 1491 155
30 686 169 183 49 756 2014 3970 435 34 489 2091 8480 3149 465 2816 1674 6450 4532 294 1596 4797 8740 602 537 1904 1026 162 1933 150 687 610 275 256 4801 31 2385 625
31 2 5 14 6 482 199 253 356 583 37 16 8 69 3 21 17 19 13 12 1065 4 1106 11 22 102 20 18 252 96 10 1734 58 63 0 5091 73 74 2504 138 3676 4397 881 1052 26 7454 3008 280 30 915 735 6141 105 125 4487 7 211 2360 408 632 9 27 5626 249 2185 1989 6385 8707 1320 126 596 776 621 1093 867
32 5921 709 3849 3110 20 184 968 1334 404 2486 197 4364 2402 5051 2841 176 16 797 8 0 2076 10 1200 61 549 82 83 166 35 34 1315 1583 5448 9 3160 4281 25 18 38 120 7 84 56 31 2 3053 869 2825 339 426 1597 1 32 624 78 3398 131 1412 15 2819 3489 43 2526 663 74 728 55 4157 619 2659 69 995 8993 554 1783 859 782 625 331 451 321 178 2700 65 1725 7708 1780 4460 3470 900
33 708 686 126 7 27 990 180 2425 9 51 8853 47 1667 0 87 2849 973 80 2348 63 7437 298 503 2374 1376 2717 33 39 3639 1011 3119 5395 7387 3053 8488 78 8 267 598 4172 24 3248 6539 2214 316 609 32 995 681 243 9572 1951 1583 92 5754 299 4953 4820 2291 3514 9896 2521 1114 22 432 54 2274 1365 176 193 16 8751 3600 1954 20 1384 9933 4 5150 1917 6656 554 3097 2848
34 0 6604 2 7 27 8 9 2153 2713 9894 1 14 16 15 442 621 18 5 10 4 1583 3 17 121 28 178 1575 268 13 1809 3441 73 4895 45 224 2291 82 52 44 20 120 391 1106 164 33 1077 305 429 138 1665 96 1446 8044 137 40 2955 333 990 926 1612 2593 6656
35 454 1186 8030 6962 388 277 4710 3011 1883 444 675 1607 3983 5552 344 1494 4410 1150 4358 8973 108 89 594 4435 350 975 190 128 9391 2239 738 3662 385 6012 7304 1151 54 419 503
36 4273 2810 181 106 1797 1481 2097 377 697 998 3003 14 1404 1508 2979 1966 126 3317 1151 3996 59 4984 1351 9246 396 137 2073 469 2180 280 9562 4919 967 163 733 9521 1528 712 1702 403 3718 434 149 1936 146 119 5329 4662 406 301 1783 751
37 1737 3097 968 1 1482 5 69 303 14 28 3 1089 4347 121 21 184 2513 126 166 5862 6 11 410 371 356 30 919 0 155 8 681 114 2073 56 54 19 395 41 2612 332 566 48 2430 26 158 60 2444 236 1256 6577 25 42 198 23 31 4864 88 776 2 7 8702 1343 594 204 2147 647 125 1027 5084 587 176 6523 9346 84 1921 2248 355 120
38 4630 853 8704 3444 8342 698 81 1765 906 507 1530 2805 3926 298 175 1314 6329 419 360 3359 1135 1991 2078 3034 7486 2593 4032 3622 3323 8516 1303 4394 332
39 1671 5381 355 968 9 728 4768 2 5921 1 686 5 1171 797 74 7 468 1930 17 1395 979 2383 102 439 8 7104 0 9611 389 176 977 2889 280 301 1251 2138 747 4302 42 138 55 33 34 2688 1369 166 120 2523 3182 148 79 5895 50 60 8334 118 4388 6234 393 2503 207 158 390 46 84 5546 646 896 7048 48 25 51 750 356 62 554
40 907 51 777 538 9832 388 53 972 210 265 2162 267 151 73 9 183 160 2 259 24 4849 32 168 9946 1465 308 2442 2164 8955 850 2423 3044 2190 6001 5931 1153 545 7 1 4277 1880 660 248 439 539 5326 120 2120
41 554 19 900 1173 6 2076 268 1679 21 253 4142 63 145 197 382 97 1756 665 737 50 12 3884 123 35 4364 625 37 549 11 152 117 476 39 389 3135 1408 329 516 205 9039 371 4728 166 156 104 170 1723 1321 1168 299 31 1262 9678 64 331 4308 1287 3790 611 157 2504 910 1626 2136 2258 2214 2079 142 2726 784 634 2780
42 4537 9749 1387 356 4288 76 1019 2862 8364 284 58 1611 60 158 43 4 112 1771 7360 4568 3533 665 1768 1789 1027 23 482 4408 561 1369 2659 843 161 21 1132 1495 65 1522 18 332 119 6092 487 15 7 74 62 252 5860 6 935 37 5973 224 28 708 1643 1656 236 126 57 69 11 30 138 0 63 3 1184 121 2076 27 1 5 155 14 2 9 19 968 9517 8 1263
43 1128 1988 158 77 75 1274 194 502 412 1068 257 6045 6258 234 87 1333 664 3532 124 461 181 2507 4837 8512 237 631 2480 2844 2171 9424 347 1056 1093
44 37 3240 3246 272 29 653 171 1236 1033 1753 327 3065 2238 195 1413 712 1878 3913 6169 331 9459 8541 1002 4817 2721 587 146 8739 46 51 5210 115 170 4589 54 750 901 2577 211 1401 1379 1204 75 1476 339 2563 7869 2823 498 120 5936 742 595 2293 1153 6402 7959 789 880 1651 7594 187 4089 2196 1070
45 7055 2818 7 138 23 859 1310 5661 69 114 309 1122 6698 6 6459 4 11 16 20 655 2513 193 18 19 10 17 135 13 1881 54 332 1482 1387 5990 21 30 671 3158 26 1510 330 1506 290 7850 120 52 25 58 131 2216 55 164 4266 29 4226 41 2487 132 1714 583 63 171 424 12 325 482 42 7584 1000 44 252 1195 90 166 1643 7895 199 38 3038 4919 155 1954 2112 554 1502
46 1502 20 329 88 19 138 4 166 1324 8 7408 22 2 33 27 0 9 24 1692 485 65 983 1298 884 289 1 651 634 387 5 4372 83 4985 1161 23 205 1903 8654 39 106 218 7854 1168 47 7 2950 346 28 74 54 2533 376 6986 873 155
47 2264 138 1495 3106 5990 583 8 0 69 3514 37 5182 6930 4336 2208 129 28 9 3483 7 995 2 1200 14 1171 737 9054 43 27 5 517 6684 85 1967 614 3621 84 3448 5910 39 1437 2685 1434 77 1702 1 383 9768 1073 8933 225 9732 1119 228 778 343 387 2902 800 233 625 22 188 136 1762 344 1307 3139 480
48 3684 9 7 2 1384 138 404 252 583 120 184 4247 164 751 2955 4799 1554 148 356 30 15 13 63 16 20 0 1510 211 1809 2825 4497 19 103 300 1344 55 146 114 79 48 8334 58 84 5843 665 25 330 8 65 1312 545 41 1575 42 348 4157 914 398 1593 841 176 8355 2905 39 198 7569 335 147 227 6 134 3692 1601 2249 2920 878 274 69 410 4347
49 8 138 8450 13 4613 3923 63 120 6 1604 907 253 316 1122 426 22 5895 9957 96 1065 7709 102 1440 42 566 32 3332 24 1452 9713 74 199 4164 7718 49 212 78 763 519 30 2238 5221 6059 7970 641 1325 3190 186 259 6644 94 7537 18 5158 82 2148 969 92 59 375 6137 829 8315 1506 2120 3205 2371 583
50 2292 155 19 6 4 55 3 817 11 36 485 1599 2941 175 46 233 83 4995 1524 152 70 240 216 76 6755 2787 1891 4619 228 6762 3443 1269 71 2688 445 2453 3869 159 734 1232 133 8438 885 444 1376 8643 154 735 199
51 138 155 4946 2500 198 2613 23 187 329 72 910 146 268 41 2420 1692 1159 24 102 1745 16 1826 1989 10 12 665 58 1225 19 18 30 20 13 22 371 17 5031 6877 1387 35 78 117 45 5603 63 2148 5659 15 21 2826 6 3923 197 11 14 4 3046 3 121 977 28 27 9 5 5501 2 1 7 725 8 9365 2818 0
52 410 310 2175 1805 1417 1186 1012 105 1088 6514 1096 1950 3999 33 244 2275 868 476 4025 861 5175 6180 1469 2886 593 786 239 201 384 198 1853 5555 296 4834 5299 5034 106 4611 212 2029 418 6539 6228 3182
53 900 176 968 9359 948 2094 0 251 477 1313 1762 3243 803 1483 9542 1866 2218 914 71 6655 225 7791 1985 72 398 534 7986 3215 8 2538 289 151 1294 74 7291 3395 32 8309 4977 1721 246 583 216 7862 800 4478 510 9551 92 6051 3358 1958 1571 382 1704 118 4525 110 1894 6092 873 243 1171 138 8660 1296 927 290 6035 62 82 5150 869 6126 1408 3102 38 7712 679 1876 909 1495 1434 1077
54 193 451 468 2612 23 184 115 624 35 15 29 55 45 1001 180 178 33 1489 81 125 636 90 928 54 96 1 288 80 32 663 2316 954 2291 273 67 509 144 175 5982 4088 5020 393 830 3887 628 2196 797 1330 3953 869
55 1502 3244 8 6887 1263 0 2 121 126 9 5 7 1737 4 3774 27 19 1 155 28 3 1495 14 468 17 37 107 193 900 485 6 63 24 1184 15 45 57 1270 867 16 725 11 20 2112 176 117 1151 21 80 1283 348 13 662 152 404 199 410 88 33 115 30 316 22 1434 187 637 58 26 957 4148 650 1587 3008 681 65 609 1089 7293 10 443 5603 145 8094 138 3477 554
56 2371 1502 868 3698 2746 105 8114 349 223 1184 178 3631 1690 2044 142 1457 2858 5472 481 249 160 181 375 274 3796 5566 3014 1600 4452 9915 3006 203 342 2451 2810 154 789 175 1840 7499 39 1194 90 1697 2943 3057 825 707 8702 50 44 211 880 8402 5276 2264 3756
57 3975 197 3831 26 16 6979 309 158 3613 114 484 708 243 480 375 3807 566 2683 7918 53 6616 2348 4618 2134 218 335 7546 212 1442 69 5801 196 48 448 8672 118 76 2759 4099 9311 8272 116 132 2147 1336 1017 349 296 1334 0 5724 1877 308 402 4632 1497 4858 7 176 797 1572
58 850 720 325 6379 5838 4417 126 1284 7279 171 666 6756 1228 4133 1627 3516 8076 1768 4672 1149 396 289 3773 745 2726 8430 254 550 1534 97 128 909 264 144 5312 513 434 468 4667 95 6 91 7460 760 2300 4493 294 4596 244 4390 655 9824
59 194 225 226 3101 1100 2783 1096 5459 2043 203 3908 902 434 2948 1187 34 2104 4646 1277 1966 8969 1566 536 6246 2980 216 702 8146 1480 6134 1805 2231 1745 933 746 167 343 535 1011 857 914 646 2956 1972 6335
60 121 1131 84 1799 235 1513 137 122 106 4413 88 238 2573 65 5616 95 43 310 3319 3455 216 1927 1876 409 219 101 3839 297 130 3126 143 39 85 747 951 6848 113 1017 2526 2169 417 878 4373 68 4021 280 797 4247 583
61 135 815 2976 13 7672 444 52 146 574 408 5751 342 79 362 213 75 105 266 1227 429 374 385 1546 215 154 6467 230 351 984 1754 2114 323 2592 7433 9294 2649 211 3624 208 5882 6029 5580 536 389
62 7624 138 1310 69 583 2076 1 14 356 28 919 148 5 9502 11 8 135 1173 236 65 2616 0 1610 23 6379 1122 117 155 303 1826 2521 3428 26 120 662 2 4413 63 7 3270 7966 495 7454 245 9 21 5887 31 4982 309 382 1881 2106 3052 79 5876 29 2298 33 1591 2858 3 3363 5634 45 1283 5395 2698 1012 111 982 3858 3870 672 74 1187 87 3927 118 164 2841 176
63 709 468 184 1678 929 1349 7492 4801 4672 1869 1495 370 102 436 205 3100 3349 445 4605 1779 1554 1104 3025 63 150 506 1 8543 3423 8947 131 1123 557 7 5 5779 4880 2 1223 976 67 1303 6481 3642 4336 1054 9 5448 2683 2158 8 2359 0 155 971 255 4364 3248 907 1283 138 8402 285 968 900
64 8271 621 5055 6290 408 348 505 969 17 219 465 399 63 240 310 164 32 1930 356 238 81 11 3211 72 7837 100 40 43 120 4 296 1384 265 2705 9584 2298 6767 27 126 6 6769 784 962 5 69 157 542 2 3032 7 28 9 1283 671 1005 152 8 1 5091 0 9305 1737
65 1679 17 25 102 38 253 552 1385 97 72 32 110 73 56 59 2431 1491 429 1628 178 41 3582 1476 390 40 3378 734 135 277 2200 434 764 1623 4791 1732 2180 396 1004 1921 217 196 187 568 5720 206 2837 4725 6756 7287 1718 172 626 735 967 2231 1721
66 549 1413 7325 3477 131 1 2 8 101 45 457 5 0 885 5902 1128 684 3676 2922 31 6131 9 1988 2852 976 8688 7162 4482 2491 138 146 307 1087 5834 636 171 485 7 1979 947 4040 3041 3257 7674 395 1042 574 1156 1564 236 634 252
67 1290 4 19 3389 27 6 3767 152 2700 11 37 404 57 65 482 78 1387 13 10 2148 14 12 1434 16 20 1263 1495 21 4023 229 18 30 1225 9886 1881 35 7537 671 3 23 22 38 4977 184 157 3467 193 158 114 71 28 979 1521 309 519 155 88 15 118 8080 7687 487 69 511 160 3142 545 3266 107 32 5313 52 8215 681 3975 8 0 708 138
68 554 0 2 15 9 27 1888 468 14 4347 1428 899 372 84 517 1395 5667 112 170 410 725 1320 604 76 67 487 279 612 5350 264 255 715 83 6163 509 3591 2298 1078 647 324 1436 8241 426 156 8466 887 397 1669 8911 2152 9360 8 98 2837 134 314 2262 243 5286 377 155 176
69 356 4342 410 2112 107 62 6452 3520 166 501 751 14 117 671 3204 12 2616 84 3299 1522 335 1593 121 1119 145 572 3853 4301 139 41 778 2359 3266 1294 4834 216 9665 21 68 659 388 4436 2919 2744 1446 6543 4276 211 4035 2085 2100 3561 7827 824 61 7042 10 971 516 142 762 56 5876 185 249 1883 3369 1628 3499 486 36 1732 1961 3392 1408 4388 148
70 2973 545 231 31 59 40 880 240 162 1113 79 46 298 666 577 48 367 248 626 840 984 378 2090 7303 147 36 83 226 384 203 7607 2609 5999 2634 5942 1604 404
71 2591 1671 549 404 2513 120 15 1495 27 1384 252 268 4656 19 4 3684 442 290 355 57 4148 38 20 28 8 3424 2700 164 229 728 727 6018 65 4881 30 1 439 2212 110 2 0 161 1721 5 9 2684 962 83 68 968 2304 204 77 5447 8334 1272 523 8019 5329 903 4221 859 6668 1090 3 534 4131 2477 4044 1401 75 5195 7 546 9906 138 2291 4289
72 2433 2859 5038 1215 1558 785 1758 53 8184 9613 388 261 1384 8629 475 1566 1478 3016 7797 168 3317 7589 515 1190 750 2313 543 34 1360 1509 1353 6094 4630 1621 9478 2029 3231 174 4838 755 3
73 3774 1756 1122 3706 8528 2244 3826 131 2857 5659 3818 6188 126 776 574 596 1307 112 1611 703 2703 1128 8156 7218 149 4320 1562 1232 1114 1195 7798 250 1386 320 2201 3824 333 6735 1106 1494 1558 70 4726 1311 6589 4524 8438 2869 1571 597 5627 3403 1251 156 9794 98 1472 1484 515 3357 57 1277 1442 6518 111 4923 5132
74 621 5526 968 199 1583 1610 2112 9543 948 2274 6097 13 8938 3759 139 5011 21 3502 41 17 10 12 4597 117 4429 316 38 2735 102 2700 4609 7774 42 268 8365 25 96 145 1979 1807 443 73 126 149 56 446 109 1210 8875 2296 201 2427 148 9246 501 5484 3943 7518 1038 66 8427 242 1161 869 1077 155
75 1671 147 8734 679 50 54 1482 432 257 60 170 210 58 112 454 6165 587 484 173 392 1841 873 325 489 195 174 90 155 401 165 44 977 64 3 222 9464 590 34 323 209 2448 2177 355
76 8988 2614 15 495 37 26 957 47 542 152 681 10 371 88 1344 389 999 1604 2168 35 6288 484 332 112 114 5313 157 62 164 3408 61 145 199 107 372 4364 17 23 12 236 3279 21 184 16 549 24 13 3182 166 30 22 11 19 148 121 3 28 6402 8095 14 63 1 126 7 6 4 9 2 27 5 869 900 8 3992 867 0 155 2060
77 1593 331 3884 60 6745 135 2258 2533 720 330 8733 2378 273 90 144 5872 123 513 25 2942 4959 1638 3603 1251 1258 1352 235 183 7342 6961 2265 52 204 82 3293 1300 4098 75 1577 254 533 651 8332 81 7792 403 68 92 271 343
78 176 482 2653 47 300 654 318 2509 352 1686 1913 292 845 162 6744 587 3525 27 5616 3706 245 9888 2981 4130 59 7307 1801 5558 6644 4421 680 7 2523 909 261 8802 183 5336 2142 3284 9 2 4350 117 8116 4864 49 1981 87 572 138 119 443 2579 4994 7658 0 2198 70 355 45 2282 1597 3700 1951 1502
79 482 2503 227 300 80 500 484 76 66 29 4281 159 81 5069 41 256 73 157 545 538 224 112 238 52 1959 2983 156 55 114 476 139 97 98 20 45 119 87 782 140 107 58 16 69 37 57 19 15 4 27 2 7 9 0
80 28 14 1 2060 3 5 27 410 224 197 4 686 426 6337 37 45 3923 11 1256 23 316 17 8454 6057 309 1572 22 2198 95 3708 5209 137 422 968 1065 971 81 990 3166 496 9947 8 782 1862 726 1911 5124 1012 101 641 4241 2063 88 287 3281 6565 1454 1386 147 181 8040 3089 4942 2812 155 280 6126 138
81 355 554 138 161 166 268 193 7234 1627 126 300 95 727 662 68 829 273 8094 37 156 231 67 25 59 1750 173 3631 282 1017 363 147 1564 85 861 167 451 978 803 76 3441 162 345 9039 209 7081 113 497 133 520
82 138 2433 1218 158 2739 978 341 136 89 516 4018 1665 1628 1274 5472 309 8643 3097 3493 7975 496 43 163 128 112 3471 235 2047 80 7253 73 1606 1300 247 271 1937 125 432 60 2717 3142 484 55 137 54 2967 110 36 339 61 841 999 524 1734 2282 725 7677 3457 494 252 6656 155 1671
83 126 3244 120 797 372 859 0 4178 2 7 1482 49 8 106 501 235 7315 9 2654 227 1 3420 140 105 2132 6147 86 6005 900 179 3293 365 7275 2791 968 2780 3033 3769 319 3348 589 5 970 3692 3175 779 1065 669 1843 3406 8465 6913 3689 871 8901 1736 6137 303
84 442 8 4210 515 363 1275 5031 599 1131 146 1826 321 171 103 4432 168 289 64 35 455 53 49 7908 390 3008 1236 61 1745 63 653 940 140 51 50 2126 914 22 5725 487 86 2701 29 4266 34 3412 3222 117 4291 12 38 32 57 9047 24 102 145 58 5276 62 74 229 65 176 6049 621 138
85 355 442 1756 410 253 139 35 187 1312 524 6304 1106 1412 193 5605 636 3024 1757 7876 1398 782 20 5641 299 3569 249 1137 120 1344 516 2652 32 615 2730 574 836 938 403 110 762 970 2397 201 422 10 1393 4606 3224 2432 183 2052 1292 1001 544 75 5225 2065 9030 74 6 274 2017
86 5 3 8 1 28 404 485 14 11 6 199 23 35 21 152 13 38 30 549 131 145 18 126 44 10 229 96 102 74 62 277 12 968 178 1734 211 7584 5773 1468 25 1591 285 164 50 9514 961 60 100 599 17 879 6087 1601 2019 1896 372 34 8978 625 71 1757
87 725 583 207 3652 5 935 598 742 177 115 99 364 2428 101 134 475 288 6134 5561 4048 3069 615 1041 2288 1847 552 882 717 119 251 1884 2509 1558 27 1702 5136 159 281 2978 6045 2045 949 70 632 7013 6915 2334 1073 23 236 371 909 152 138
88 4266 382 2739 3345 461 1161 2143 1401 5296 3400 1080 9358 9710 3561 3704 2475 9208 48 124 1275 278 2372 7481 7734 480 238 1958 2212 3879 2552 22 146 157 659 1223 928 6831 16 410 7777 1027 1571 510 2316 5778 54 9593 5668 957 7727 290 309 5546 120 4 914 6 27 4500 15 19 4841 2 155 7 9 1583 7117 0 869 1263 8
89 410 187 61 330 1340 189 2941 272 1008 9657 1172 7548 3024 210 4122 532 943 88 2120 22 218 8790 2377 245 4962 841 436 233 39 51 594 240 146 48 1134 4537 79 3526 24 161 424 596 636 53 268 267 110 4618 3137 867 36 26 726 348 206 121 5350 72
90 329 8381 751 111 716 425 198 201 449 1704 2322 1016 92 1260 2169 1052 25 210 218 118 3299 1110 90 6160 424 1189 896 372 4329 110 646 88 4829 31 638 3977 330 83 26 679 135 38 4551 229 17 35 72 2371 158 139 9054 331 3457 23 655 2899 21 11 554 1384 3 4171 14 1 5 28
91 3244 176 948 5659 2492 663 1437 138 7600 2685 4171 1691 2972 455 2020 5850 825 9127 0 647 4370 1227 3003 4581 644 4962 14 97 7 193 7167 7607 1091 2033 3066 374 5275 421 962 1070 680 414 3229 114 5664 1746 869 654 4081 6795 7913 11 113 670 998 172 85 692 9 1221
92 3097 1334 1958 176 1714 121 316 9138 107 45 62 1799 24 1434 97 595 2067 442 106 7776 715 1862 8801 299 3299 206 122 144 49 1673 789 611 71 235 7373 6166 2572 142 7977 304 47 108 80 8948 130 815 179 216 2385 92 194 459 1541 169 327 2371 1772 583
93 50 585 122 750 2285 915 422 90 2205 597 160 866 201 207 1948 3586 5041 85 4219 4070 1098 128 185 555 616 108 327 276 150 1103 353 454 244 9040 1010 4568
94 857 6785 1001 7590 557 7971 697 4625 402 2965 5447 572 5909 1223 189 374 146 4857 946 218 170 243 2882 812 264 225 2329 975 757 2601 91 1150 79 1360 232 151 544 180 421 524
95 5442 742 5390 2670 3995 8243 929 1863 5516 200 2820 119 2668 6951 395 652 7173 813 1112 321 594 111 240 2195 488 3227 1113 2437 9271 75 277 2436 1582 6205 4238 626 6270 90 1431 5774 5269
96 609 57 10 249 655 18 12 2240 715 31 145 2088 56 123 82 542 149 52 40 140 455 1339 108 271 29 1001 152 1361 219 504 189 391 163 127 446 365 1429 154 156 1862 1575 619 6376 824 3397
97 6082 249 44 375 197 1868 1881 46 62 624 70 83 114 18 3441 132 2653 86 285 37 10 12 13 815 103 148 90 22 84 6379 1200 23 4266 9630 1434 72 16 426 57 11 1395 9691 63 126 20 78 329 4301 21 65 19 28 120 15 14 4 3 5 6 69 27 4142 5276 7 1 6102 5381 9 2 138 8 0
98 3097 0 8 9 2 1 27 7 5 14 11 69 19 139 3 120 4 121 2148 410 236 62 72 15 6 229 28 12 65 16 20 5394 915 44 797 21 2039 927 58 10 2478 7347 63 41 17 26 329 7753 18 6201 1736 5350 7173 40 55 23 52 82 157 249 198 38 285 56 224 114 303
99 3110 1334 303 69 2478 139 1 7234 686 166 15 708 28 1756 61 29 36 8 138 3849 62 56 0 82 5851 103 175 637 32 9 224 84 31 4258 70 7 503 117 55 135 168 4869 3057 1023 1352 39 609 67 41 8270 81 1541 9447 4818 1793 68 7218 65 370 119 155 101 1911 14 27 1702 199 1437 1954
