100
0 186 91 104 96 397 137 1137 4738 32 36 2268 756 383 425 51 116 110 5046 5469 140 422 146 8549 1494 2556 2020 1368 279 478 3022 538 7707 1808 720 8381 459 236 2849 309 4479 3652 3045 27 1227
1 7 6 2 123 288 946 37 377 8 41 11 3 30 21 159 55 17 88 3198 9 72 52 15 110 22 5 74 61 19 26 14 65 1572 199 280 28 126 27 5367 0 253 85 2572 4589 5515 1089 596 252 1440 404 9030 485 815 1468 549 2902 1388 7292 180 1679 63 13 4 8734 120 940 355 1632 4040 1 57 164 684 1597 1290 869
2 0 16 45 18 122 90 637 54 7 132 17 70 8 6 58 92 62 102 33 96 4 15 346 2 3 178 4859 21 390 32 751 65 24 14 1352 11 103 485 148 282 1524 9 22 1756 155 1495 28 4063 120 329 1 2264 252 27 3244 940 139 69 3199 23 2741 44
3 141 1456 5803 4361 293 3659 551 51 225 2696 150 6284 4009 768 2738 2191 459 809 256 7924 2992 5519 907 249 1362 2840 1370 3160 54 6702 8295 35 1122 447 3025 896 5286 5582 1549 5848 1772 899 3478
4 9493 91 1956 862 891 5196 2460 8401 313 3946 3056 7287 908 2143 8518 641 2413 3646 1257 482 7313 433 3404 308 3348 568 3751 2706 670 993 3654 3860 9290 4157 8955
5 29 97 93 631 500 245 70 255 125 285 41 149 240 46 76 249 158 611 4885 0 2627 650 40 94 64 747 2785 1437 90 6698 7915 132 1702 4554 77 977 161 1184 36 422 60 1153 549 621 583 968 869 1183 98 8044 859 1958 797 155 8215 3849 332 1263
6 40 10 1 50 31 41 137 25 145 83 188 72 17 34 172 89 46 86 133 112 95 38 110 71 30 65 82 36 1476 585 684 4171 2076 58 44 3870 280 954 78 197
7 16 23 0 11 24 6 55 44 3 12 36 21 131 18 102 15 20 145 37 30 659 58 1 1452 63 78 13 35 229 47 28 4848 57 184 17 303 158 253 1315 8226 410 46 197 107 9 79 316 4 45 948 10 4023 355 725 4371 65 485 5429 139 14
8 50 158 10 212 216 35 1287 75 83 18 56 411 96 261 23 178 3692 8819 2608 2960 3179 484 187 735 1292 58 436 5247 4703 901 9356 24 121 8149 1189 2171 135 240 62 54 3517 1581 3747 12 38 7033 6837 1134 4525 7269 301 2430 102 1735 5311 2158 3961 2140 4864 3302 290 5011
9 7 24 4 56 232 9 58 78 38 62 45 6729 0 8 110 53 3 70 2562 231 60 7147 176 4421 27 468 19 16 6234 163 4390 14 715 1312 432 442 72 5200 395 510 4962 1 138 289 199 32 5 1554 574 2735 2726 2 2170 2955 552 8034 69 126 120 5349 2616 1388 7401 650 145 33 737 28 727 6718 873 155 2700 115
10 0 3 7 23 131 10 47 2 6 138 35 17 82 37 468 196 11 9 332 199 1667 1 13 16 513 19 18 5 4609 14 72 27 30 638 135 1707 2871 2138 2848 20 1506 4 42 1826 824 2905 5031 78 65 75 243 4978 4432 1131 9086 36 624 8 708 4210 28 139 915 193 3071 859 120 957 3477 410 850 442 681 1737 482 5926 583
11 206 91 54 46 2 142 117 136 60 125 51 111 0 371 55 72 1 83 34 1155 127 7559 653 112 5 114 39 301 585 139 650 356 64 372 9 494 236 1183 48 2261 327 6656 79 8992 1122 121 5381 3457 442 303
12 1 7 10 175 38 11 32 12 27 0 18 26 88 4 8 16 21 632 6 42 9 3 28 5 5634 13 62 20 56 14 135 121 120 2 114 22 1591 4514 554 23 35 624 595 139 15 19 2371 731 992 3483 4977 2177 138 878 117 224 69 4500 1502 1077 29 7929 1263 155 1310 2153 126 65
13 6480 1271 2464 1438 358 124 4162 3648 875 414 1828 1407 567 6558 93 3572 1105 3659 29 393 503 240 7316 1445 595 5446 1370 3943 2590 1540
14 22 1035 362 680 5222 186 825 5850 104 291 153 8168 245 7 1097 185 0 1902 8 4801 2205 1807 450 1477 224 343 742 7155 4594 102 749 2126 734 196 1324 1104 143 7147 456 49 252 9559 3398 992 69 3239 3182 5721 948 708 6979
15 51 14 83 92 62 17 5 48 1 280 231 87 68 147 3266 9957 33 22 72 6 7 44 206 2291 8 1270 21 84 979 561 330 135 120 513 112 32 3 1027 199 43 42 54 126 9 1734 301 309 5101 977 138 0 63 2196 4288 468 1766 6222 8080 9365 709 3774 146 6459 5482 3198 2818 968 1597
16 933 191 1100 3500 6630 418 242 6031 215 1590 1754 7367 1136 3689 1278 3950 167 722 93 4974 2268 3715 611 288 506 3243 207 2733 5791 1313 634 2857 461 848 6565 385 2767 1207
17 5218 0 665 7 1743 5278 731 2145 2342 694 3243 2809 4 418 1185 4343 4167 8015 2296 11 5404 3306 2 3977 879 9 49 5893 5 1 4607 3021 14 2232 9351 1498 9470 1030 8 4443 1591 3912 2614 1270 948 6369 435 238 1420 199 561 6049 3923 3540 8152 4335 763 1330 797 510 356 1429 968 3904 28 19 2033 252 138 1554 4813 6378
18 1298 161 365 3983 43 339 7593 647 204 389 129 613 273 598 1226 162 355 157 245 66 97 119 267 4089 77 2416 742 9 1292 615 6756 421 335 3121 546 910 231 57 879 1222 720 6787 229 37 7557 3053 1052 6058 123 2207 1019 138 524 1256 3158 189 1001 836 7984 253 1604 4102 803 3410 609 8703
19 746 245 5108 1529 980 88 981 861 168 333 149 34 86 536 764 70 134 3203 250 1244 110 1548 66 2391 4430 1762 3741 9081 1985 61 2403 48 5497 9053 1896 812 1689 5395 300 2492 545 358 309 480 929 3498 1587 1524 599 83 51 2079 2577 1612 290
20 37 20 107 21 36 0 3 13 24 41 7347 176 4 140 3172 10 1 1052 206 5526 2 11 1638 22 595 18 14 907 9519 6 19 125 709 8454 26 249 62 119 35 4225 75 7 2153 632 9 4688 57 12 199 2930 1771 442 8 3441 148 1412 6373 4067 102 859 2591 2659 3198 7081 1225 1290 2849 27 7048 120 15 3497 3483 1168 4171
21 7 96 16 3 8 10 71 2 14 83 26 74 41 0 11 12 1350 103 4 1152 27 38 110 5 33 236 34 23 79 1 37 107 21 325 9 389 63 737 199 252 15 28 3158 1482 22 6115 2848 494 17 3600 249 176 5985 1888 69 19 5554 7242 5482 797 84 1610 1089 5661 850 2264
22 8 74 224 6 69 11 10 21 14 4 63 41 0 161 62 60 442 1 9 2 5 73 40 207 57 12 198 28 843 27 15 331 253 977 389 240 22 280 299 3 97 236 650 501 3379 2045 126 26 193 157 61 164 1290 583 148 9517 197 7 2304 356 166 78 731 1132 303 4226 6035 176 19 6379 114 1310 1173 1437 121 468 342 859 72 2402 1930 155 3424 6404 2818 107 138 7624 184 3211 404 355
23 1429 671 152 462 56 70 58 264 32 172 42 310 66 345 361 7607 318 881 207 95 228 195 2169 702 67 1351 86 5 160 343 275 230 3839 536 3066 7 1412 2692 1450 746 8138 273 6335 126 176 1277 482 253 1385 252 138 8 2956 426 1972 243
24 84 104 1152 725 7086 138 1011 9335 128 231 2187 80 16 108 1151 91 871 7 73 78 7373 769 382 612 42 1173 271 1629 305 53 115 82 977 1195 5333 175 2444 6238 74 2136 67 184 3447 3455 0 940 708 56 3706 426 5643 103 451 2060 542 2168 3046 1119 1284 236 6347 1174 8 3483 139 185 6698 679 8139 388 1321 681 1334 621 1793 948 900 873 1584 204 27 3563 554 1572 1930 6138 8450 1184
25 45 56 20 40 54 35 6 147 4724 72 13 140 112 602 31 101 32 8243 82 18 44 342 36 57 161 120 47 1645 64 1667 3262 9677 390 4100 3880 1478 50 301 3196 393 7382 1174 542 3398 1222 164 1524 3747 131 2106 1554 7354 3964 4397 3251 425 166
26 16 161 84 131 183 162 144 3 0 24 25 446 45 9017 2052 526 47 5 33 554 805 1388 1019 907 409 299 210 44 1420 1967 132 80 1656 890 2 187 6577 778 67 4807 27 3194 17 329 102 2296 4090 8 797 624 66 193 1951 1584 5959 4497 126 9542 867 9927 1850 342 1077 3110 485 138
27 25 119 122 35 739 107 47 443 487 1117 45 899 164 20 16 5295 151 0 646 395 23 82 574 22 34 139 552 53 37 228 300 482 389 524 24 7753 1221 11 331 2296 1954 8 4962 343 299 1522 17 57 15 909 5313 5 40 4978 2780 1412 2837 3 849 9 679 176 138 4510 4403 1671 6668 27 1365 2889 157
28 4 17 6 148 61 64 10 132 32 12 44 2048 3458 31 258 51 82 35 2 264 60 11 914 110 54 9 1917 53 144 552 70 58 1000 824 899 1583 41 78 253 7708 612 137 968 1031 524 198 114 236 1352 2076 164 8993 67
29 113 650 139 34 807 393 109 329 170 281 360 337 1697 417 27 526 490 236 793 727 331 442 1803 1000 223 137 349 4632 881 762 270 290 3201 1607 1537 4724 3141 274 90 510 3082 880 482 155 2000 594 3953 496
30 150 275 687 2014 1026 6450 154 625 610 1610 256 234 2385 4797 162 49 1596 435 184 4801 8740 602 152 8427 128 465 1933 537 8480 1132 3149 183 756 294 1904 432 2091 3970 4532 1674 126 968 187
31 4 5 37 2 96 268 11 26 1 55 3 58 0 12 2360 199 17 30 18 42 16 178 253 20 1106 5626 74 19 8 280 105 301 653 21 125 881 102 735 1734 6 2504 73 3008 13 482 14 27 4487 1065 408 316 549 1052 776 4397 3676 1783 138 9 915 7454 211 6141 356
32 25 7 663 43 162 2 12 1 197 11 138 38 339 4364 176 18 10 20 3489 83 9 84 3053 56 31 4850 2526 4157 13 231 426 3160 23 35 5921 5448 3398 74 34 797 728 119 0 2841 709 968 859 619 2402 69 139 3 1200 120 2819 184 1412 632 8 782 5051 78 624 554 14 2076 3110 2825 3849 900 2486 1597 1315 1334
33 0 2214 2 33 961 3119 267 298 54 57 2348 120 7387 6539 2374 598 596 55 180 1900 47 501 158 8488 990 609 289 1376 3053 80 193 22 4172 4820 659 7437 1114 126 2849 973 4 92 8751 31 1917 377 299 432 107 503 3639 2521 3591 9896 599 87 7 6656 1128 63 32 1384 5150 2848 995 69 9572 1583 2425 8 3248 303 4953 554 9 7585 482 3600 4676 176 1667 3097 1954 3514 5754 9933 2291 2274 2116
34 0 5 16 26 23 9 305 55 178 391 2 1575 18 14 3 35 52 15 6523 1 429 63 10 1921 17 1612 77 96 3768 1446 20 4 73 333 19 9894 1809 1665 2153 164 1106 268 4977 4728 2713 58 8 4104 11 4895 442 6604 6656 653 8044 2707 3441 708 1077 9346 27 121 681 138 120 224 1524 2955
35 344 4435 6012 675 9391 128 4710 444 8973 5552 7304 1186 26 1883 388 3983 2516 1607 89 2239 1150 1494 3011 108 2576 975 738 350 8030 65 190 1506 277 385 6962 4358 4410 594 653 3662
36 2979 149 252 1481 163 1404 3730 1797 59 751 549 9562 998 733 5329 4662 301 9521 1966 1936 396 2180 3996 1508 712 697 106 403 3003 280 406 1528 2739 1351 434 89 2097 3718 585 469 2810 1702 1783 7069 1151 2492 967 4984 9246 1117 422 4919 632
37 154 137 30 56 395 25 146 69 40 88 41 2147 587 7 5 19 1027 54 48 2 42 184 2430 114 8 356 155 175 31 166 198 61 524 82 6 158 332 371 4864 50 1 49 594 410 5084 1089 5862 2612 681 2073 236 919 1737 6577 968 1482 2248 3849 647 8702 4347 0 60 27 1343 2444 2513 126 152 3097 176
38 8516 4032 2805 298 56 1314 8704 1991 6329 3359 1765 906 698 4630 360 507 419 3034 3926 3622 1135 231 3444 853 3455 2078 1530 4507 8342 175 7486 451 355 2371 3323 3205 4394
39 8 118 2688 728 0 439 1171 750 84 102 79 1251 1 2523 646 6234 4302 1395 2138 33 1546 390 17 9611 9 34 2 40 51 686 166 25 301 74 747 393 1369 280 4388 46 8334 7104 797 4768 5381 60 5 207 55 979 50 977 5546 1930 2503 356 48 1671 3182 193 176 5921 2383 5895 7048 896 2889 107 158 148 968 583 138
40 538 308 259 907 539 143 73 1465 53 183 365 6001 231 51 4849 248 168 2 32 265 972 388 151 159 2442 5507 545 439 2164 1880 2190 4277 175 5326 5931 777 160 1 9 253 1153 9946 566 8 482 7
41 6 0 2147 9678 117 44 64 3135 41 205 37 3884 1723 50 214 3790 7 910 2820 25 516 625 1877 104 152 142 97 1262 476 5724 1168 268 382 12 2076 204 665 389 1679 1408 554 62 197 1497 28 549 2140 2136 611 1173 4858 299 229 900 371 9039 78 156 253 1756 2214 4364 1287 4525 4142 4308 166 329
42 1 1522 30 4408 112 123 14 4 5 18 0 121 7 284 20 2 74 27 487 1611 9517 56 561 155 3 39 332 8 11 1027 62 19 15 41 8364 6 69 1789 1768 5973 2047 1369 1019 935 1184 1263 5860 3286 170 43 37 665 708 211 60 1495 6092 1771 9 3533 285 1387 126 252 1643 7360 4568 6362 2659 482 138 574 2150 1656 224 5514 843
43 75 8512 87 77 1068 664 124 502 415 1056 412 4838 1333 1988 257 30 4837 158 237 755 42 1876 168 2507 9424 6045 2169 107 631 234 1128 2313 2171 2844 2480 1274
44 2563 415 587 272 1070 187 3913 1651 378 1379 339 1002 75 3065 1753 2762 5210 750 789 742 171 3604 7959 2853 175 1017 2293 595 1401 712 1204 1878 1033 327 9459 3246 1413 2721 8739 901 4089 4589 6169 498 2577 2079 880 604 716 7869 5395 7594 5936 708 8541 2841 869 6539 3240 1236 5621 1871 410 120 653 2823 170
45 14 2 26 35 19 3 20 4 332 15 55 65 21 9 309 11 30 114 3038 29 1122 31 10 69 17 1881 131 103 330 135 13 23 22 37 164 0 18 1 28 655 290 3158 6698 7 1510 1506 7850 1387 1482 6 6459 899 120 82 158 2216 7878 5990 184 8 2513 5661 1310 1954 243 252 193 12 1502 7055 155 121 52
46 25 16 218 884 119 7854 47 106 1 31 2 205 634 28 7408 651 9 15 23 93 1298 289 156 1161 489 183 102 4372 329 824 69 88 1324 346 836 0 1692 107 4148 983 1903 9338 138 8654 485 8 901 2816 4985 1168 873 2950 1502 27 172 268
47 1967 1521 39 25 288 136 7 233 1702 2 69 43 146 225 5990 614 129 1 54 6684 85 995 0 4336 138 6930 3142 1073 9768 9 517 383 228 109 992 339 1799 778 9732 8 484 625 5910 27 5182 3448 84 1495 188 3106 2685 1200 8933 3483 800 2291 1434 3514 2902 1171 3621 737 480 3139 2208 9054 2264 2768 583
48 20 751 25 13 227 233 404 120 39 1554 30 1344 7 148 134 545 55 8355 335 147 146 54 1 2825 330 2249 0 2920 97 1510 6 300 1593 1575 1384 990 356 48 4799 745 1312 4497 9 7569 42 1283 3684 665 4157 348 19 5843 164 8 211 398 878 8334 114 65 3692 72 184 176 583 274 1809 4247 1601 914 198 841 285 138 2955 2905 900 252
49 59 7 316 18 33 3 763 96 8315 29 92 69 110 6137 454 272 94 4613 1325 9957 259 7718 4164 1065 8450 3332 1604 5221 5895 138 641 61 969 74 131 5158 186 829 1440 9713 166 212 37 7970 22 6644 2238 3190 375 2120 6059 309 102 566 1452 199 3923 7537 583 1122 13 21 8 2148 301 7709
50 817 36 133 4995 70 445 6 159 444 71 46 233 2941 1233 3869 148 240 734 210 1599 885 76 5 216 125 1891 7 2787 3 4619 6755 1269 2453 2292 926 1232 3443 735 2076 8643 485 4310 1275 228 2688 126 1376 206 6762 303 8438
51 10 17 9 2 910 6 23 41 1 22 5 45 12 2420 117 30 7 14 58 16 4 121 35 0 1692 18 2826 15 146 6877 187 102 24 198 11 20 63 13 3923 78 28 8 27 72 5603 5501 665 725 2818 197 19 2148 3826 329 3 1826 3046 1745 371 21 1989 1159 9365 5031 1387 5659 977 268 1225 2500 4946
52 6514 296 2886 384 1088 106 1417 42 4025 786 162 16 593 105 1249 1469 861 1012 33 868 1805 2175 1950 498 5299 2327 5555 1186 244 2275 1096 6376 1853 850 476 239 1153 5175 2112 1476
53 1866 4478 195 679 1408 73 216 74 118 110 289 92 151 70 1296 38 6035 2218 7986 71 3358 4525 382 927 8 1704 1434 6126 89 8660 7791 1483 231 800 325 43 176 171 999 398 32 9551 1571 1721 6655 243 9225 2538 1985 6092 3215 3054 7291 6051 5205 7862 5150 8309 9542 534 103 1894 1077 968 1171 3395 583 1495 62 7712 138 1958 4977 873 3102 1762 2744 225 246 1294
54 193 35 52 81 178 296 16 144 57 23 61 115 24 29 7 509 1489 243 954 22 1001 1099 628 96 663 4088 273 1568 398 2612 132 1327 164 636 928 468 2099 491 15 45 161 451 3887 2316 621 13 80 180 290 1401 624 566
55 8 14 0 17 193 5 33 21 80 7 637 20 88 4 13 45 15 2 187 27 28 161 468 57 342 747 348 662 9 65 126 55 1587 6 24 909 1151 199 3 155 146 1 107 900 152 16 650 30 443 410 5603 2112 6887 63 121 19 166 145 37 117 1263 1184 681 1502 2651 609 8094 957 404 3008 10 725 138 867 3774 176 1089 485 4148 316 1270 3244 1495 115 1434 3477 869 1737 11
56 39 805 105 481 707 142 8114 868 2746 5472 825 3006 5276 7499 4612 223 274 5566 2451 2431 100 160 8702 1600 789 3756 211 3796 2810 146 2044 196 325 203 370 181 1697 1840 1890 249 1457 8402 375 1287 4452 1184 1690 1502 2264 3014 2858 1581 880 1194 3631 3057 236 3698 9915 2943
57 26 30 429 20 53 116 40 1506 76 3661 82 50 38 212 268 422 158 196 126 3975 448 335 480 5 110 52 135 118 114 197 2683 404 55 5801 218 1442 4618 962 77 7918 484 9311 2134 21 37 2759 2348 2700 3613 8272 321 19 3831 8672 3807 176 708 6979 6616 224 375 4099 797 1334 7546
58 128 4596 396 294 4417 1149 4672 91 4133 550 7460 6756 4667 666 95 434 720 3516 8076 520 4493 2593 1813 7279 3773 760 254 2986 850 3131 513 244 144 1007 4817 1284 1627 1768 621 5312 1521 2659 6379 8430 1534 655 7548 2300 909 1132 5838 869 3514 1228
59 24 3908 8969 902 535 1566 226 933 1805 6246 5459 2980 762 225 279 8601 1966 4646 434 1100 167 8146 3101 2948 1187 4913 646 203 216 1096 194 1480 6134 163 2104 857 1745 914 2783 2043 2231
60 238 235 39 297 106 1927 101 113 123 409 130 95 88 310 219 951 111 15 122 85 40 43 107 1799 229 4413 25 3319 142 3455 1513 216 3126 5616 747 84 836 1131 3839 1412 6848 2573
61 26 213 385 230 1137 208 215 221 444 105 89 323 374 815 1754 351 7433 75 362 131 408 63 7672 566 55 193 2976 266 984 135 8614 6467 625 2649 2114 79 5751 2592 342 3624 1227 211 1546 1384 9294
62 2 1012 5 87 1187 245 583 1826 8 118 3858 56 33 0 662 79 1591 17 7 61 117 28 2423 2521 45 16 9502 982 672 111 2298 27 3428 1117 2143 919 3052 34 236 7624 495 195 4413 9 5887 2106 6379 31 14 3270 1881 348 382 155 3345 74 2616 309 3044 3927 138 356 404 193 2698 69 5876 120 5634 1173 3363 2116 2858 4982 7454 1122 1310 1283
63 0 3100 205 1 3423 660 506 2359 169 173 119 4336 436 1303 5779 445 2 3642 8947 1869 7 929 4605 4880 1104 2683 5 1123 971 976 1223 4801 1054 267 557 5448 3349 2158 102 8 1779 1349 8402 4672 968 155 370 6481 9 1554 8543 4364 65 900 184 468 138 1283 3248 148 285 131 7492
64 46 4 2 784 32 9 296 3032 8 7 265 3 181 238 0 11 58 505 399 17 1 100 28 72 3317 2298 310 408 157 465 219 63 7837 348 27 152 969 962 3211 1283 1930 69 120 671 2705 6767 542 1005 6769 155 9584 1737 977 240 9305 166 126 6
65 390 56 1623 132 1679 42 432 97 434 6913 277 1628 1017 46 941 20 73 13 429 59 178 4791 8901 41 1491 3689 9572 38 217 2231 103 604 1336 2180 734 764 1385 117 34 166 72 841 8761 135 206 3378 1921 44 5720 3582 1732 7151 410 1004 5429 552 2200 1476
66 0 457 24 2 1156 8688 2491 119 3257 2852 976 1988 3142 45 1413 132 1979 7325 3041 1087 5834 524 114 1128 2049 549 164 78 947 8 307 49 6131 1042 636 2922 7162 4482 395 1793 187 101 2653 236 1951 4040 3477 3676 138 3096 574 7674 885
67 1 11 10 52 14 0 35 22 5 78 61 3 65 71 12 7 57 18 29 23 4 2 28 157 6 31 15 229 1225 2148 88 1290 1506 309 38 118 2700 671 184 19 30 468 13 4023 37 3467 979 1881 7537 1387 3767 1434 9886 120 9 3389 1564 138 1263 1495 155 27 21 160 69 3975 404 152
68 1436 156 1078 279 887 112 1428 8241 424 2298 1669 98 134 90 2152 79 461 647 84 517 170 487 2837 76 40 397 0 9360 612 4919 5667 1320 250 554 604 7584 324 509 426 715 372 468 2487 2112 4266 194 1395 63 8466 8911 62 25 138 4226 4347 1888 243 6163 155 5350 3591 725
69 14 42 117 54 10 6452 2177 516 19 83 388 73 971 20 335 243 43 12 63 107 4834 3204 82 44 2919 501 1522 1593 55 3561 3520 139 519 572 145 84 30 41 62 4436 68 3299 1294 6543 1119 15 142 778 751 356 2112 5876 2100 4276 671 3853 659 2359 4342 2085 1757 7827 4035 3266 216 2371 4301 6290 599 8271 2616 3369 907 1446 6986
70 54 36 545 73 248 90 44 577 762 666 48 410 378 384 75 42 298 59 367 46 79 2973 162 226 240 2836 203 626 459 5580 840 6359 1113 984 2090 1491 253
71 28 2477 75 66 6 0 3424 4 903 252 204 2 143 77 4044 546 290 439 2591 399 7 5195 1721 120 2513 534 5447 1 2212 68 176 15 9906 1272 5329 4131 4881 1384 6018 8334 4221 69 2684 523 6668 67 8 7600 655 4656 9 138 859 355 36 1671 3684 2304 8019 968 1495 131 27 1090 728
72 8629 477 1566 53 1190 313 475 1353 261 7797 1384 543 2262 174 750 3016 1558 2433 1509 251 1478 9359 1758 6094 2859 803 2094 515 4630 5038 7589 785 8184 1215 6258 1621 1591 9478 2029 3046 9613 388 6082 1360 476 3231
73 1442 1611 1311 6589 3357 9794 776 1386 66 4726 4320 1484 98 1562 149 320 703 1232 112 1307 3774 1494 6188 333 1277 156 7798 515 3826 597 2244 250 52 2201 3403 4524 1558 619 8528 1251 1128 131 2857 6735 3824 3706 1122 8156 2869 1114 6518 867 6327 1472 5659 3818 1571 126 5627 1106 7218 57 1195 2703 8438
74 3502 4 109 8938 1210 5 149 37 199 15 66 1807 1038 621 3943 10 102 2427 4597 446 13 4429 12 377 201 28 21 14 8875 8365 342 82 9246 65 38 9543 1979 7774 4609 2735 96 2 2274 5526 1332 3759 5011 83 1447 268 314 2526 8853 2296 145 880 121 6097 243 443 19 1401 5484 316 4247 2717 878
75 101 174 29 222 147 100 165 23 64 454 60 489 1841 257 98 58 590 401 49 5 170 159 587 63 402 9464 323 112 392 2431 409 8734 849 873 1482 7966 679 1671 2448 356 325 224 1604 6165 4725
76 1 112 8 28 17 35 549 12 47 3279 30 13 16 166 114 332 2168 21 6 10 495 3 22 4 869 15 19 155 61 148 65 145 121 5 2 7 542 389 1344 14 62 11 88 9 107 27 50 900 152 37 2060 126 63 371 8095 372 3379 236 184 24 3182 131 164 3408 3992 957 157 0 1780 404 138 6402 999 5313 3470 4364 867 6288 1604 199 681
77 2657 144 3603 235 59 183 289 7792 68 254 31 513 52 533 2378 271 8733 81 1593 651 1251 92 7342 3884 5872 1258 6745 3293 9710 403 6961 343 135 1577 273 330 2533 2258 4959 103 4098 2942 75 1300 720 1638 2265 1352
78 572 154 680 1913 186 2579 2282 171 396 59 2509 1959 245 443 168 210 2142 587 183 261 8116 117 2198 5902 1801 391 352 292 4350 611 4864 48 2818 87 3700 1601 1686 4994 7895 1613 845 2162 4421 9832 2523 7658 3525 1597 454 7307 859 2981 1981 4130 3284 6644 8802 300 37 5616 5558 961 5336 1714 138 6744 1951 3706 909 1643 9888
79 0 66 81 87 52 57 156 159 1 8 51 98 71 76 538 238 140 45 16 256 119 24 80 97 121 476 500 206 5069 300 34 2983 115 112 484 157 372 146 782 130 410 485 126 1959
80 2 3089 88 137 4 3708 316 496 4241 15 971 641 726 3166 4942 1012 1911 686 94 101 197 8454 181 28 61 145 147 3 14 5 659 3281 95 287 2063 1 81 9947 1626 2614 37 5209 69 9 309 1065 1572 8040 1862 426 6565 1386 6057 782 148 120 2060 1454 919 6337 1256 968 2198 990 27 3923 8 280 709 5124 155
81 25 76 95 31 1017 345 79 978 85 173 59 67 113 46 167 1583 727 3631 5 147 355 68 1627 2185 662 156 829 1750 300 36 5091 861 432 325 282 4281 554 764 273 363 19 138 3441 7234 9039 253 7081 684 63 686 8094 803
82 360 247 494 52 40 77 163 128 60 137 252 235 341 1300 112 136 5472 978 73 155 841 339 80 271 536 42 2967 8643 1665 3471 146 496 1628 1734 1937 516 161 5882 2739 1606 2282 125 7253 3493 6656 999 1274 2047 1671 426 3457 484 7975 2717 725 4018 7677 3097 126
83 106 235 105 86 179 1 779 11 140 7315 3293 365 589 2 0 970 227 3769 1843 387 519 669 3420 49 267 2791 6147 3406 2132 6005 70 1332 501 7687 3175 2654 2780 319 19 9 155 8 4704 1736 1065 968 3033 900 3692 4178 3244 1482 5942 121 859 549 7275
84 21 13 28 86 2126 140 102 54 168 338 390 204 12 171 22 34 487 117 3222 33 15 7908 45 32 57 776 51 83 38 65 229 3412 74 455 145 123 44 24 1745 3008 29 1256 64 4266 5725 2701 940 1236 50 621 4291 1447 9047 914 7959 6049 176 5276 62
85 2397 970 422 355 2730 2065 6 3456 636 2052 938 187 5641 10 3569 1137 403 139 516 83 3224 656 1393 524 201 1756 4606 5605 183 1106 544 166 121 35 3024 1757 7876 20 2432 1001 4565 3180 249 1398 615 1344 2017 417 123 2652 1292 5225 158 782 299 74 6304 274 9030
86 178 26 19 6 96 15 227 30 23 277 14 17 131 7 28 27 25 152 1 18 60 5 10 21 72 37 9 13 4 3 164 44 11 12 35 67 20 102 404 1734 510 58 145 252 38 2 5773 968 62 285 1468 9514 199 7584 8978 211
87 364 4048 82 475 371 5136 251 882 22 39 2978 717 62 2334 327 70 1725 2288 281 2509 1558 152 6045 1884 1041 1073 625 1847 4460 1702 995 615 598 177 130 6915 2428 949 3069 442 1583 909 7013 6134 679 5561 134 331 552 2045 742 935 99
88 8 1571 2552 9208 278 1 4 1223 22 0 5778 928 3 7 3704 5546 957 238 1275 9593 2475 124 1080 7777 2 9 155 54 7734 5296 869 3879 3400 660 6 4500 3561 2372 15 510 6831 250 2073 9358 7481 4841 480 8465 7117 7727 5668 1161 1401 497 1958 2212 9710 290 2316 1263 209
89 5350 267 6087 233 48 3526 50 436 240 943 1172 272 79 636 1896 1008 17 189 161 110 1757 726 2019 53 545 41 26 40 348 245 1601 2377 4122 594 4537 218 8790 1340 36 625 2941 268 424 1134 3137 123 210 532 4962 139 2120 4618 596 841 3024 4281 74 88 9657 583
90 655 2371 90 72 23 28 218 48 27 49 288 5 255 158 14 83 157 33 20 25 120 210 449 88 646 19 63 55 638 1260 2169 201 424 184 1384 4829 31 198 135 9054 331 42 1189 4551 92 1016 1110 425 118 1704 519 372 907 1052 139 686 3977 2322 3457 4329 6160 679 4171 554 2899 896 3299 330 38
91 1091 338 374 455 2492 1746 7913 3229 6795 7167 85 113 644 919 1119 414 5275 97 3003 43 670 825 680 339 14 2020 663 4370 647 7607 1227 998 9127 4081 1691 19 4962 2033 2972 421 962 211 654 948 184 692 27 3244 148 5850 1070 4289 4581 5659 5664 2685 4148
92 47 24 49 80 45 41 16 97 715 92 316 1673 107 81 121 71 166 1862 161 132 206 451 179 57 122 235 595 1714 106 255 144 8948 142 6166 108 210 74 346 3097 1799 1541 304 1334 1958 3299 216 299 789 7373 583 659 9138 611 2067 1434 7977 356 8801 2385 2572 815 7776 549
93 85 597 31 1010 128 1948 108 327 353 122 555 244 3535 201 2285 5041 276 6137 90 750 9040 60 4070 866 871 1103 150 3586 185 1098 915 616 2205 4219
94 857 272 2576 697 171 7971 189 1008 402 2882 557 91 5909 757 170 830 321 374 218 946 5447 2965 225 151 206 77 4625 1001 812 975 414 2601 2329 1223 4857 5483 6785 572 123 725 554 7590 8492 4425 3428 1344
95 2437 5774 1863 6205 1112 5390 200 2670 497 2894 488 1582 652 742 4238 3227 2195 119 240 813 258 6951 5442 321 277 6270 344 5516 2436 594 626 1575 395 1161 2820 7173 2668 929 9271 8243 797 3995 1113 487
96 715 271 455 10 249 74 24 12 609 163 201 229 57 58 18 219 31 45 1361 154 391 70 19 504 108 446 542 2088 4 310 41 267 11 149 737 131 123 1001 1862 56 2240 1339 126 145 140 596 65 189 3999 2003 152 184 224
97 10 15 19 1 90 375 22 2 100 6 20 9 13 114 21 103 86 27 1395 65 879 63 0 426 14 50 62 12 4 18 72 120 4301 84 78 285 29 329 36 8 3 28 815 30 7 6379 914 5 69 267 9691 1434 249 2653 197 148 671 4142 2889 1868 290 624 5381 1200 9630 3441 138 1881 121 4266 126 6102 5276
98 1 7 6 10 9 2 32 14 5 26 20 16 62 229 4 55 198 139 58 72 38 3 17 11 82 410 41 27 120 63 52 23 157 121 65 18 28 15 236 12 0 19 8 44 56 927 1736 6201 30 5394 69 7173 797 915 2039 249 303 285 1958 224 7347 5350 329 355 7753 3097 114 2148 2478
99 28 69 370 29 81 0 84 503 36 1023 62 61 168 139 10 511 32 103 39 68 406 637 175 7 173 4258 303 2478 454 79 1989 63 119 1320 1334 160 15 117 7234 4818 1541 135 1756 609 22 9 166 686 7218 6385 1093 195 599 8707 583 1352 3110 1793 138 27 8270 4869 9447 5851 485 56 1954 867 8 6402 3057 155 252 3849
