100
0 1183 2020 425 3022 397 116 2556 4479 382 8461 3045 5469 422 7707 1368 51 2268 1808 4738 1494 96 1227 5046 137 398 2849 3652 33 935 186 8549 742 91 756 104 36 1137 32 451 110 720 309 16
1 1290 5515 288 164 9030 815 85 280 7292 1632 1468 596 684 2902 946 4040 1440 940 52 252 72 377 123 120 253 1679 180 1597 4589 2572 1388 28 159 88 26 41 63 3 158 30 8734 549 27 199 37 17 6 13 12 5367 869 74 19 21 11 65 22 5 404 1089 61 4 485 126 1 14 2 9 8 15 7 1572 3198 0
2 355 14 120 1591 156 131 53 214 264 11 168 178 3661 321 1799 94 69 122 27 390 54 4859 70 4 2741 1 92 346 1604 96 2 9 33 132 7 4063 1756 1352 1524 16 21 637 940 44 102 0 45 329 751 24 17 65 37 148 8 3244 485 62
3 907 31 54 1549 56 5329 4221 1456 9906 67 447 2840 7924 2191 4361 1772 2696 2992 256 2738 4009 809 225 5803 5519 293 768 3659 141 1362 3478 3160 35 1370 551 51 3025 1124 4507
4 3420 308 132 7287 3654 3056 993 2706 2143 8518 91 7313 1257 908 1956 4157 3946 2413 641 5196 9290 862 4725 568 433 3751 9493 3860 670 8401 2460 3646 3404 1431 2232 1204 482
5 797 439 566 496 716 155 1221 186 2918 2163 8 1274 933 128 76 245 64 161 1437 8044 2785 422 77 98 332 240 0 2627 1153 93 255 46 90 500 621 482 149 1263 611 1183 1184 40 552 859 869 41 158 60 747 6698 650 316 36 3849 285 97 1958
6 3131 27 1600 498 75 459 1287 399 89 52 66 348 175 146 632 83 41 346 34 48 684 95 46 112 82 137 164 25 86 172 659 50 30 110 10 280 78 40 585 72 404 1476 65 145 197
7 1315 485 355 303 11 4371 1452 5429 229 20 102 4023 35 65 224 145 131 725 37 316 13 948 24 10 44 12 17 46 659 4848 2744 18 107 78 36 30 187 3600 58 62 1332 47 1959 195 999 9225 2768 79 3054 115 1447 459 66 1762 48 31 1985 1189 151 45 175 96 1805 176 709
8 484 1287 58 290 4885 631 7033 34 178 56 50 5247 4703 3692 2608 3517 135 121 38 2140 4864 2158 2960 216 10 54 7269 3302 1735 411 3747 110 436 8819 6837 35 4525 901 735 57 261 3179 1189 2171 62 5011 187 268 23 9356 1581 83 2430 212 24 1134 75 240 18 96
9 120 725 7878 2140 2820 1106 6304 737 2616 2726 395 7147 289 4962 231 1388 8034 727 4 6234 2562 163 5349 155 552 3 53 19 232 650 7401 70 510 115 4421 715 6 2700 33 2735 45 110 60 24 6718 72 432 7 38 14 69 1 58 139 16 78 62 1554 2955 873 56 2170 27 9 5200 442 138 4390 65 0 8 468 5 28 2 176 6729
10 2848 5926 1737 0 2 7 9 3477 5 15 1 13 37 27 11 28 4 6 14 17 3 679 372 20 482 2871 30 131 8 35 332 513 18 123 1707 3071 4978 19 16 9086 624 196 681 850 2905 1506 638 10 139 4210 859 62 4609 243 47 6379 36 82 23 290 65 135 1524 957 1667 915 256 78 2138 84 42 120 410 138 708
11 3182 69 6 7 2 64 93 3591 9 1 5 659 103 0 91 327 1155 142 301 8 55 39 316 83 34 8992 671 48 111 1183 125 136 585 442 290 650 7559 2261 356 60 51 494 112 54 206 72 1122 3457 303 117 121 371 139 653 236
12 2153 2148 1591 3379 224 252 1401 2757 290 2177 126 103 61 4977 1263 10 4500 55 7929 65 5634 4514 58 88 38 632 3483 56 69 29 139 114 15 878 11 624 595 135 32 20 155 26 18 62 12 27 2371 35 16 23 1077 19 22 13 731 121 28 1310 138 120 4 3 9 6 1502 14 2 1 554 7 5 0 8
13 849 1540 124 503 875 3648 109 1828 2464 1407 6558 93 6480 1445 414 358 3572 3096 1438 2049 1042 1156 240 25 29 207 1271 595 567 393 83
14 404 252 9559 2205 5850 2614 7 185 4594 6979 948 3398 3239 1097 708 5721 245 709 825 0 49 143 1104 291 201 4672 8 450 33 362 2126 1807 680 22 482 7155 1902 456 343 104 94 734 1035 992 186 749 153 6656 120
15 7585 4554 7 2707 7915 54 125 660 3082 545 51 48 8215 249 70 3774 5313 487 6222 9 2 1 43 206 6459 1270 83 1734 4288 13 112 92 330 0 968 87 561 979 193 21 147 709 17 301 280 44 8 139 253 84 9957 513 1597 3 15 42 907 72 14 20 62 1766 309 11 2291 138 199 6 19 5482 2818 468 126
16 2169 177 1477 5222 1278 506 2857 722 385 215 3950 207 3689 2767 6565 7367 634 418 3715 1313 1136 191 4974 3243 1100 5791 6630 848 6031 2268 611 3500 461 1590 1207 933 167 1754 288
17 138 797 1667 418 1330 1498 4443 14 3243 694 763 49 3540 1185 1743 2809 1030 8152 4 561 435 9351 2033 238 2 2232 2342 5218 3912 3306 396 1420 3 1 5278 252 4335 7 4813 454 9470 583 6369 5893 4167 28 356 9 2145 1270 3977 5404 8015 0 2296 199 8 510 4343 879 6378 1554 948 665 731 4607 3923 6049
18 176 1604 1001 7593 152 1256 97 335 1226 720 162 43 189 6787 1019 609 524 40 77 836 57 742 6058 66 803 119 1298 615 2416 421 365 613 231 598 1292 6756 123 3121 910 339 546 4089 273 3053 157 3983 3158 245 647 3410 1052 1222 8703 175 7984 229 161 204 9 267 4102 389 21 138 879
19 8761 4090 2577 538 972 370 409 228 929 110 3498 3203 70 812 5108 333 4317 358 985 3741 4430 9053 849 2492 245 980 86 1587 2403 51 128 2872 1244 149 5497 83 1896 861 981 1529 1128 250 746 1612 300 536 2079 134 1548 9081 61 545 2391 146 88 1689 32 764 309
20 3533 1768 3286 5514 4408 3052 561 2 2047 2150 6362 1 2298 2849 75 1225 140 9 1412 4067 125 41 1168 18 6373 7081 7 19 119 595 206 1771 859 8 0 21 4688 9519 22 62 4225 36 20 10 7048 249 2930 26 2659 3441 907 12 3483 102 57 8454 184 27 1638 3 7347 35 442 1052 6 3172 37 199 107 4171 3497 709 148 4 11 3198 120 2591 176 2153 5526 1290
21 2848 2264 7 3 4 8 0 1 5 1482 7242 69 15 6 176 9 2 14 21 252 74 3158 23 5482 37 27 5554 5985 28 63 494 103 199 1089 11 1152 16 389 38 1350 325 17 22 236 737 249 34 41 107 10 6379 33 26 71 12 96 110 82 1610 18 977 594 4247
22 1310 1290 0 9517 7624 8 138 9 2 583 7 1 69 28 2818 859 1173 5 468 63 197 977 4 2402 6 193 442 3 72 126 148 356 15 253 57 14 236 27 2045 16 3211 3379 114 166 23 303 55 78 19 650 26 74 198 404 155 97 184 157 731 164 21 12 355 299 342 41 6035 207 3424 22 60 8955 1132 843 1930 61 301 161 331 4226 40 2304 121 389 501 117 107 240 480 38 6404 7293
23 126 139 5 253 482 184 1412 152 58 243 56 1429 426 2169 135 28 16 8 70 0 86 95 32 199 114 172 343 67 195 881 536 275 7 1351 8138 273 66 361 1385 310 75 230 345 228 462 9 160 4724 1450 702 746 1277 318 1951
24 120 67 6335 9947 2956 1572 185 1011 305 2187 115 1184 108 3447 3455 78 873 871 1284 388 204 231 1174 175 3563 1629 612 769 5643 1793 91 382 271 948 56 451 303 9 1152 1584 80 1321 104 73 1195 9335 123 679 84 2444 74 8 8139 0 1151 1930 7373 542 940 16 3046 404 42 2168 139 5333 7086 3483 6347 6238 3706 6138 82 1334 621 252 554 8450 2614 184 900 6698 1 138 236 27 977 725 1173 2 708 2060
25 120 19 20 72 6115 3880 1667 850 1554 13 44 3398 3262 342 7382 1888 161 164 8243 45 301 2106 4397 1524 131 35 57 40 50 3196 425 140 1222 4724 1174 166 147 31 9677 32 101 1645 3747 3251 64 542 36 112 8360 3964 47 602 7354 4100 18 54 1478 62 390 56 1048 280 728
26 303 5381 7548 9710 126 461 234 669 5041 742 4704 63 27 8 9017 1077 2296 446 4497 0 2 805 138 526 1584 778 162 4807 9927 3194 1967 67 1019 66 210 183 47 3110 33 409 9542 5 80 2052 329 193 1420 144 890 624 1850 45 17 2889 485 197 131 342 16 1388 161 299 4090 24 6577 1951 187 1656 5959 554
27 166 138 69 1 409 33 841 8438 172 855 1365 604 9 183 228 23 646 4978 2 4403 909 343 2296 157 395 184 739 47 27 1117 119 4962 151 1522 122 24 300 139 524 45 53 7753 331 389 1412 25 37 22 0 679 8 299 4510 82 443 849 35 899 6668 5295 17 121 16 8761 107 482 164 2889 176 2780 1954
28 148 1917 44 914 253 12 552 60 164 82 285 1352 123 51 10 67 70 32 8993 1783 132 612 7708 53 3458 2048 41 1031 78 64 824 899 258 144 264 54 93 198 857 3768 4104 836 110 383 58 35 478 232 860 243 355
29 329 442 236 74 650 331 880 1697 496 274 393 1000 34 270 881 130 50 89 1803 360 762 793 526 807 170 223 417 594 490 137 2000 337 281 113 1607 1537 3141 321 109 977 3953
30 155 2166 2733 5914 49 183 756 2014 3970 435 2091 8480 3149 465 1674 6450 4532 2298 294 1596 4797 8740 602 8427 537 1904 1026 162 1933 150 687 610 196 234 275 2735 256 117 4801 432 1132 2385 625 184 1583 1610
31 14 2 5 19 6 20 199 8 11 3 16 21 253 12 1065 13 17 15 4 58 1106 37 102 18 96 1734 653 549 0 5091 268 2504 138 74 73 26 3676 4397 881 1052 55 7454 3008 280 915 735 6141 105 125 4487 42 7 211 2360 408 9 27 5626 126 596 621 178 1 114 468 69 867
32 957 73 6 764 131 999 55 1604 162 29 900 3470 1780 2700 5 782 859 69 619 4157 728 74 663 1 2526 43 3489 119 2819 1412 231 3398 78 624 23 632 1597 426 31 339 2825 869 3053 56 301 25 2 236 84 7 120 83 404 34 4281 3160 9 5448 554 38 1315 35 1200 184 10 2076 0 8 797 2614 2841 5051 18 2402 4364 2486 1334 176 20 197 3110 3849 968 709 138 5921
33 3198 686 5434 204 2313 4676 5 9365 126 284 7 1900 377 990 180 2425 9 8853 1365 1019 289 47 1667 0 34 87 2849 973 80 2348 54 55 63 7437 298 503 2374 1376 2116 2717 31 3639 3119 7387 3053 8488 8 267 598 4172 3248 6539 107 2214 316 609 995 681 243 9572 22 1583 92 309 5754 4953 4820 2291 3514 9896 2521 5860 432 2274 176 961 8751 193 3600 57 1954 1384 17 69 9933 4 5150 1917 554 482 6656 3097 2848
34 6604 9 8 2153 0 4347 121 2713 2 9894 1 16 14 138 621 18 5 63 10 4 4977 57 1583 1283 3 6 17 28 178 1575 268 1809 19 3441 4895 26 224 52 20 35 15 391 1106 73 164 23 6523 681 9346 1077 305 429 1665 77 96 1446 5860 120 1921 442 2248 8044 653 708 137 1524 2955 55 1324 2823 5659
35 1959 907 301 6137 8315 829 454 1186 8030 26 6962 388 277 4710 3011 1883 444 675 1607 5552 344 1494 2576 4410 653 1150 4358 8973 108 89 65 594 4435 350 975 190 9391 2239 738 3662 385 6012 7304 1151 62 482 899
36 252 797 751 549 1783 301 7069 406 4662 5329 1936 149 434 3718 403 1702 712 1528 9521 733 163 967 4919 9562 280 2180 469 137 396 9246 1351 4984 59 3996 1151 44 1966 2979 1508 1404 14 3003 998 697 2739 2097 1481 1797 422 181 3730 2810 4273 2492
37 585 84 146 49 176 587 5084 31 1027 647 2147 594 1 1343 8702 40 13 2 48 42 88 4864 198 6577 236 2444 60 158 2430 332 2612 395 82 25 61 56 2073 114 410 681 8 0 41 54 524 166 919 371 30 28 356 15 14 5 5862 6 126 2513 3 19 184 1089 7 69 1482 27 968 155 3097 1737
38 364 6702 6284 8295 4630 3455 853 8704 231 3444 8342 3205 698 1765 906 507 1530 2805 3926 298 1314 6329 419 3359 1135 1991 2078 3034 7486 2593 323 4032 3622
39 120 554 62 7 1546 750 51 5 48 7048 896 646 5546 84 390 25 158 46 207 2503 393 6234 4388 118 8334 60 50 5895 79 107 148 3182 2523 166 1369 2688 34 33 42 4302 747 2138 1251 301 280 2889 977 176 583 9611 0 7104 8 439 102 184 2383 979 1395 17 1930 468 37 74 797 1171 686 1 5921 2 4768 728 9 968 355 138 5381 1671
40 907 777 538 388 231 53 972 265 151 73 9 183 143 160 2 259 4849 154 1465 2442 2164 8955 2423 3044 2190 51 6001 5931 267 1153 7 1 4277 159 1880 248 539 5326 5507 9203 2175 441 9749
41 2780 3248 5862 784 2079 2214 2258 1626 910 6565 2504 611 3790 21 1287 4308 64 9678 1262 4858 1497 1756 1168 1321 1723 204 170 104 166 4728 22 32 371 9039 205 25 229 516 329 1408 3135 476 50 117 152 11 30 549 625 4364 158 123 37 3884 12 665 97 382 197 44 41 389 145 13 27 268 4142 253 1679 2076 1173 7 900 126 554
42 3585 356 4288 29 2862 284 211 1611 41 60 30 43 4 112 1771 155 7360 4568 224 665 1789 1027 968 482 56 252 39 299 1369 2659 45 843 1495 1522 18 332 7 935 6092 487 9 5 17 37 74 62 13 27 1 5973 28 1643 1656 2 63 15 6 126 20 69 0 11 138 3 1184 121 2076 8 708 14 19 9517 1263
43 174 2171 2844 2480 631 237 415 8512 4837 2507 181 124 1161 4021 664 1333 87 6258 6045 1068 412 502 755 42 194 75 52 1274 77 1988 1128 58 1876
44 7211 2079 415 378 574 3240 132 2853 1871 3246 272 653 171 2841 1236 1033 1753 327 3065 1017 2238 195 75 1413 712 1878 3913 6169 9459 8541 1002 4817 2721 587 146 8739 5210 115 170 4589 750 901 2577 1401 1379 1204 29 1476 339 2563 7869 5936 742 595 2293 1153 7959 789 880 1651 7594 187 4089 2196 1070
45 583 120 1954 155 9 3038 7 199 867 899 252 0 79 12 8 21 171 2136 103 164 31 2216 55 131 121 35 52 30 29 7850 290 1506 82 330 1510 3158 5990 1387 26 13 1482 332 1881 37 18 135 10 3 20 193 22 19 23 2513 655 17 6459 1 6 11 6698 1122 309 14 114 15 5661 1310 4 69 138 2818 7055 1502
46 968 873 2088 1019 268 346 2950 7 47 1168 7854 218 106 2120 8654 1903 489 2816 205 1161 4985 4372 119 25 634 33 16 23 651 289 884 901 1298 983 485 1692 58 1 9 27 0 21 31 2 22 7408 8 1324 224 28 4 138 57 88 329 236 5 1502
47 2264 138 1495 3106 5990 0 3514 5182 6930 4336 583 2208 129 54 28 9 3483 39 995 2 7 1200 468 14 1171 9054 43 27 8 517 6684 1 85 3142 5 1967 614 3621 84 3448 5910 992 1437 2685 1434 69 77 339 1702 383 9768 1073 8933 225 9732 228 778 387 2902 288 800 16 233 625 2291 737 188 136 1307 3887 485
48 2120 4247 27 54 233 745 97 65 274 878 2920 2249 42 1601 3692 72 134 62 227 147 335 7569 198 2905 8355 176 841 1593 398 914 4157 348 0 39 1575 25 55 545 1312 8 300 330 665 2 5843 84 8334 48 79 114 146 9 1344 6 2825 1809 211 20 1510 184 4497 30 356 13 148 1554 4799 2955 751 164 120 583 19 404 138 1384 3684
49 8 138 7 8450 27 2371 37 13 4613 3923 3 69 120 6 61 1604 21 11 29 316 1122 426 20 131 5895 184 9957 96 1065 7709 102 253 1440 566 22 3332 1452 74 9713 4164 7718 212 763 128 519 309 2238 5221 6059 7970 641 1325 3190 186 272 259 6644 94 7537 18 5158 2148 969 92 59 1506 583
50 184 4310 199 118 1376 444 3927 36 885 206 133 1232 734 1275 159 3869 2453 445 2688 71 1269 3443 175 6762 228 4619 5 1891 2787 6755 333 76 216 240 926 152 63 4995 233 46 2941 1599 485 817 70 3 4 6 2292 11 303
51 138 155 4946 2500 198 2613 23 187 329 72 910 146 268 41 2420 1692 1159 24 102 1745 16 1826 1989 10 12 665 58 1225 19 18 30 20 13 22 371 17 5031 6877 1387 35 78 117 45 5603 63 2148 5659 15 21 2826 6 3923 197 11 14 4 3046 3 121 977 28 27 9 5 5501 2 1 7 725 8 9365 2818 0
52 9946 70 310 1805 1417 1186 6376 1012 1088 6514 1096 1950 3999 33 244 2275 868 476 4025 861 162 5175 6180 1469 2886 593 1862 255 786 239 201 384 198 1853 5555 296 4834 5299 5034 106 4611 212 2029 2512
53 1077 1434 1495 243 38 6126 679 21 7712 70 110 3102 1408 869 5150 6035 290 927 909 1296 8660 1171 873 6092 1894 73 4525 118 1704 382 1571 1958 3358 325 6051 92 9551 4478 800 231 7862 216 583 246 1721 8309 5205 23 4977 3395 7291 1294 289 2538 8 3215 7986 534 398 43 7791 71 225 6655 914 2218 1866 9542 1483 803 32 477 0 2094 898 138 968
54 751 306 2099 797 182 2196 8364 628 830 393 5020 132 4088 5982 144 149 509 482 273 954 2316 1568 663 80 96 928 90 636 231 81 1489 33 178 180 1001 35 24 29 624 115 161 243 61 23 2612 57 16 451 193
55 138 330 58 8094 880 166 2651 978 20 145 5603 443 10 7293 1089 609 681 3008 1587 650 33 4148 957 637 30 187 510 1434 115 88 410 199 152 662 348 13 80 1151 65 117 176 161 2112 21 37 11 725 16 867 1270 45 15 1184 24 6 485 57 17 3 19 193 107 468 63 14 5 1495 121 404 28 155 4 1 27 3774 1737 7 900 9 126 2 0 1263 6887 8 3244 1502
56 3756 2264 5276 8402 211 8702 2431 707 825 3057 2943 90 1697 39 1194 7499 1840 805 789 154 325 370 2810 2451 203 3006 9915 4452 100 128 3014 5566 3796 274 375 181 249 481 5472 1502 2858 1457 160 2044 1690 3631 1184 223 349 8114 2746 3698 868 1581 4612 1298
57 176 8 243 566 0 402 1877 5724 1334 1017 296 349 1336 2147 116 8272 9311 40 4099 2759 76 118 8672 196 448 5801 1442 422 212 7546 962 335 218 2134 4618 429 2348 6616 53 7918 2683 110 3807 52 375 55 480 114 708 484 3613 158 6979 82 26 1506 63 3831 404 197 3975
58 850 720 2659 6379 196 990 1612 342 2593 5838 4417 171 1284 1521 7279 666 3514 6756 1228 4133 1627 3516 8076 1768 520 1149 396 3773 8430 254 550 1534 909 144 5312 513 434 468 4667 95 91 1132 7460 760 2300 4493 294 4596 244 4390 1813 655 1007 2986 4885 126 9824
59 2866 414 8601 194 225 226 3101 1100 2783 24 1096 5459 2043 203 3908 902 434 2948 1187 2104 4646 1966 8969 1566 6246 2980 216 8146 1480 6134 1805 2231 1745 933 167 535 762 857 914 646 2692 1972 26
60 229 1131 3199 84 1799 280 235 137 1513 122 106 4413 88 238 2573 3839 5616 95 43 310 3319 3455 216 1927 40 409 39 219 101 297 130 111 3126 85 747 951 66 6848 113 2526 2169 257 5661 797
61 3624 2649 26 9294 7433 79 2592 323 2114 265 1754 984 351 230 6467 154 215 1546 385 374 1227 266 1137 625 105 75 213 362 89 55 146 221 342 5751 408 574 131 444 566 7672 2976 815 135
62 7624 138 1310 69 583 28 2076 14 120 919 148 9502 8 135 1173 236 356 15 2616 0 56 6379 1122 117 16 155 1826 2521 31 3428 74 13 662 2 4413 7 3270 7966 495 7454 5 245 9 5887 17 4982 1 61 309 382 1881 24 2106 79 5876 1591 2858 33 3363 5634 45 1283 1117 5395 2698 1012 1161 2116 111 3345 982 3858 3870 672 34 1187 87 8734
63 900 968 2371 285 8402 138 1283 3248 184 4364 971 0 2359 8 2158 2683 5448 9 1054 4336 3642 119 6481 1303 976 1223 2 4880 5779 5 155 7 63 557 1123 1 267 131 8947 3423 8543 169 506 1104 660 1554 1779 4605 3349 3100 205 436 102 370 1495 1869 4672 4801 173 7492 1349 123 929 2378 468 709
64 410 356 6290 1117 2177 408 348 505 224 969 219 465 399 3 240 310 211 164 72 1930 32 238 13 17 15 3211 7837 100 120 4 296 1384 11 6 166 2705 9584 6767 126 3317 27 962 6769 784 57 157 542 69 2 1 3032 28 1283 671 1005 152 8 46 7 5091 0 9305 9 1737
65 1679 69 102 38 120 410 103 4148 552 1385 97 72 50 7151 34 166 73 5429 9572 59 1491 117 46 1628 178 41 429 3582 1476 6913 390 3689 3378 734 8901 135 277 42 56 941 2200 434 764 1623 4791 1732 2180 396 1004 1921 217 196 5720 206 2837 30 6756 1718 626 252 3410
66 1989 236 1564 574 395 7674 3257 3041 4040 947 1979 485 171 1793 636 5834 1087 307 146 252 2491 4482 7162 8688 132 2653 976 2852 78 45 1988 9 6131 2922 3676 684 1128 1 885 0 60 457 138 101 8 24 2 199 119 3477 49 3142 7325 524 1413 549 1951
67 1290 4 120 3389 3 15 3767 2700 152 5 11 65 63 19 6 57 37 1387 13 14 78 2148 12 1434 1263 28 1495 229 21 27 4023 18 10 1225 9886 20 35 1881 7537 671 29 404 38 61 155 31 157 3467 23 22 52 1506 71 979 30 1521 356 519 88 118 8080 69 7687 158 3266 1119 8 7 0 32 3975
68 554 2 27 1888 468 63 62 2112 671 4347 1428 4266 372 84 2487 25 517 424 7584 132 1395 5667 4226 170 725 410 4919 1320 604 76 40 487 279 112 612 5350 715 6163 509 3591 1078 647 324 1436 8241 426 8466 250 887 0 397 1669 8911 2152 90 9360 98 156 2837 134 551 249 899 155 176
69 1408 1883 249 185 5876 56 762 142 516 43 971 10 7042 824 7827 3561 2100 2085 4035 4276 6543 1446 2744 8271 2919 4436 388 659 68 9665 216 54 1757 42 4834 1294 3266 73 2359 778 41 139 4301 907 3853 572 145 1119 1593 335 30 1522 3299 83 84 82 2616 2448 19 12 3204 671 117 14 751 501 3520 6452 62 107 4342 356 6986
70 410 184 2973 158 545 42 123 44 59 762 240 1113 54 90 46 298 666 577 48 367 248 264 626 840 984 32 1491 378 162 2090 7303 459 5580 147 36 226 384 203 7607 120
71 2591 1671 5 120 252 2513 1495 27 28 1384 355 69 4656 4 3684 290 919 22 148 38 268 36 3424 2700 655 728 727 6018 30 4881 8 439 37 2212 7 2 0 1721 9 2684 1 68 968 2304 15 77 5447 8334 143 1272 523 8019 903 859 6668 1090 204 3 534 4131 2477 4044 1401 5195 546 7600 4632 131 446 150 138 155
72 2433 1384 138 2859 5038 1215 1558 251 9359 785 1758 36 2262 53 265 79 8184 9613 388 261 8629 475 1566 1478 3016 313 7797 7589 515 1190 750 2313 543 1360 1509 1353 168 6094 74 4630 1621 9478 2029 3231 4838 3046 655
73 3774 867 252 1122 3706 103 8528 2244 3826 2857 5659 3818 149 44 6188 126 776 1495 574 596 1307 155 112 1611 703 2703 1128 8156 7218 4320 1562 1232 1114 1195 7798 250 1386 320 619 2201 3824 333 6735 1106 1494 1558 4726 1311 6589 4524 2869 1571 23 597 5627 3403 1251 9794 98 1472 1484 515 3357 1277 1442 6518 111 952 4923 303 2700
74 621 5526 968 199 21 9543 2274 6097 8938 65 37 992 3759 139 5011 3502 83 10 12 4597 4429 316 102 15 4609 7774 268 73 8365 38 145 1979 1807 443 446 342 121 1210 8875 109 2296 126 149 201 2427 148 142 377 880 9246 5621 314 501 5484 3943 3139 7518 1038 19 242 431 169 878 4373 869 8 1184
75 1671 147 23 155 679 5 63 1482 58 432 257 60 98 170 112 454 6165 159 587 484 44 2431 392 100 1841 29 873 325 489 195 49 174 90 401 165 977 8734 64 849 222 9464 101 590 356 445 9301
76 355 382 2844 104 23 495 47 542 152 681 10 35 371 88 37 1344 114 389 164 2168 6288 484 332 15 112 5313 157 3408 3182 145 199 107 372 4364 17 12 62 236 65 24 3279 184 21 22 13 30 16 6 166 11 19 549 148 121 126 3 28 6402 8095 14 63 1 5 7 4 9 2 27 869 900 8 3992 867 0 155 2060
77 243 5286 896 5582 5848 9710 1593 3884 6745 135 2258 2533 720 10 330 103 8733 2378 273 144 5872 123 513 30 2942 4959 1638 3603 1251 1258 1352 235 183 7342 6961 2265 52 289 82 3293 1300 4098 75 1577 254 533 651 8332 81 7792 403 68 92 271 1122
78 859 3700 19 1597 57 2282 2198 7658 4994 2579 1714 243 443 611 138 1643 7895 572 87 1981 3839 42 117 4864 9832 8116 4350 2 391 3284 2142 1613 5336 2162 183 961 8802 261 909 2523 680 4421 6644 5558 1801 7307 59 210 1601 4130 2981 9888 245 3706 5616 3525 587 6744 845 292 1913 1686 352 105 2509 654 300 47 5902 850 3416
79 55 103 2533 4122 3983 227 300 157 80 500 34 484 76 4281 159 81 5069 45 24 256 51 538 112 238 2983 156 114 476 139 98 97 206 52 119 87 782 140 107 16 57 121 63 4 1 2 9 0
80 138 158 280 553 2812 0 4942 3089 37 8040 181 147 1386 1454 3281 287 88 2063 4241 641 101 69 61 1012 5124 1911 726 1862 8 782 496 919 3166 990 1 81 971 968 1065 1256 137 5209 3708 95 2198 309 6057 8454 57 11 148 3923 6337 14 426 686 4 197 224 15 5 3 2060 1572 7 28
81 554 355 138 7234 166 1627 126 193 300 95 727 662 68 829 273 2185 8094 36 156 432 155 1750 173 3631 282 1017 25 363 147 1564 85 59 861 167 803 76 3441 19 345 5 9039 325 209 7081 113 497 133 110 3199 165 8243
82 1671 6656 494 3457 7677 725 2282 1734 999 841 339 2967 137 484 2717 42 125 1937 271 52 247 1300 30 1606 73 451 7253 80 2047 235 3471 112 163 161 496 7975 3493 3097 8643 5472 1274 1628 1665 4018 5882 6029 536 516 77 136 341 2739 360 99 578 1218 1303 155 389 252
83 69 632 2073 891 871 415 3406 1843 1065 779 3175 797 3692 970 589 3348 319 3769 3033 126 2780 968 2791 7275 365 3293 179 900 6005 86 6147 2132 140 105 227 2654 7 1 7315 9 235 501 106 49 549 267 8 155 1482 2 4178 0 859 25 372 19 3244
84 8 63 138 5031 599 72 83 54 132 1131 1826 171 4432 168 64 455 125 33 53 7908 390 3008 1236 1745 204 940 140 45 50 44 2126 29 51 914 776 22 5725 487 86 1256 2701 4266 34 3412 3222 117 4291 12 74 38 32 21 9047 58 24 102 145 468 5276 62 65 229 6049 621 176
85 9030 75 7557 544 1001 1292 2052 183 2432 18 3224 252 4606 417 1393 10 422 83 201 2397 970 35 403 938 836 23 574 2730 615 74 2652 516 1344 1137 249 3569 199 299 5641 20 782 1398 7876 1757 3024 636 5605 193 1412 73 25 166 524 1312 121 187 1756 253 355
86 482 2112 120 5395 480 67 1114 299 410 71 20 8978 879 599 60 50 10 100 9514 285 1591 145 1468 5773 7584 26 62 25 1734 178 968 12 277 211 102 131 96 164 13 21 58 72 126 18 30 44 152 37 6 38 35 15 23 11 199 19 485 27 14 3 28 5 7
87 152 909 1583 166 371 62 82 995 1073 625 1725 2334 4460 331 70 6915 39 7013 130 949 2045 6045 2978 281 5136 1702 27 1558 2509 1884 251 717 882 552 1847 2288 1041 132 615 3069 4048 5561 6134 475 134 2428 99 115 177 598 454 3 69 583
88 8 1263 869 0 7117 1583 9 7 2 1 120 4841 4500 6 27 914 4 3 21 5546 290 7727 957 5668 9593 5778 2316 510 1571 1027 7777 6831 928 1223 659 146 250 22 2552 3879 2212 1958 238 7734 7481 54 2372 278 1275 124 9208 2475 3704 224 3561 9358 1080 3400 5296 1401 2143 361 52 4266
89 2503 1020 4048 61 330 1340 74 189 2941 272 1008 9657 1172 3024 532 943 88 2120 110 218 8790 2377 210 245 4962 841 436 233 594 66 240 146 48 1134 22 4537 3526 625 161 424 596 1601 636 53 268 267 79 4618 1757 3137 41 36 545 372 726 348 1896 6087 2019 17 5350 8
90 1632 68 8381 98 751 716 425 198 201 288 255 449 1704 2322 1016 92 1260 2169 1052 49 218 55 118 3299 1110 90 6160 31 424 896 372 210 83 4329 157 646 88 4829 42 638 3977 330 25 410 679 135 38 4551 17 158 72 139 9054 686 331 3457 23 655 2899 19 15 14 554 155 1384 4171 5 28
91 3244 176 4148 948 5659 2492 663 1437 138 2371 1221 2685 4171 1691 2972 455 2020 5850 825 9127 1119 647 4370 210 1227 387 3003 4581 4289 644 4962 211 14 97 193 7167 7607 43 375 880 1091 2033 3066 374 339 5275 19 421 962 1070 680 414 3229 5664 1746 869 66 654 4081 6795 7913 11 113 670
92 2371 327 1541 194 2298 92 2385 216 179 549 815 8948 80 108 47 304 235 7977 142 2572 6166 81 7373 255 71 611 49 789 1673 210 144 122 206 3299 161 41 299 8801 1862 715 7776 106 2067 45 595 442 97 1434 24 1799 107 583 9138 316 121 176 57 1714 1958 1334 3097
93 725 3532 106 3535 1010 9040 244 353 1103 150 276 327 108 616 555 185 128 1098 4070 4219 85 3586 6137 1948 201 866 1736 8465 597 2205 90 915 2285 750 122 50
94 1000 8492 5483 1008 1344 830 4425 3428 2576 321 6785 1001 7590 557 7971 697 4625 402 77 206 2965 5447 572 5909 1223 189 374 146 4857 946 218 170 2882 812 272 225 414 2329 975 757 2601 91 1150 686 524 1790
95 356 5101 2017 6270 626 4238 6205 1582 2436 277 75 9271 2437 1113 3227 488 258 2195 240 313 2894 594 344 1112 487 813 7173 652 395 6951 2668 119 2820 200 5516 1863 929 1575 3995 2670 5390 5442 79
96 229 2003 737 609 10 63 18 12 184 131 2240 164 41 56 715 145 74 45 2088 65 542 123 32 107 140 455 24 31 824 1339 108 46 271 1001 152 1361 219 504 267 189 163 249 127 391 365 1429 40 156 3397
97 5381 0 8 138 6102 7 2 5276 9 4142 6 5 3 4 14 1 28 15 4301 329 78 63 126 69 27 21 9691 19 1395 11 120 426 1434 20 65 9630 4266 103 1200 6379 84 90 815 22 18 13 12 10 285 86 2653 132 3441 29 114 62 624 148 57 72 1881 1868 197 375 249 44 6082 168 16 158 187 23 102 1256
98 3097 8 0 9 2 1 27 14 5 139 7 63 120 69 11 4 229 121 2148 410 236 19 62 72 15 6 28 3 65 12 5394 915 41 44 797 16 2039 927 58 20 2478 7347 10 114 17 26 82 329 7753 55 6201 1736 5350 7173 40 18 23 157 249 52 198 38 285 32 224
99 485 6402 1954 198 27 101 199 1702 1911 30 1 65 10 155 370 1989 7218 1793 4818 511 1093 160 9447 173 1541 81 1320 68 8270 8707 6385 70 609 1352 1023 3057 4869 168 117 503 7 32 119 4258 84 249 9 135 637 175 5851 166 0 29 56 62 3849 138 8 36 22 63 224 1756 252 28 549 708 61 686 7234 583 139 2478 303 482 69 1334 3110
