100
0 5985 1133 8310 8932 7144 5308 9381 5474 8881 3940 8488 8482 3616 8745 151 852 9056 1688 5111 7065 9174 3638 1351 6792 5074 581 1400 4253 4135 3879 3248 7160 9691 8789 1679 1737 1290 5921
1 6655 1796 7279 6918 6702 8576 9836 2805 3017 6270 4288 1614 5216 6769 9495 6267 2210 5855 1451 3046 9952 1188 4798 4620 6592 7569 7669 9556 9046 3708 7151 3139 5349 9271 9425 2258 6194 6384 1315
2 4349 1792 9184 1888 3442 518 5230 4847 9487 4612 9079 347 3228 7830 7275 5369 8813 289 1276 9197 3325 5863 9973 8568 914 4126 5065 5342 5716 908 2804 3081 5569 321 5121 4551 3992 3244 9709
3 8268 7879 4140 968 8152 4405 7101 4235 6632 7349 9084 422 2868 2958 2355 7192 4153 2781 1427 3250 159 9235 5712 2128 2523 9992 4539 7003 4689 175 5266 7874 3185 9089 8636 1136 703 1112 4528 6212 8645 4397 252 6729
4 961 8436 4387 8624 6331 7937 8394 7483 3547 2455 7734 6976 966 4045 2887 5711 5034 4408 7505 7109 1660 735 1426 2187 2310 1563 2666 5024 446 5779 9525 7692 6224 4422 7796 274 6992 2787 3182 7450 4371
5 2723 8081 9017 3536 1399 9541 6319 1264 9463 5983 2927 9381 8453 6061 4796 9912 7120 9174 5252 9256 4124 5521 1705 1027 2319 3940 4056 5874 7672 6593 3992 7912 8357 9927 867 7585 5921
6 9682 4281 6003 8566 8047 7040 8161 6048 2474 6701 540 5687 5023 2830 9443 6401 3469 1935 885 1821 5473 9699 4625 6531 1209 3816 4473 9293 9382 4613 4841
7 6142 189 2336 3347 8244 2544 4609 4617 6603 5543 5073 9766 3294 6418 7602 6203 9844 4311 2209 2695 6115 7328 3066 5160 6316 5274 2286 7668 5676 7320 9988 3402 1480 8361 176 9305
8 8014 9699 5727 5992 5091 4631 3254 2970 2452 1441 5275 777 5640 9953 8247 9890 8364 1560 2902 891 8527 5533 9733 8994 9185 3324 8032 7559 3173 659 2110 3225 4768 8798
9 4379 7643 8914 5527 2498 9983 2451 407 4387 1533 684 9951 6934 1080 5387 5188 9255 307 9943 1776 5041 3992 7018 922 5781 8585 2377 4010 2138 9438 1271 6353 8898 2691 2442 1173 1315 6729
10 6200 8027 588 7600 8992 9638 9614 6770 212 1539 7421 6297 5783 3959 6181 4752 9128 7757 8007 3746 4540 5563 7765 5208 2173 4162 5416 173 9570 4212 8873 5698 4122 2023 2591 3138 5926 2264 6459 8080 5921
11 4509 202 3609 324 1234 8052 9884 2251 4148 1462 559 5258 1745 661 7056 3259 7840 2634 1404 8650 1181 2220 9534 8757 6213 5789 5561 9104 4439 2577 5458 7349 8861 9765 3057 5587 5851 8070 5661 6729 7450
12 836 6258 4581 510 8815 1116 6001 7374 583 7248 403 2206 5310 1105 1575 2805 1655 8449 6991 4232 4673 4291 8728 2427 9953 3775 5270 1128 9915 5106 2073 9903 3501 3893 9195 915 1501 7987 9824 2577 57 2153 2848
13 8641 6691 51 7163 8931 6735 9628 1031 9711 2588 8569 9472 7205 4544 1411 4575 7785 1957 5079 7531 8048 8092 828 3458 3375 3470 9196 2135 3629 7057 4213 6484 4426 1982 5067 4188 9260 9709 8556 4247
14 756 8037 7352 4192 7242 8239 4627 954 3298 7906 355 2288 5001 3960 1417 1434 4915 3411 7127 9613 5994 8956 4971 771 6115 5459 3278 2826 7057 1961 6658 8445 5222 4426 3731 3039 4397 1564
15 3973 529 7196 1147 247 4378 2365 3837 7965 2389 915 939 3394 3479 6760 1941 120 4476 7878 6699 1501 712 5083 590 9969 9956 2028 1483 6961 5336 2153 2848 1290
16 7803 8834 8422 5311 8665 1861 2694 705 3963 5685 8884 2692 7453 498 9135 52 9142 3167 7497 8853 2015 6606 9764 5287 3885 3640 8927 346 4150 8719 4843 7242 3696 4332 1078 7907 5851 4714 5921
17 5365 4177 5121 6989 7763 1204 4109 5731 5766 2588 8559 9140 8820 9657 7193 9048 9858 6709 3022 4964 6474 2351 2236 1168 2949 8485 7270 9237 176 1678 3271 5039 2340 9666 8525 716 6381 9584 3053 9305 6966 8084 8937 1958 7055 1263
18 7209 5082 7495 4263 7722 678 6426 5839 964 3230 6574 2159 7196 4309 8319 9742 2086 4503 9118 5007 7849 8286 7435 3188 5783 1589 7563 7424 6450 1937 2621 7221 7577 8625 7721 7996 7450 1263
19 4323 1324 4454 367 498 7752 7784 5420 2489 856 9652 2722 8837 9341 8744 9818 9907 8254 5723 8431 8143 8395 5897 3897 7086 2302 8694 8552 8853 4023 2264
20 1450 807 7838 1915 6008 5195 1899 9309 4609 8917 2035 6213 4389 6302 7770 3244 5812 732 3226 7004 2865 5709 9870 1048 3337 4008 8400 6888 900 5418 5053 708 6586 8172 2229 6049 9517 5921
21 6741 1390 4257 3048 4281 6243 8764 1068 3521 4196 8534 7450 3498 2446 4589 1730 3671 5438 6566 587 694 88 5000 3131 8424 976 6051 1378 8362 9933 4262 7855 8012 9100 682 946 728 2110 5934 6367 4978 6706 3046
22 8049 5346 9508 425 6515 5670 3026 9169 7971 1608 203 3052 4888 6685 3276 8611 6939 8480 696 1833 3165 8256 8393 8288 9409 1768 1945 1881 6385 5215 7272 8707 8993 9548 8090 8365 4164 6638 6496 1310 3975 2264
23 5225 2530 4110 7106 9333 5126 2377 9368 747 5069 4370 6800 9886 8184 5222 7114 6014 1960 9251 7004 9502 4509 5748 2412 9963 5824 3503 3552 2974 9331 2019 6157 207 8805 5152 9381 7453 900
24 955 6509 9226 3438 8809 6266 709 2763 5895 5453 4054 6254 5328 5059 6786 3050 6363 3777 5298 2531 2284 2695 253 1655 2381 2809 4009 1632 8337 6953 3287 9373 6515 2038 1766 1557 6809 8220 7892 9709 554 1310
25 7838 8911 6892 8407 227 6398 832 4149 3979 5658 4540 5066 3331 1919 5864 9232 7481 9387 1093 5178 1899 7215 8484 7033 4622 1822 4562 2437 4564 4823 7282 5926 7892
26 9638 1248 2149 1077 9283 8783 2370 8960 1300 3734 3864 9289 1312 2608 8334 1479 6653 9327 3538 8253 601 2291 8075 9046 344 7759 7452 5588 8596 715 4633 9780 4298 2320 6733 6593 8778 7931 1876
27 5310 1540 2502 9226 1857 1831 8712 3443 6961 1963 6377 7215 26 2667 7707 2032 8273 2361 4161 4924 6799 8982 1519 3527 5691 6541 2134 6415 4114 5093 3180 8197 3621 9040 4225 5879 5725 7712 3244 9661 9709
28 495 3002 2391 4481 6985 1270 8771 7348 307 6342 4156 8990 3150 182 2723 2837 8813 2882 1993 3424 1227 7025 1462 6241 4063 7964 6577 598 3584 3059 345 3967 7286 9547 7172 9191 7432 316 2713 1290 3097
29 9626 951 4767 8202 3599 5313 493 9236 142 9037 7514 5074 7879 343 9452 3600 1081 1362 3006 9922 4343 8927 189 2578 9303 5302 6427 4565 9224 9487 3817 7825 7322 145 7585 3725 7598
30 4262 4221 9887 2587 6855 3102 9466 426 5429 6873 9427 802 6371 2205 1954 5995 6449 7923 9772 1509 7079 5540 5193 9595 9103 9864 2618 676 5457 5647 977 787 7286 5293 5404 3852 5393 2511 1930 9846 7405 8768 1310 1671
31 3180 6767 8681 5849 1067 8847 5258 2141 8943 5712 5797 1607 6415 1896 2498 1527 5561 1422 689 7804 5715 914 1970 6592 1311 6492 8145 2117 8942 2698 3494 4489 8804 6832 1315 5962 7055 9584 3110 1671 3244 5926
32 1739 6039 4962 171 3466 9013 6685 9718 2071 9537 6072 1110 8561 8706 2272 1371 169 2331 3989 6166 9122 8048 9195 4914 868 2108 6820 8734 621 592 8289 2448 6402 2185 554 3849 2848
33 1485 5556 9638 3225 7520 5275 4189 2946 1455 2461 6138 6515 8385 6424 7330 8863 500 5802 2646 3854 1142 823 7509 4783 9768 6323 3844 9764 5676 6575 2721 7257 610 2720 4843 4352 6744 2766 2701 3110 1384 138
34 2961 5900 4144 7030 1178 7875 9208 4711 2833 7869 4379 7782 9474 9967 2125 6909 4748 1988 7890 4728 6499 1622 8302 3408 6906 4823 2736 3725 4082 8368 5071 6580 4186 6674 9905 1263 3975
35 5807 123 3574 1837 5209 609 8381 6110 2144 1232 677 397 5043 4650 4290 1122 9002 5731 8204 972 2228 1930 2517 924 8272 5756 9193 6759 7452 7384 1035 6230 3903 158 9243 7329 7662 3087 4364 5926
36 5537 9577 1903 1456 6903 5584 5026 4614 7140 2735 3318 4738 2588 6820 319 9365 3459 2467 8624 7777 1154 330 6179 5596 486 4533 5684 8618 9550 3692 2128 9830 6908 1271 4688 3734 1274 5126 5603 8301 653 5921
37 3355 4105 7235 9056 4805 5618 8915 3026 6001 6879 6078 9481 5467 5211 4216 1102 4607 1882 2058 7628 5070 8774 8269 1644 5283 6395 5376 3127 4623 8450 2818 5381 9330
38 847 7555 7626 1265 3112 8950 8526 8328 692 8527 1188 1412 5625 1245 7690 3879 5043 3183 4036 5091 7527 9507 3508 9955 5340 670 9795 2540 4094 7781 8450 5962 8556
39 8786 7256 9057 4221 2841 2255 9995 6180 7912 5615 2312 1383 6024 1775 7617 6501 8799 4476 4322 2096 7213 9473 875 9179 6488 3267 28 4530 2429 4157 1578 8066 663 1753 3951 7642 3757 3497 3756 2848
40 3005 7739 8964 9440 7969 4667 9922 8797 5341 9062 9799 7403 4156 7190 7855 3044 5917 1392 2766 914 6447 4613 4184 4334 1894 9268 1381 5590 4514 3858 7632 9179 5513 17 7158 9238 4926 1502
41 2106 5390 2541 822 0 3467 5002 1360 673 4584 5209 7696 2782 5488 5502 542 5559 3009 3954 8673 3004 1008 4974 5674 9073 9498 4239 6945 8696 9254 7104 7984
42 7255 7864 4123 5704 8096 3120 7732 6717 6525 7933 6120 994 4523 2860 2744 7108 7975 2763 9083 1224 6311 1880 5538 7742 6424 9082 2440 3316 3254 9709 760 4525 5807 6259 7926 4055 3483 7271 3393
43 3578 8080 9532 8565 9059 2206 7712 1937 8449 4053 1868 4013 9644 8763 4337 1679 3240 3383 5829 1709 9296 8636 6661 2461 9719 1422 9219 8206 7304 707 8743 5593 1490 2067 2548 6165 3756
44 5983 7733 9806 8330 7752 2831 6437 9738 871 9345 3971 4529 648 1479 8261 1986 4145 4622 842 8766 9749 3725 5693 4828 1656 6389 3578 9939 1799 825 8219 9300 2264
45 7763 9280 2174 9520 6931 8133 4344 7362 198 6978 2769 4180 891 2395 2277 8466 8479 5992 4563 3369 17 7865 3046 3297 2346 7882 8086 9479 1816 2840 6698 6222 9514 6729 1495 2848
46 8956 7221 2009 5730 872 7178 5893 8316 8856 9100 8090 4946 1647 9922 9968 8639 330 8497 9960 4121 8790 5129 9222 7999 6237 7675 2758 9063 5875 1727 3583 2818 4098 4820 3807 9308 1327 6484
47 8247 86 2756 2169 4914 6403 6826 4400 865 5392 825 1480 9314 4478 8034 8200 5878 6969 2686 4682 4200 4176 2796 1277 8724 7979 1484 6474 7785 7281 9591 2558 4108 7545 5470 1038 3097 6962 1917 6049 9305 708 7145
48 3256 7751 5570 9878 3222 1852 349 1275 5861 8104 8164 9268 7592 1812 9455 6808 9989 8569 2500 796 3515 4975 6748 4636 7984 7134 1397 2203 2901 1882 6622 7055
49 5444 4870 5570 7016 7492 7122 7148 4391 3847 2214 440 8578 3093 505 8485 9414 9124 5224 5457 3030 6634 9328 3519 5142 3418 5938 9093 204 300 8085 9514 4371
50 5954 6996 8198 6520 1277 3177 4370 6491 4739 1621 1436 5483 5064 9395 3726 7200 5695 3012 7551 8919 6496 416 9468 6538 3199 3050 7796 7261 3398 3652 5186 715 6946 4272 4075 4372 8339 5308 5544 2955 7996
51 6690 5459 746 7947 698 7120 6691 7884 8280 6898 6164 4590 9605 2491 3975 9037 7862 4293 2979 8938 3274 6249 1235 1407 2749 1126 6377 525 6502 7555 9038 2552 2067 9855 5879 3021 6608 5329 5633 2705 7450 2848 1954
52 9780 8260 7985 5262 1948 1465 9787 1628 6516 819 1330 4707 166 207 6363 352 2924 3751 770 1936 8415 511 6472 4168 571 9706 3903 254 711 6656 313 6747 2206 192 1221 3826 6767 9193 5381 7585 7624 3975
53 6749 4574 7893 5570 281 9713 8741 7190 5516 7597 934 4576 9452 4071 8016 8279 2545 1294 4346 9499 8892 4120 4535 5148 5041 3927 3599 6553 6081 5796 6590 8381 5265 7594 7585
54 3586 9721 6478 1137 8758 9993 9796 5191 7271 5945 3661 5631 6083 2028 9552 1011 2337 6096 4161 5854 5911 774 8700 5 6549 1190 9059 7311 2194 2155 2763 8221 5557 3992 1604 2848
55 1418 9388 2573 2876 9615 3175 8586 6191 7804 3499 7991 9672 7078 6040 3949 665 5640 8914 5460 9650 3910 2322 7022 139 5865 1067 246 1988 8649 9420 4709 1270 2680 3591 3211 6769 1263 8271 5926 1290
56 5979 2268 7492 111 2323 9662 8331 325 4534 5467 3667 4388 263 5711 8851 9562 8847 3984 1186 3521 764 8759 4749 7208 3296 1031 7482 9609 6638 9573 6320 5321 1499 3714 7814 603 6989 6358 2492 5458 4551 8859 4946 5921
57 1684 4205 6996 4435 1779 2084 6453 7683 7740 5964 4387 215 8774 1552 6939 3082 2348 1408 3657 9233 4369 5005 8862 2018 9510 1219 9615 1387 924 4804 4523 1547 9894 7793 5720
58 4551 5827 1105 8527 9914 1006 3353 5418 6542 7979 7483 8321 4314 7514 7936 1230 1238 1519 3046 3389 940 7088 8113 3788 8423 7982 9116 8788 6688 5245 8136 8302 748 9639 184 583 2264 3849 1482
59 1385 3352 6487 2586 4317 6164 5223 8610 6026 8238 6126 9241 6882 8035 9113 4401 7538 4709 3431 6729 1171 8735 5066 9696 2793 5314 2589 9924 7833 9448 4644 6462 2435 340 4962 3873 3279 1324 4881 6178 5499 6816 2930 285 4714 9193
60 1206 7100 6316 1965 2625 9222 6525 434 4957 7071 8454 4767 9126 3665 6629 6666 2317 9564 9122 6625 1637 4848 6725 1546 1956 8081 4254 5506 5304 2941 9201 123 1173 1495 6930 1958 7242 7624 8556
61 9193 487 3631 970 4490 9137 1674 3062 2963 7356 3018 9423 4479 5222 6411 8909 1781 923 8416 3070 8364 5826 5101 5043 8431 9929 4082 7956 7890 4893 8055 2005 3309 6559 2208 290 3158 7498 4462
62 4430 3345 3348 7791 9642 6924 4630 6621 7608 6194 1057 4275 7006 5829 6022 9758 9973 3738 1599 6486 5783 7163 7044 4482 85 6175 9098 906 6571 5155 7499 2727 5183 1425 6350 1270 8080
63 755 9054 7204 1642 2304 9913 525 1696 8632 3998 9832 146 6859 7292 2094 3100 8642 725 3299 5834 1399 5512 493 7587 7970 1957 1619 5655 3379 9369 9450 3475 66 7283 9918 3867 7013 1200 1070 3097 6304
64 8487 5039 5534 6948 4587 287 5358 84 3207 4127 7818 2156 4146 8601 7045 8646 6212 8923 722 327 5628 1442 5040 7788 8376 307 9956 8859 581 2809 7362 9213 7715 1904 9634 8357 9443 2848 2264 7055
65 7641 7550 2375 27 2085 7263 232 8664 4245 4086 3683 823 7056 4986 1269 7179 5812 3395 2464 8210 4106 2400 8061 4195 4281 700 2926 9542 3339 3316 1313 7341 7899 6111 5076 4039 6101 5427 8250 7943 1669 410 2076 7585 6887 7055
66 6911 3095 1534 5730 5515 2865 2753 5768 8888 9677 8607 2019 7215 398 6744 5783 7304 2210 4031 18 9504 6765 1951 9648 3994 6826 8346 390 3051 8684 2977 3814 2554 3950 5709 61 5787 8449 6231 8911 6212 5962 3756
67 2375 3170 9540 3137 1016 8100 217 1284 4313 4109 7774 7567 7758 9009 2036 2027 6263 3733 6035 1285 5739 1721 5733 5719 6684 513 8895 4956 6807 232 2118 567 5778 6114 9605 6228 1917 1502 9709
68 2285 1560 1497 7674 1946 7794 4099 8572 2900 2816 2078 1565 714 6341 3807 2563 7036 6673 2913 105 1416 7219 7573 2975 5431 2220 7796 6025 5235 2154 4008 2452 5302 3498 8080 7868 4462 1737
69 922 8252 3577 140 8157 7630 5330 6784 8390 6363 6794 3858 2465 5214 5981 7992 9918 1661 5050 9096 8471 8140 1282 5366 6931 3315 7842 9399 5103 1632 6937 7343 7348 5471 2424 913 2029 1132 6180 5921 3198 6729 5962 7585 3975
70 7584 1965 5501 5932 7336 9922 6351 314 6374 3908 9194 7121 8412 8260 4706 9369 8346 6604 3407 7199 4507 4879 8075 7507 8640 4867 7573 578 6621 3278 2017 7846 9113 7740 6066 3044 9525 9316 5888 7055 1502
71 2823 7633 2448 447 2078 4708 699 560 5378 9063 6349 8761 2689 3688 9583 5426 6069 3053 8420 9788 1830 9440 4961 1193 5509 2619 9728 6658 1127 4799 9082 2700 5885 8139 8556
72 6911 5206 3340 670 7277 9580 3056 1036 3993 1791 1951 3609 3651 4285 1697 9146 187 1903 9751 1398 4574 5857 3629 6970 3843 730 1615 3521 3894 1653 3006 5804 3379 4714 3756
73 5706 6666 6218 8834 1180 6976 7213 5621 4003 5932 6503 5600 7951 6366 9957 728 9832 4841 8453 3089 1788 6613 9890 2547 5938 8689 3704 6819 3241 8742 8429 2900 6010 6473 5901 7285 2284 3569 2613 3470 3756 5926 5921
74 71 6607 5988 3725 7857 7190 2520 4884 319 7774 3290 6780 230 9055 7822 486 5332 6120 6532 5738 3272 9621 4556 5820 6905 1278 7363 1031 6430 7173 2696 5635 7523 8399 7055
75 2615 4650 1405 4620 1944 9099 840 1547 6555 9903 7417 327 5442 8613 5645 8412 6835 3439 253 3775 7489 8996 5477 8681 2472 143 8494 1930 6154 8955 9234 7218 8040 5606 9422 7984
76 5142 5929 4534 4805 8470 2783 820 3030 4746 832 8760 3323 52 7433 8930 1740 1779 5943 5116 9681 8697 5628 777 7939 7373 9130 3591 5611 5387 5922 7214 7573 5151 6709 3138 2818 3198 2153
77 8147 6764 3914 5351 2017 8380 9526 4535 1975 6107 4769 9007 2220 635 5049 8763 5288 9303 8653 6776 9412 6962 8478 7150 3621 1074 1772 4639 9532 8302 8073 1089 1494 7242 6698 867 2846 138
78 5521 1650 416 8658 4125 1825 3085 8021 3626 2 2729 1240 9411 8185 1820 1234 3922 6074 2006 4496 9019 7383 9597 8931 6459 4930 9786 585 2342 3834 512 3884 4023 6992 3767
79 657 4471 4135 6629 1887 6440 4005 4443 8339 8616 2894 2229 5761 6104 47 9229 4131 1629 5566 3028 2696 1262 1282 6851 1015 91 9127 6333 6294 7417 1661 7251 2891 5962 1089 3110
80 2233 5156 4773 1034 7605 5072 6524 8109 2406 595 455 9515 6799 568 3466 1309 9457 6102 5080 5487 2194 8455 1873 8769 3573 112 6452 4063 3819 8437 6629 6397 2591 3855 9117 1495 2459 8524 9709 1671
81 4649 6311 1134 7072 723 3040 6725 7553 3436 7395 5874 5023 3086 6042 6415 4604 1865 6369 4550 3824 851 2296 5121 8044 7125 9102 4236 1416 8040 3009 3129 9648 8458 8158 2153 6402 1173 9517 9584
82 2656 8811 9657 6550 1748 5446 1776 6759 8891 2623 7831 251 8372 6683 8088 4385 6395 1120 7839 150 6627 7437 2363 4779 4613 1098 1355 6303 5712 5211 4626 2196 8565 1089
83 3107 885 8674 8523 848 8087 7647 6851 7892 577 7922 3947 5870 6766 648 7261 3814 8458 664 9592 8237 1575 3766 6609 5529 406 8113 889 1571 7266 2453 4771 6360 939 5586 1898 4081 9543 2264
84 5004 7174 1793 8153 2854 8662 8812 9665 9643 6080 5260 2535 1833 7858 1952 7467 1498 2208 5657 2709 3919 8739 1850 5557 6301 288 6892 9349 9449 9232 8725 6949 8814 4289 1310 859 968 4997 6165 7912
85 2238 1157 8334 1652 8484 6352 8802 7022 9772 7375 856 3656 9337 6320 5271 2436 6572 6616 632 1696 5218 6817 5418 4071 5758 8507 6903 4440 2331 9768 2971 2183 958 251 9180 143 496 8058 9915 8158 9584 1290
86 3996 677 1102 7623 7351 131 715 9024 1510 4142 8254 133 2123 1632 4462 8183 9239 726 5228 1876 636 5559 2790 1752 588 4028 3249 7008 9510 4687 3089 2750 8084 4805 7251 318 4121 4753 9502 8220 746 5873 1095 2513 737 3198 2153 2818
87 8359 8609 5593 1862 8335 6521 4268 2585 5032 9904 3231 8508 769 3170 9453 3045 6901 4726 3563 3137 5831 5039 3722 3836 1024 5775 5111 9859 6059 536 767 5942 125 6146 8003 5876 7359 9517 3270 6369
88 4990 2208 5411 5703 2429 3129 9444 7780 8361 8539 4616 1910 365 6 8596 3324 4523 5868 1249 8670 2405 7735 8347 129 3555 2383 564 3586 6257 6152 2521 8071 6235 5350 8498 8479
89 6961 9671 9931 4280 2897 6616 320 834 2797 4875 6471 8293 4873 85 6428 2679 6456 7145 6965 6921 1286 4128 789 3818 7272 6916 2282 4844 312 2632 8064 8106 3046 8768 4018 7271 3514 3097
90 6356 3238 4704 5250 5996 4255 6519 253 3363 3698 7015 3038 4042 3870 112 2041 6666 7757 6052 3737 4944 5366 6918 9756 1955 9406 5638 1491 9067 5301 1956 9070 5427 7661 8252 8331 3106 8245 2826 2198 5685 1077 9365 7450
91 2567 2558 984 654 51 4371 7273 5880 9068 2394 6090 1410 9306 7763 2405 2944 746 4292 3004 7807 6151 6233 1495 3370 7841 3191 1408 2974 5337 7717 2087 9519 9894 867 9709
92 4374 2026 3411 2931 8903 3447 314 2392 1004 2241 9578 3036 4526 5490 3634 6981 2424 8687 5527 8564 1379 5072 9765 4461 9172 8205 337 8730 7066 2739 2075 9038 5854 3288 2959 7816 967 1502 9777 9514 1310 3244 5921
93 9711 3413 4108 9277 2230 2599 7546 2058 4943 1293 7249 3615 2020 1536 5995 4721 5784 2221 4762 5634 2272 5510 5775 1950 2292 5951 3235 5335 662 8315 3922 2166 4154 5752 7044 709 1077 3975 3198
94 8575 862 354 9163 3250 9397 1909 2857 1724 8382 8582 3687 5090 6706 260 8193 2645 8376 8215 7081 5527 2273 2226 6897 5414 4573 3885 1059 1425 9311 9187 927 4653 3398 2835 5267 2116 4349 8458 3244 5921
95 114 1556 7105 9574 9094 3683 4662 533 9939 8692 7319 8716 6491 5581 9220 4689 6492 5414 6310 2877 5675 1832 1544 7632 390 7991 2847 1115 7397 4071 8528 120 2185 1122 1679 1263 2848
96 9032 6920 296 4937 7976 2796 629 8839 193 2377 1542 2392 2990 5206 9619 8379 2997 82 2762 5202 860 4019 5757 6138 639 1973 2217 4331 5419 7643 1726 7804 7716 971 1260 7712 8458 1384
97 5726 9807 9852 7224 9854 5596 8356 2658 9841 4367 3444 2581 1251 3960 8086 6721 9461 6883 5282 8312 9446 6836 1923 6575 104 9059 3411 6272 3191 4067 4554 2521 2848 8556
98 4731 5577 9399 5812 2101 2643 4706 8683 2593 8794 6928 2338 8176 3968 4324 3295 4353 7212 6854 1834 6718 9472 1573 115 3418 4366 6605 8278 8553 1510 9155 681 9905 3756 2591
99 6989 1438 3669 1044 7921 74 6941 4190 5146 174 4075 759 93 4639 7282 8591 7341 7224 5357 9910 5373 8172 1698 3306 313 5315 7538 1651 1502 3583 3677 583 3244 2848 3097
