100
0 61 309 720 110 1137 42 146 36 104 92 377 96 60 756 615 3069 6134 39 742 8549 186 935 3652 2849 398 137 5046 1227 1494 4738 116 2268 1368 7707 422 5469 3045 8461 382 4479 2556 131 397 3022 425 2020 1242
1 0 3198 1572 7 15 8 14 6 9 3 2 1 126 485 4 1089 404 5 22 65 11 21 19 74 869 5367 25 13 17 37 199 27 41 8734 63 231 30 549 26 88 159 28 1388 2572 4589 1597 180 1679 253 120 123 72 252 52 940 1440 4040 301 57 946 2902 684 596 1468 1632 7292 280 815 64 288 3912 1290 355
2 356 214 2145 155 536 168 325 221 3661 321 1 1799 94 264 92 27 131 122 390 5 49 4859 4 2741 120 346 1604 33 9 7 4063 2 16 1756 1352 96 44 132 1524 69 103 637 102 0 148 45 329 751 65 24 37 8 6 3244 252 940 17 485 867 62
3 31 907 54 1549 29 56 1456 447 2840 7924 119 2191 4361 1772 2696 2992 256 81 2738 4009 809 5582 225 5803 5519 768 3659 141 1362 3478 33 35 1370 5848 3025 9710 302 3359 2371
4 3420 552 941 1623 195 7287 3654 3056 2706 2143 8518 850 7313 1257 908 1956 4157 3946 2413 5196 9290 862 568 433 3751 9493 3860 670 8401 2460 3646 3404 514 133
5 1283 299 439 496 716 155 1221 2918 2163 8 1274 66 933 76 245 132 161 2785 422 77 747 33 90 98 332 240 0 2627 67 1153 125 93 195 255 500 621 482 149 1263 611 510 1184 40 859 249 158 36 6698 650 60 3849 285 61 97 1958
6 72 197 145 65 41 1476 585 78 280 40 110 50 172 82 83 86 137 48 42 95 112 684 98 46 4881 44 66 34 175 391 1613 67 348 75 735 1132 52 399 498 89 3363 3131 2196 404 1070
7 280 7508 1189 1985 231 1754 2296 48 1762 933 459 1447 115 3054 31 79 2768 429 9225 999 250 195 288 1332 3600 2169 187 51 47 40 107 30 2744 4848 659 12 78 44 24 10 355 316 35 158 37 139 725 55 145 18 65 17 13 4023 102 20 63 229 5429 1452 11 4371 1315
8 18 240 1134 85 2430 1581 9356 34 23 268 187 5011 62 1189 3179 261 735 901 51 4525 35 6837 8819 436 110 3747 1735 3302 7269 32 10 216 2960 2158 4864 2140 38 121 3517 164 2608 3692 4703 5247 56 5515 83 178 7033 58 12 4885 9030 290 4554 7915 158 1287 54 24 484 135
9 6729 0 9 2 1 27 14 3 4390 8 15 468 176 11 65 442 158 5200 138 126 2170 184 69 56 873 2955 1554 62 78 7 139 899 16 5 72 6 432 28 6718 1312 166 110 45 2735 33 715 4421 115 510 4 70 7401 650 232 19 53 231 552 155 5349 163 2562 6234 268 727 8034 1388 4962 7147 395 32 2726 2616 737 6304 95 725 2079 554 1077
10 2848 5926 1737 0 2 15 7 9 3477 5 1 27 37 11 28 14 4 199 3 13 17 6 679 372 20 482 2871 30 72 139 131 1667 8 38 35 332 513 18 1707 3071 4978 16 10 36 824 9086 624 681 850 21 2905 1506 638 42 859 19 135 4609 243 6379 23 290 1524 957 915 256 78 84 63 1327 114 120 125 1447 7959 382 138 126
11 404 120 199 6656 709 69 549 40 477 39 90 93 3591 2614 9 2 7 5205 5 83 80 103 0 327 55 142 34 8 1 8992 671 125 48 60 111 1183 136 585 51 442 650 7559 2261 356 494 41 653 112 1122 206 3457 54 303 117 371 316 121 236
12 554 14 1502 8 3 121 7 6 4 1 120 138 5 1310 0 1591 731 22 13 19 1077 11 16 9 28 35 21 2371 23 2 18 26 12 155 632 20 135 595 624 58 878 10 29 38 224 69 56 36 3483 139 88 4514 65 114 5634 7929 4500 32 1263 4977 126 2177 290 2757 54 252 3379 27 2148 176 2153 63 2291
13 393 567 595 1271 207 29 240 60 3041 3257 1156 1042 2049 1438 3096 3572 358 414 1445 6480 93 6558 1407 2464 1828 3648 875 503 124 4162 1540 849
14 404 138 8168 749 992 1035 128 734 94 104 91 343 456 1324 7 1902 7155 14 22 680 1807 2126 362 475 450 8 64 201 79 1104 0 825 245 5721 1097 3182 3239 3398 6979 4594 185 69 49 5850 2205 355 9559 708 252 482 290
15 126 468 63 2818 5482 5 199 11 2291 1766 62 138 15 309 17 20 72 42 907 14 3 1597 21 513 9957 92 84 41 8 280 709 147 18 727 87 979 131 561 36 25 968 44 404 0 19 330 120 193 112 206 4288 1734 1270 7 6459 13 146 4148 166 1 2 6222 90 7151 3774 43 70 224 48 9 5429 9365 107 686 7585
16 3309 177 1477 5222 1278 506 2857 722 242 215 461 3950 207 3689 2767 6565 7367 634 418 3715 170 143 1136 191 4974 1100 5791 289 6630 848 6031 2268 611 3500 167
17 6049 3923 4607 731 665 1554 6378 879 4343 2296 8 8015 0 5404 3977 1270 1591 28 4167 5893 583 9470 454 4813 7 4335 9 5278 345 2 3 1420 396 3306 5218 2342 2232 238 2033 9351 435 561 4 8152 107 1030 2809 1743 1185 3540 361 763 694 11 3243 4443 1498 1330 14 418 5 252 3021 461 1667 199 138
18 123 1001 7593 152 97 335 1226 43 720 162 189 6787 1019 609 524 77 836 57 66 742 6058 803 231 119 1298 615 2416 421 365 613 598 1292 6756 3121 910 339 546 4089 273 3053 157 3983 3158 245 647 3410 1052 1546 1222 750 40 8703 7984 229 161 204 267 4102 389 15 138 879 355
19 309 61 599 480 764 80 34 83 1689 88 67 2391 545 9081 1548 134 2079 300 1612 746 66 1128 1529 981 614 168 861 1896 98 5497 149 110 1244 2872 2403 1587 86 980 245 2492 849 9053 4430 3741 985 358 4317 333 211 5108 812 3203 3498 29 65 176
20 1290 5526 2153 176 2591 709 3198 148 11 252 3497 15 35 4171 107 199 37 3172 6 442 7347 4 907 1638 686 8454 10 549 3483 12 3441 2659 2930 17 249 7048 20 16 26 36 61 4225 62 22 9519 57 4688 19 0 27 8 859 1771 206 595 7 7081 6373 18 1168 4067 1412 140 1225 1256 75 2849 41 119 120 49 1117 44 7069 2150 2 5514 3286 9 1169 849 299 97 155
21 2848 2264 9 2 7 8 0 1 1482 4 15 7242 14 27 69 252 6 176 3 28 184 21 3158 74 5482 37 11 5554 5985 5 494 63 23 16 199 1089 1152 17 389 10 1350 22 236 96 38 325 737 249 34 83 107 32 6379 33 12 110 1610 119 6115 233 403 3880 878 398 342 850 1888 410 797
22 1310 1290 0 8 583 9517 7624 138 2 7 9 859 69 1 28 2818 5 1173 14 4 468 3 197 977 155 6 27 15 2402 442 126 72 148 356 224 63 253 193 355 236 16 57 2045 114 3211 19 23 3379 166 78 164 303 74 650 58 70 299 21 198 404 389 26 157 731 12 41 342 62 6035 301 207 3424 97 46 22 8955 1132 843 1930 161 331 2304 121 184 501 117 45 107 240 73 6404 7293 709 708
23 2 126 9 1 3 482 253 549 58 1412 152 948 139 243 56 1429 426 1506 42 86 95 46 172 71 81 343 85 881 880 275 7 70 1351 273 250 1385 5 1972 75 230 118 462 318 7607 3066 43
24 5395 681 32 8138 6335 9947 2956 1572 185 1011 305 2187 115 1184 108 3447 3455 78 873 123 25 871 1284 388 979 231 128 1174 175 0 3563 1629 612 769 5643 1793 382 271 948 56 451 303 204 1584 91 42 1321 73 104 9335 679 84 2444 8139 1151 1930 184 7373 542 940 3046 404 2168 5333 7086 3483 6347 15 6238 3706 16 6138 74 82 1334 621 120 252 554 19 8450 2614 900 6698 138 236 977 725 1173 708 27 2060
25 120 19 20 1667 82 18 1554 72 35 44 3398 3262 7382 161 164 8243 45 301 2106 4397 1524 131 13 57 54 50 3196 425 140 1222 4724 26 1174 166 147 9677 103 101 1645 3747 3251 64 542 36 112 8360 3964 47 40 602 7354 4100 1478 62 390 1184 56 1048 594 280 409 155
26 5381 9 6369 8 9017 1077 446 4497 66 0 2 805 125 138 85 526 1584 47 778 162 4807 9927 3194 1967 67 1019 131 210 80 3110 409 1 9542 13 91 2052 329 33 267 16 1420 144 624 342 1850 45 197 17 2889 1388 161 299 4090 24 6577 1951 187 1656 139 5959 554
27 1954 2780 176 164 2889 16 482 107 8761 139 121 17 29 5295 6668 552 899 849 443 4510 299 8 679 0 22 37 1412 389 331 1183 53 7753 45 35 524 300 82 36 267 122 1522 151 4962 1117 119 47 739 395 157 2296 343 909 4403 2 4978 646 184 50 118 9 1365 228 855 2171 172 411 409 1 27 69
28 148 1917 914 253 44 899 653 17 12 114 164 82 285 1352 727 123 686 10 70 1783 612 132 198 53 3458 1031 78 824 258 764 67 93 110 1000 2576 8492 3768 4104 5483 836 272 383 1008 206 64 1344 830 1665 4425 478 234 264 3428 414 3631 975 968
29 329 236 650 331 2700 1283 1506 139 1697 496 274 393 34 1000 4881 270 881 32 1803 360 762 793 526 807 223 417 3082 4724 594 490 137 2000 337 281 113 1450 1607 1537 3141 321 109 3201 1491 1378 189 155
30 686 2733 5914 756 2014 3970 435 34 2091 8480 3149 465 6450 4532 175 1596 4797 8740 602 154 8427 537 1904 1026 162 128 1933 150 201 687 610 196 275 2735 256 2048 1401 4801 432 948 2385 625 184 1610
31 184 1 621 82 596 1320 8707 6385 27 1989 2185 249 5626 9 408 7 273 4487 125 105 6141 915 30 280 3008 7454 16 1052 881 4397 3676 135 26 1506 138 73 2504 301 0 63 18 6 1734 10 96 252 102 126 11 37 1106 4 268 17 58 13 1065 12 253 21 3 8 20 583 199 482 19 5 2
32 5921 138 709 968 797 3849 3110 197 20 184 176 1334 2486 4364 2402 18 5051 2841 2614 8 0 2076 10 1200 1315 9 3160 4281 12 5091 34 83 120 7 84 236 2 552 74 56 35 869 2825 339 31 426 1597 32 23 624 78 3398 1412 2819 119 3489 2526 1 663 728 4157 55 619 2659 69 995 8993 554 859 2700 91 7708 1780 3470 900 33 29 162 27 300 1604 999 5 14 121 253 468
33 708 1900 990 2425 8853 1365 47 1667 9 0 87 2849 973 2348 63 7437 178 39 176 298 55 503 2374 1376 60 2116 2717 33 16 31 3639 3119 7387 3053 8488 8 598 4172 3248 6539 54 46 2214 609 995 979 9572 1951 22 659 1583 92 5754 299 4953 4820 2291 3514 9896 2521 1114 432 2274 193 131 961 8751 3600 57 1954 1384 482 6 17 69 9933 4 5150 1917 6656 554 3097 2848
34 6604 8 2153 0 9 7 2 9894 16 1 15 63 442 621 18 10 27 5 4 17 2713 1583 268 6 35 28 138 1575 3 38 1809 19 3441 4895 224 33 26 52 20 23 391 1106 11 120 73 164 1077 305 429 77 137 96 8044 653 2707 1524 40 2955 2214 155
35 482 1151 7304 385 3662 738 2239 9391 128 190 350 4435 594 65 108 8973 4358 1150 4410 1494 344 31 5552 1607 675 444 1883 3011 4710 18 277 388 51 6962 8030 1186 454 829 8315 6137 519 969 5158 552 120
36 410 422 106 1797 1481 2097 377 2739 697 408 998 3003 14 1404 1508 2979 1966 5 1151 3996 59 4984 1351 9246 396 137 469 2180 280 9562 4919 967 163 733 9521 1528 585 712 1702 1080 3718 434 149 2298 1936 5329 4662 406 301 1783 102 751 797 1052 126
37 1604 2248 1446 1921 178 9346 6523 154 146 587 5084 31 1027 647 2147 175 594 50 1343 8702 54 48 42 88 4864 198 6577 1256 155 236 2444 158 19 2430 303 60 332 7 2612 41 395 82 25 56 2073 114 681 8 0 524 166 919 356 371 30 5 28 27 5862 14 121 126 2513 3 21 184 1 4347 1089 69 1482 9 2 176 968 3097 1737
38 6702 6284 51 8295 1123 4630 3455 853 8704 231 3444 8342 3631 3205 698 1765 451 906 507 1530 2805 3926 298 1314 6329 419 1991 2078 3034 7486 2593 4032 3622 3323 1303
39 1671 5381 968 728 4768 2 62 5921 1 686 5 1171 797 27 74 37 468 1930 17 1395 979 2383 102 439 8 7104 0 9611 176 977 2889 280 301 1251 583 2138 747 4302 9 42 138 55 33 34 2688 1369 166 2523 3182 148 79 5895 50 8334 118 60 4388 6234 393 2503 207 46 158 390 84 5546 646 25 896 7048 48 51 175 7 356
40 1790 797 28 1332 539 1880 159 64 4277 1 7 545 1153 5931 6001 2190 3044 2423 253 8955 2164 672 538 2442 1465 9946 4849 259 2 160 143 183 3561 3704 2475 9 73 5616 151 566 4130 7307 4421 961 53 24 2523 977 265 972 231 388 777 907 300 869
41 554 900 1173 2076 14 1679 4142 145 389 197 382 665 121 3884 37 123 4364 625 549 30 152 117 476 97 13 64 3135 1408 329 516 229 205 9039 371 44 22 25 4728 61 12 166 50 39 116 156 104 170 204 1723 2820 2140 1321 1168 1756 1497 7878 4858 1262 9678 253 4308 1287 21 3790 611 2504 2258 5862 3248 6656
42 1263 9517 14 63 8 2076 138 1184 3 7 5 0 15 20 69 126 236 1 2 1656 121 30 1643 708 224 5973 27 11 5860 252 62 74 37 482 9 487 19 6092 935 56 332 18 1522 65 1495 1132 13 632 843 45 2659 6362 1369 2047 561 6 4408 1027 1789 1768 665 3533 28 4568 7360 1771 112 4 158 119 1611 211 284 8364 2862 1019 132 76 4288 356 1387 294 3585
43 583 5381 5661 415 8512 4837 2507 124 1161 4021 3532 664 1333 4373 475 87 234 6258 6045 2169 257 1068 2526 412 502 755 44 3231 2029 9478 1509 52 219 1274 265 2262 77 1483 1988 1128 18
44 1070 4089 187 7594 1651 880 789 7959 1153 2293 595 742 2698 5936 2823 7869 2563 120 339 23 1476 1204 1379 2196 1401 1674 2577 901 750 4589 171 170 115 5210 8739 1376 587 2721 4817 1002 8541 54 9459 6169 3913 1878 712 1413 51 2238 3065 327 133 1753 1033 64 1236 2841 653 272 3246 1871 1077 2853 3240 378 309 1395 708 9824
45 554 2120 7 1954 47 1152 155 2162 4919 3038 199 7895 867 1643 1195 28 252 7584 782 424 43 37 2136 103 63 1714 38 2487 41 4226 4266 164 29 55 2216 31 135 79 18 58 35 52 26 30 7850 290 82 330 1510 3158 671 21 5990 1387 19 1482 332 1881 131 10 20 5 193 23 2513 655 22 176 12 4 17 6459 114 309 6698 1122 69 120 5661 1310 859 6 138 2818 8 7055 1502
46 1502 155 6 69 329 88 57 138 4 28 1155 1324 8 7408 22 23 33 24 9572 0 27 21 1692 31 9 485 65 983 1298 901 884 289 651 2 634 387 5 4372 824 4985 1161 205 2816 4281 1903 8654 47 106 218 7854 1168 7 2950 1 346 268 376 2088 583
47 485 236 598 3887 3139 1307 344 136 85 188 69 201 737 109 625 800 2902 778 228 9732 146 225 8933 1073 9768 383 1702 77 1434 2685 1437 992 5910 3448 84 3621 484 1967 16 3142 1 39 90 6684 517 5 9054 27 1171 1200 2 995 3483 28 129 2208 4336 6930 5182 0 583 3514 7 9 5990 3106 1495 8 138 2264
48 155 2920 1601 3692 134 26 147 335 7569 198 39 2905 8355 176 841 1593 71 914 4157 348 0 24 42 31 1575 131 545 1312 65 79 8 25 252 300 330 665 41 5843 84 58 8334 48 146 55 1344 103 211 4497 6 2825 1809 20 1510 13 30 356 148 1554 4799 2955 751 164 5 4247 120 583 19 404 138 1384 3684
49 8 138 7 0 9 2 63 8450 1 27 2371 37 13 4613 3923 69 1604 316 1122 426 20 22 5895 9957 96 1065 7709 102 137 1440 566 3332 1452 9713 907 199 4164 7718 212 80 763 2238 92 5221 110 6059 7970 1325 3190 186 259 6644 94 7537 2148 59 375 66 165 1506 994 2120 996 356 583
50 148 155 2292 6 4 55 3 70 817 11 1599 2941 46 49 233 36 4995 152 926 61 485 19 240 216 76 333 6755 2787 1891 4619 6762 228 3443 1269 71 2688 445 2453 3869 159 125 734 1232 8438 885 444 8643 1665 199 184
51 138 155 4946 2500 198 2613 23 187 329 72 910 146 268 41 2420 1692 1159 24 102 1745 16 1826 1989 10 12 665 58 1225 19 18 30 20 13 22 371 17 5031 6877 1387 35 78 117 45 5603 63 2148 5659 15 21 2826 6 3923 197 11 14 4 3046 3 121 977 28 27 9 5 5501 2 1 7 725 8 9365 2818 0
52 6402 310 2175 1805 1417 1186 1012 105 1088 6514 1096 1950 3999 33 244 2275 868 476 4025 861 162 5175 6180 1469 2886 593 2152 786 239 384 198 1853 5555 296 4834 5299 5034 106 4611 212 2029 418
53 158 385 2094 1590 1207 0 1313 66 3243 803 9542 1866 2218 914 225 7791 72 534 7986 3215 398 8 2538 151 1294 890 7291 3395 325 8309 4977 1721 62 92 246 216 171 7862 800 4478 510 9551 6051 3358 566 211 1958 1571 382 118 1704 4525 46 73 1894 6092 873 243 1171 23 138 8660 1296 909 927 6035 38 5150 869 1408 3102 110 70 7712 679 6126 1876 948 1495 1434 485 1077
54 751 1330 797 182 489 628 830 144 393 5020 4088 5982 509 69 273 51 954 2316 1568 663 29 80 288 96 178 126 928 636 40 125 81 1489 33 180 1401 31 1001 55 15 624 115 161 139 962 65 2612 14 57 468 158 451 193 243
55 138 330 166 8094 2651 20 51 145 5603 443 10 7293 1089 609 681 3008 1587 650 4148 957 637 187 1434 316 30 115 410 199 152 662 348 13 121 88 21 747 80 1151 65 24 117 176 26 2112 28 37 11 58 725 867 1270 57 63 45 161 1184 485 3 17 193 107 468 14 549 5 1495 16 404 6 155 4 1 19 27 3774 15 1737 7 900 2 9 126 0 1263 6887 8 3244 1502
56 1581 868 80 3698 2746 105 8114 349 223 1184 3631 1690 2044 142 2858 1502 5472 481 249 160 181 375 274 3796 5566 3014 100 1600 4452 9915 3006 203 342 2451 1287 146 2810 370 789 805 1840 7499 39 1194 1697 90 2943 3057 825 707 2431 8702 880 8402 5276 2264 3756
57 977 2330 402 176 5724 1334 296 46 349 1017 1336 2147 8272 9311 76 4099 2759 8672 196 448 5801 1442 422 7546 335 218 231 2134 118 708 35 53 4618 131 2348 50 54 6616 7918 38 2683 566 110 3807 52 375 480 484 114 3613 82 16 6979 135 404 26 3831 268 19 197 3975
58 850 720 6379 196 144 289 1065 990 1612 2593 5838 4417 121 126 1284 1521 7279 666 3514 6756 1228 4133 1627 3516 8076 1768 4672 1149 396 3773 745 89 2249 1457 8430 254 550 1534 97 325 909 11 978 5312 43 513 3 434 4667 95 173 60 7460 760 4390 655 1122
59 2866 225 226 3101 1100 2783 29 24 1096 5459 2043 203 3908 902 434 2948 1187 2104 4646 1277 1966 8969 1566 536 6246 61 2980 216 702 8146 1480 6134 1805 2231 195 1745 933 746 167 535 762 857 914 646 2692
60 583 4247 3759 3046 142 113 26 6848 951 747 130 85 39 143 3126 75 297 101 1876 1927 409 49 216 3455 3319 5616 3839 2573 238 88 4413 106 122 1513 235 280 35 24 42 1799 84 1131 54 229 121
61 815 2976 7672 444 583 408 5751 342 43 55 89 75 79 362 36 213 6082 105 1137 266 1227 1877 429 374 1546 215 6467 230 351 984 1754 265 2114 323 2592 7433 9294 2649 4942 11 3624 5580
62 7624 138 1310 69 583 28 2076 14 1 919 5 9502 3 8 1173 236 356 117 2616 0 56 6379 1122 303 1826 2521 31 58 3428 120 13 662 2 24 4413 63 7 3270 7966 495 102 7454 245 9 21 5887 4982 155 309 382 1881 2106 3052 79 5876 29 2298 1591 2858 33 27 5634 45 5395 3400 5296 1401 2143 1012 1161 2116 111 3345 982 3858 3870 1187 74 3927 126 176
63 583 468 2378 1678 929 1349 7492 4801 4672 1869 1495 370 436 99 131 3100 3349 445 4605 1779 1554 1104 506 8543 3423 8947 557 102 660 7 227 155 5 5779 4880 2 1223 976 1303 6481 475 3642 4336 1054 401 9 5448 1 2683 1745 2158 8 2359 0 971 255 4364 3248 1283 138 63 8402 285 2371 968 900
64 1737 9305 0 5091 126 8 193 9 152 166 1005 7 671 1283 28 3032 2 1 69 542 157 5 962 784 6769 27 3317 32 6767 9584 63 2705 3 1384 296 4 120 84 100 7837 6 90 72 3211 17 1745 81 238 356 1930 240 399 168 465 969 505 181 348 5055 5253 869 164 2700 621 8271
65 1679 102 410 166 58 1385 97 72 183 32 73 132 59 1491 41 44 117 429 3348 38 604 25 1628 135 841 614 103 178 3582 1476 390 3378 734 277 56 2200 434 764 4791 1732 2180 396 1004 1921 217 196 187 5720 206 2837 40 6756 1718 626 82 313 967 2231 30 1721
66 1413 524 7325 3142 309 356 61 3477 36 2 45 166 8 49 24 101 457 0 885 5902 132 25 1 1128 684 3676 2922 6131 1988 27 78 2852 976 2653 8688 7162 4482 2491 138 307 1087 5834 636 67 1793 5 485 727 1979 947 404
67 1290 120 4 6 3389 3 28 11 3767 14 57 152 65 482 37 78 1387 10 2148 21 1434 13 1263 1495 229 4023 30 12 18 2700 1225 9886 20 1881 35 7537 671 31 184 4977 38 157 3467 23 22 155 52 1506 114 88 71 1521 69 519 15 574 8080 7687 487 9 511 160 158 3266 1119 212 5313 7 631 107 8 8215 19 681 193 3975 0 708 138
68 9 896 5286 653 243 134 2837 156 98 2 264 9360 8911 1669 132 397 887 8466 426 8241 461 1436 324 647 1078 194 3591 183 509 6163 2169 715 255 5350 612 112 279 487 60 76 604 377 84 1320 725 170 5667 1395 517 372 899 1428 4347 61 62 468 1888 27 554 11 15 0
69 2177 6290 4342 410 2112 62 243 6452 3520 501 751 14 117 671 3204 18 12 2448 2616 82 83 3299 74 1522 30 335 1593 211 1119 145 572 139 3853 11 4301 778 2359 73 3266 1294 4834 29 42 216 9665 21 68 659 388 4436 2919 2744 1446 6543 4276 4035 2085 519 2100 3561 7827 824 7042 10 971 516 142 44 762 56 599 5876 185
70 410 13 2973 545 73 44 90 59 762 240 25 1113 66 40 1106 298 666 577 48 367 248 626 840 984 378 162 228 2090 7303 147 226 384 203 2609 5999 2836
71 138 150 446 23 4632 7600 9906 546 5195 4044 2477 4131 534 3 1090 6668 859 204 903 8019 523 1272 143 8334 2360 5447 77 2304 968 68 1 2684 5 9 1721 2 7 2212 37 439 30 6018 728 655 164 3424 8 0 6 28 22 919 442 3684 4 290 4656 252 69 355 1384 120 27 15 1495 2513 1671 2591
72 3 798 4838 174 599 42 1621 4630 6094 1353 1360 543 2313 750 2152 1190 515 7589 313 7797 189 3016 1478 1566 8629 261 388 9613 8184 53 1758 785 9359 251 1558 1215 6655 5038 2859 1384 2433
73 303 6518 1442 1277 3357 515 1484 1472 98 9794 156 1251 3403 5627 597 1571 2869 63 8438 4524 6589 1311 2249 4726 1558 1494 1106 6735 333 3824 2201 320 1386 227 250 7798 1122 40 1195 1114 1232 1562 4320 149 7218 8156 1128 2703 703 1611 112 1307 596 574 1495 776 126 6188 3818 5659 2857 3826 2244 57 8528 3706 3774
74 621 5526 199 1583 2112 9543 2274 21 6097 8938 37 268 992 3759 410 5011 3502 23 41 10 12 4597 117 4429 243 316 102 4609 7774 8365 38 24 43 96 145 1979 1807 443 149 83 446 1210 8875 137 2427 148 126 880 9246 968 25 144 5621 109 314 501 5484 3943 7518 1038 19 13 82
75 34 323 116 590 9464 222 64 977 165 155 174 489 325 873 1841 100 92 392 43 2431 173 587 159 25 6165 454 112 170 36 60 257 432 1482 23 679 8734 147 1671 356
76 8988 139 1771 484 382 2844 659 104 23 495 957 542 152 681 10 35 12 131 371 88 37 1344 389 164 2168 6288 332 112 114 5313 157 15 3408 145 199 107 372 4364 61 17 62 236 65 24 3279 21 184 22 13 3182 16 30 63 166 11 14 549 148 19 404 126 3 6402 8095 121 1 5 28 7 6 9 4 27 2 869 900 8 3992 867 0 155 2060
77 1122 4430 1393 343 2657 271 59 92 68 403 7792 8332 651 533 254 1577 75 4098 1300 3293 52 2265 6961 7342 235 1352 1258 1251 3603 1638 4959 2942 25 513 83 5872 144 90 2378 8733 103 330 720 2533 2258 6745 3884 1593 3160
78 1951 3700 1597 2282 57 2198 7658 4994 2579 443 611 138 572 87 1981 3839 30 117 4864 9832 2112 8116 8 70 211 4350 178 0 3284 2142 5336 54 183 8802 261 1959 909 680 53 6644 5558 1801 59 210 2981 9888 171 245 3706 3525 587 186 243 6744 845 154 292 19 1913 1686 352 2509 654 968
79 897 158 103 2533 291 4122 3983 227 89 146 130 500 484 300 76 159 81 5069 256 410 157 36 224 112 1959 2983 156 55 476 121 238 97 98 45 52 782 119 87 140 61 107 74 58 131 16 57 19 15 6 4
80 280 553 2812 3089 37 8040 181 0 147 1386 1454 1626 6565 3281 287 88 2063 4241 641 101 184 1012 69 5124 1911 726 1862 496 919 3166 990 81 971 1065 137 5209 3708 95 2198 309 6057 8454 782 8 1256 148 3923 6337 426 686 4 11 197 224 15 968 14 7 1 2 9 3 2060 28 1572
81 554 138 211 7234 60 1627 95 662 68 25 829 8094 156 253 178 432 735 1750 282 1017 147 1564 85 47 861 59 363 167 803 76 3441 345 9039 7081 67 113 171 497 133 520 1135 9208 128 316 1387
82 138 99 360 2739 978 341 136 77 516 536 6029 5882 4018 1628 1274 5472 8643 3097 3493 7975 496 161 163 146 112 3471 235 2047 46 7253 1606 30 1300 247 52 271 1937 125 42 2717 74 484 73 2967 32 339 841 999 131 1734 2282 725 7677 3457 494 355 6656 252 155 1671
83 1736 1932 891 8901 871 641 3689 6913 8465 415 3406 1843 779 3175 797 3692 970 589 659 319 3769 3033 9 968 2791 7275 365 3293 179 900 6005 86 105 140 227 2654 7 7315 235 501 106 8 1482 4178 0 253 1 63 372 2 2780 859 5 3244 126
84 621 6049 176 65 229 62 5276 410 468 145 102 24 13 58 9047 57 12 4291 117 3222 3412 74 34 4266 316 2701 86 487 5725 22 776 914 51 29 2126 32 140 940 45 54 44 204 1236 53 3008 390 123 7908 50 171 455 64 118 289 168 4432 1826 339 1131 5031 1275 363 515 138 4210 8
85 2017 9030 2065 5225 7557 544 74 1001 219 1292 2052 183 2432 18 3224 4606 46 417 1393 10 422 83 201 2397 970 35 403 938 836 23 574 2730 615 2652 516 1344 1137 249 3569 299 5641 20 1398 7876 1757 3024 636 5605 193 120 1412 524 187 123 1756 253 355
86 0 7 8 2 1 3 5 14 28 485 27 9 199 11 126 139 13 35 44 37 152 23 30 18 21 164 96 135 102 38 277 12 968 25 1734 62 7584 5773 1468 267 1591 285 10 9514 100 41 145 51 50 879 6087 1601 2019 1896 372 8978 71 625 20 9657
87 152 909 166 1583 5448 371 62 3053 82 1073 625 1725 2334 4460 331 6915 7013 71 632 70 949 130 2045 6045 2978 281 5136 1702 1558 2509 1884 251 717 882 1847 80 2288 1041 4704 4048 5561 134 101 9710 2428 364 115 327 177 598 293 538 977 725
88 8 1263 0 7117 1583 9 7 2 1 4841 355 15 19 4500 6 914 4 120 27 5546 290 54 7727 957 5668 9593 5778 2316 410 510 1571 1027 26 7777 6831 928 1223 157 869 16 22 2552 173 3879 2212 660 1958 238 480 7734 7481 46 2372 80 273 209 278 1275 196 124 669 9358 155
89 72 5350 206 17 348 726 545 26 3137 1757 4618 79 53 636 538 596 424 161 60 3526 4537 22 1134 48 178 240 268 34 66 594 233 436 841 4962 245 210 2377 8790 218 110 4281 88 943 532 3024 7548 583 1172 1008 272 2941 189 1340 330 4048 187 355
90 28 5 4171 1384 554 14 3 23 2899 21 655 3457 331 184 9054 1052 11 72 4551 38 135 679 25 330 3977 638 32 4829 88 646 60 29 83 4329 90 210 372 896 424 6160 1110 3299 218 1260 1016 2322 310 301 1704 449 118 201 198 425 716 111 751 8381 1808 68 43 155
91 3244 176 4148 5659 2492 663 1437 138 2371 8 1221 2685 4171 1691 211 61 2972 455 2020 5850 55 825 9127 0 1119 647 4370 210 1227 3003 4581 4289 644 4962 183 14 97 193 7167 184 7607 1091 2033 374 339 5275 421 962 680 414 3229 5664 1746 869 654 4081 6795 7913 11 113 670 998 1457 2873 120 126
92 3097 1334 1958 14 549 121 57 176 1714 316 9138 107 45 16 38 1799 24 1434 74 97 595 659 2067 442 106 7776 715 1862 8801 299 161 3299 206 122 144 49 451 210 1673 789 611 132 346 7373 6166 2572 142 7977 235 304 108 8948 815 179 216 2385 2298 459 1541 169 5329 4221 551 205 583
93 4273 4568 1010 9040 244 454 353 1103 150 276 327 108 616 555 185 49 128 1098 193 4070 4219 5041 3586 6137 164 361 2073 1948 866 1155 99 310 160 597 2205 915 2285 750 122
94 355 632 857 325 321 6785 2360 978 1001 7590 557 7971 697 4625 144 402 77 2965 5447 572 5909 1223 189 374 4857 946 218 170 146 2882 812 225 2329 42 757 2601 1150 1360 232 151 544 2048 2120
95 5101 849 4238 1582 2436 277 9271 2437 1113 3227 488 258 49 2195 240 2894 111 594 308 1112 4725 813 7173 652 267 993 196 395 6951 2668 2820 200 5516 2138 1863 929 8243 3995 2670 5390 742 5442 79 6147 2132 3199 3198
96 229 2003 737 74 609 10 249 12 301 2240 61 56 715 145 45 2088 123 184 542 32 140 455 1339 108 271 29 1001 152 1361 75 83 504 219 391 163 127 308 365 1429 212 156 1862 1575 6082 119 619 6376 149 2099
97 968 138 5381 0 8 6102 7 2 5276 9 4142 6 5 3 4 14 1 28 15 19 120 21 65 4301 329 69 27 9691 1395 84 11 78 20 126 426 72 1434 23 9630 4266 1200 63 6379 103 815 22 18 12 10 285 13 86 2653 3441 24 624 62 148 57 83 114 1881 1868 197 375 34 61 249 168 102 335 131 485
98 3097 8 0 9 2 120 1 27 6 14 11 5 19 139 7 69 3 4 229 121 2148 410 236 62 72 15 28 12 65 5394 915 18 44 797 16 2039 38 927 58 20 21 2478 7347 10 63 26 41 114 17 82 329 7753 55 6201 1736 5350 7173 23 157 249 52 198 285 224 40 35 303 126
99 1954 117 1437 23 27 8044 199 1702 387 1 1911 101 65 155 370 7218 1793 4818 1093 32 599 890 9447 36 1541 81 68 8270 609 211 1352 1023 3057 4869 168 74 55 103 503 7 119 70 4258 39 224 9 637 175 5851 166 0 56 62 178 3849 138 61 8 84 22 29 1756 28 15 686 7234 14 2478 303 1334 69 3110
