100
0 720 32 1137 146 36 104 96 422 756 43 8549 33 398 5046 1227 1494 4738 137 2268 1368 5469 39 8461 382 4479 2556 116 397 3022 425 2020 279 128 60 538 5905 140 1183
1 1290 164 9030 815 280 7292 1632 1468 596 684 2902 946 301 4040 1440 74 158 940 52 252 72 123 120 253 1679 180 1597 4589 2572 1388 23 28 159 88 26 110 57 30 231 63 15 35 8734 41 549 27 199 17 13 10 14 5367 869 19 21 11 65 5 404 1089 37 4 485 126 1 22 2 3 9 6 8 7 1572 3198 0
2 8734 1604 132 370 214 2145 805 325 168 221 156 3661 90 42 1799 94 264 11 356 27 390 5 4859 46 2741 1 152 92 346 2 9 33 54 4063 7 96 1352 1524 30 69 637 103 102 940 0 44 45 751 37 17 24 8 3244 252 148
3 8295 6284 6702 551 1370 3160 3478 1362 141 3659 768 293 5519 5803 225 5582 249 809 4009 2738 81 256 2992 2696 1772 4361 2191 101 7924 2840 447 1456 5329 46 56 1549 73
4 1431 1113 2195 313 2894 3404 3646 2460 8401 51 670 3860 9493 3751 433 862 891 9290 5196 641 2413 3946 4157 1956 908 1257 7313 8518 2143 2706 993 3056 3654
5 968 797 496 155 2918 2163 8 101 1274 933 128 76 245 64 1437 977 125 2785 77 40 300 98 332 240 0 73 2627 67 1153 93 195 255 31 500 621 149 1263 611 510 552 859 869 60 161 158 747 36 6698 650 316 3849 285 329 97 1958
6 197 145 72 1476 41 404 78 585 40 172 86 161 1183 2431 95 25 684 110 146 164 98 346 48 1070 175 4881 159 83 632 137 26 391 1613 100 67 75 34 348 143 65 66 132 89 399 2371 1283 2841
7 485 84 1762 461 130 933 459 1447 115 3054 73 51 79 2768 429 90 9225 999 250 195 1959 288 992 1332 3600 42 2169 48 187 40 46 78 107 611 2744 4848 659 166 331 47 131 37 229 948 30 13 316 55 725 24 145 18 12 65 4023 102 5429 17 1452 355 4371 1315
8 135 484 1287 178 54 7915 4554 290 12 58 7033 5515 56 5247 4703 3692 2608 3517 121 38 2140 4864 2158 2960 216 7269 3302 1735 411 3747 436 8819 6837 4525 51 735 261 3179 1189 2171 62 5011 187 268 9356 1581 2430 24 85 1134 75 240 18 96 1183 102 8149 3961 5311 40 415 275 309
9 554 15 737 2616 2726 6 7147 8034 727 83 163 10 47 5349 3 231 19 232 650 7401 70 73 510 115 715 2700 33 22 2735 24 60 1312 6718 119 72 199 69 432 229 58 62 899 78 44 11 1554 2955 873 56 468 184 2170 126 5200 158 138 4390 65 28 121 155 14 5 1 7 2 9 176 0 8 6729
10 708 138 78 256 915 957 47 1524 42 290 243 4609 135 19 859 4210 638 2905 21 850 23 681 624 9086 55 16 4978 3071 1707 10 123 18 513 332 20 268 193 38 1667 82 139 131 2871 371 482 30 199 372 17 22 679 13 12 37 14 3 6 4 27 468 28 15 3477 5 1 2 9 7 0 8 1737 5926 2848
11 121 236 653 316 371 139 70 117 303 61 3457 737 206 1122 41 494 356 2261 79 60 7559 650 199 442 51 585 136 73 125 1183 8 111 9 671 0 43 8992 1 1155 142 327 103 67 5 210 7 5205 762 3591 93 64 75 2 477
12 14 1502 6 9 3 27 4 1 120 554 138 5 1310 16 15 28 0 121 731 8 19 35 1077 23 21 2 62 12 18 20 155 22 135 595 26 7 624 280 58 13 32 29 82 878 10 2371 139 224 69 56 3483 632 65 38 88 4514 114 5634 7929 4500 1263 4977 126 2177 290 2757 1401 54 583 252 3379 1591 2148 176 2153 253 867 869
13 919 849 2185 1540 3659 5446 3943 4162 124 503 875 3648 109 1828 2464 1407 6558 93 6480 1445 414 358 3572 3096 1438 2049 1042 1156 240 1271 595 567 2509
14 138 6656 3046 749 186 992 1035 734 94 104 91 343 456 7 1902 7155 680 101 1807 2126 362 4 475 450 8 201 291 1104 0 825 709 245 5721 708 1097 3239 3398 948 6979 4594 185 49 231 69 5850 2205 252 9559 404 290
15 7585 3198 977 709 9365 2707 3082 545 1679 249 212 224 67 3774 7151 1401 156 6222 65 9 2 4148 6459 1270 1734 43 4288 206 53 13 23 92 120 330 19 968 87 561 979 18 147 0 8 41 9957 513 61 1597 15 3 164 1506 907 20 193 17 280 63 21 14 138 62 1766 4 131 199 6 5 5482 2818 11 126 7 468 1
16 1754 167 3500 2268 6031 848 1000 6630 5791 1100 4974 191 1136 3715 418 634 7367 6565 2767 3689 207 3950 385 242 722 2857 506 1278 5222 1477 177 1748 214 7676 6281 252
17 199 7488 3021 252 418 1330 1498 4443 3243 694 763 49 3540 1185 1743 2809 1030 8152 561 435 9351 2033 238 6 2 2232 2342 5218 3912 3306 210 396 1420 3 5278 14 7 4 9 4335 454 9470 583 5893 4167 28 1270 3977 5404 0 8015 2296 8 4343 879 6378 1554 665 731 4607 3923 6049
18 879 138 389 4102 267 204 55 161 229 7984 8703 40 1222 1546 1052 3410 647 245 3158 3983 157 3053 273 4089 546 339 910 3121 123 6756 1292 598 613 365 421 2416 615 1298 119 231 803 6058 57 742 66 836 77 524 1019 6787 189 43 162 720 1226 335 97 122 7593 7557 1604 176
19 1437 70 764 32 67 1689 88 480 2391 545 9081 1548 134 2079 120 536 300 309 1612 1900 746 1128 1529 981 861 1896 66 98 5497 149 110 1244 2872 128 2403 1587 86 980 245 2492 849 9053 122 4430 3741 985 358 4317 333 211 5108 812 3203 3498 1985 929 65 972 176
20 1290 5526 2153 176 2591 120 709 3198 148 252 4 63 3497 4171 199 27 37 3172 12 1052 57 442 16 7347 11 1638 686 184 35 8454 102 655 549 3483 907 22 3441 61 2659 2930 249 7048 20 4225 280 36 9519 4688 19 0 8 859 1771 206 595 33 7 7081 6373 49 1168 4067 1412 140 1225 1256 75 2849 41 1117 7069 6362 2150 2047 24 2 561 3052 4408 4662 5329 5514 149 3286 1768 43 9 1169
21 4247 797 410 398 878 3880 403 233 25 6115 44 1610 110 12 71 33 107 83 34 249 252 737 82 325 22 96 236 1350 38 389 23 10 1152 1089 199 35 63 494 28 5985 5554 37 5482 7 1554 3158 74 21 14 176 2 6 9 120 15 4 69 27 7242 1482 5 1 0 8 3 2264 2848
22 277 6404 280 107 389 45 240 2304 161 29 1930 10 843 1132 8955 97 44 3424 207 21 6035 342 164 731 157 184 26 155 404 41 301 198 61 299 6379 62 58 650 78 23 74 114 20 3379 3211 121 253 57 2045 356 72 27 236 303 14 355 193 16 224 19 148 11 3 15 442 6 2402 468 4 977 197 126 63 5 1173 859 2818 28 69 1 7 9 583 2 8 138 7624 9517 0 1290 1310
23 126 1 1951 5 3700 57 139 58 184 1506 152 2198 56 1429 426 2579 32 253 8 572 29 52 1981 86 95 1119 172 81 343 243 85 44 3284 2142 881 536 880 275 66 47 1351 273 361 250 3706 1972 310 3525 2692 230 345 228 462 9 3066 252
24 155 120 2956 203 1572 185 1011 305 2187 115 1184 108 3447 3455 78 873 13 871 1284 388 231 1174 175 3563 1629 612 769 5643 1793 382 271 948 56 451 303 204 1152 1584 31 91 0 80 1321 104 9335 123 679 20 2444 8139 1151 1930 17 7373 542 940 3046 404 2168 139 252 5333 7086 3483 6347 6238 3706 4 62 1412 6138 82 1334 621 554 236 19 8450 184 900 6698 148 977 138 11 9 725 1173 2 7 708 2060
25 19 20 11 17 72 1667 850 18 16 3398 3262 342 7382 1888 161 140 164 8243 45 13 2106 4397 26 1524 393 131 54 50 3196 425 1222 57 4724 1174 166 147 9677 32 103 101 1645 3747 3251 64 542 40 36 8360 3964 47 602 7354 4100 1478 62 390 1184 1048 2175
26 725 5381 4813 4704 9 6369 3317 415 406 9017 1077 5 2296 446 4497 126 2 805 526 1584 778 162 4807 9927 3194 1967 1019 183 3110 409 1 9542 66 80 91 2052 152 329 267 1420 31 0 144 890 46 624 84 8 138 1850 197 112 2889 11 948 131 485 342 1388 107 24 797 161 299 4090 187 6577 1951 17 1656 5959 554
27 27 841 855 604 9 6 2116 183 50 117 901 646 4978 2 4403 909 32 343 2296 157 47 184 739 1117 33 4962 1221 151 1522 410 267 122 524 331 45 25 7753 119 389 1412 70 44 24 0 37 679 8 299 4510 34 443 849 35 84 139 82 899 29 6668 5295 121 8761 164 2889 176 2780 1954
28 432 975 414 3428 234 478 4425 830 103 1344 206 1008 383 272 836 5483 4104 3768 8492 2576 77 198 93 196 264 764 258 64 78 2048 70 53 144 67 114 1627 1352 285 60 61 31 301 552 121 35 1506 268 653 612 253 914 44 184 148 1917
29 329 236 482 35 22 650 139 10 37 74 84 28 1697 496 393 34 270 274 881 161 89 1803 360 762 793 526 807 170 223 417 594 490 143 337 281 113 1450 1537 215 2726 3953
30 2385 625 1132 4801 256 275 610 687 150 1933 162 1026 1904 537 602 8740 4797 1596 294 4532 6450 465 3149 8480 2091 34 435 2014 756 183 49 169 5914 2733 2166 5210 2330
31 2 3 5 19 6 4 8 482 22 199 583 37 20 16 12 356 21 17 30 1065 13 0 11 1106 63 102 252 96 1734 18 58 5091 74 2504 138 10 280 135 3676 4397 7 881 1052 9 84 7454 3008 55 915 735 6141 105 125 4487 2360 408 5626 2185 1989 27 300 54 6385 8707 1320 126 14 596 776 621 1093 1793 468
32 8988 869 139 2045 27 7013 5 824 6915 999 1604 1031 162 15 900 3458 3470 4460 1780 7708 1725 91 2700 178 321 451 331 625 782 859 1783 8993 995 69 2659 619 4157 728 74 663 2526 55 3489 554 38 2819 131 3398 78 624 84 1 1597 426 339 2825 3053 56 2 120 404 25 4281 82 7 3160 5448 83 166 1315 34 9 12 61 1200 152 2076 8 184 16 2614 65 0 2841 5051 20 18 2402 4364 2486 1334 176 968 197 62 3110 3849 797 709 5921
33 2848 3097 6656 554 1917 482 5150 9933 69 1384 1954 57 3600 193 8751 16 73 176 131 63 1365 2274 432 1114 5860 84 55 2521 9896 3514 2291 4820 4953 299 5754 92 1583 659 1951 9572 54 681 995 609 316 2214 6539 3248 24 4172 598 8 42 25 8488 3053 7387 5395 3119 3639 39 2717 1376 2374 503 298 7437 83 2348 80 973 2849 87 0 107 1667 1019 8853 51 228 9 2425 180 990 61 27 377 58 126
34 6604 8 0 2153 9 7 9894 2 120 1 14 166 16 63 442 621 5 12 10 62 57 1583 18 3 17 152 178 1575 121 38 1809 19 3441 73 4895 224 52 20 391 137 1106 15 164 22 1077 305 429 138 1665 171 96 1446 8044 708 1524 40 2955 48 333 24 1324 2823 4525 3248 6656
35 69 6137 8315 454 1186 6962 388 277 4710 3011 1883 444 675 1607 3983 5552 344 1494 83 4410 1150 90 4358 8973 108 89 594 4435 350 190 9391 2239 738 3662 385 6012 7304 1151 419 2516 482
36 751 1783 301 125 119 1936 2298 434 3718 1702 712 1528 9521 733 163 967 4919 9562 2180 469 137 396 9246 1351 4984 59 3996 1151 1966 2979 1508 1404 14 3003 998 408 697 2739 2097 1481 1797 106 181 3730 2810 94 2492 410
37 4310 2248 585 609 9346 6523 176 587 5084 1027 647 2147 175 594 1343 8702 4 2 60 776 42 88 4864 268 198 146 6577 1256 23 236 211 2444 158 19 2430 566 303 332 7 2612 44 41 82 25 56 2073 114 410 26 681 8 0 54 524 2713 45 121 919 30 356 371 5 15 5862 6 126 2513 14 28 3 184 21 1 4347 1089 27 69 1482 9 968 155 3097 1737
38 1124 182 360 8516 3323 3622 4032 323 2593 7486 3034 2078 1991 1135 3359 419 6329 1314 298 3926 2805 1530 507 906 1765 698 3444 8704 853 3455 4630 252
39 1671 5381 0 355 968 9 728 4768 2 5921 1 686 5 1171 797 74 37 7 11 468 1930 17 1395 979 2383 184 102 439 8 7104 9611 176 977 2889 301 1251 2138 747 4302 138 33 34 2688 1369 166 2523 3182 42 148 79 5895 50 60 8334 118 4388 6234 393 2503 207 158 390 46 84 5546 646 896 7048 48 25 51 175 750 554 3389
40 1184 482 300 907 777 538 388 231 972 210 265 79 151 9 183 160 2 259 24 4849 308 2442 84 2423 3044 6001 5931 1153 7 1 1880 248 439 539 5326 29 5507 9203 2175 441 994 9749 3915 1332 28 4807 2444
41 2492 2214 2258 1626 910 6565 2504 157 611 3790 1287 4308 64 9678 1262 4858 7878 1497 299 1168 1321 2140 2820 1723 204 104 53 32 4728 371 9039 205 516 329 1408 3135 39 476 117 11 549 625 4364 3884 50 28 665 31 1756 97 382 197 389 35 145 37 13 27 4142 253 21 1679 268 6 2076 1173 900 4 554
42 3585 356 4288 45 2862 8364 284 211 1611 60 158 1771 7360 4568 3533 69 665 170 1789 1027 20 968 482 56 112 1369 2659 843 21 29 23 1184 131 1495 74 164 1522 332 119 6092 19 123 487 9 252 37 13 27 15 6 935 28 4 5973 224 1643 18 1656 2 236 126 0 121 11 30 5 17 7 3 138 1 2076 8 62 155 14 708 9517 1263
43 1876 1128 1988 158 77 1274 194 755 502 412 1068 257 6045 6258 234 87 475 47 1333 664 461 1161 124 181 2507 4837 8512 237 631 2480 2844 2171 9424 9271 4568 583
44 2196 4089 187 7594 5860 1651 880 789 7959 1153 2293 595 742 5936 120 498 7869 2563 339 1476 1204 1379 1401 2577 901 331 3970 750 4589 115 8739 79 587 2721 4817 716 1002 8541 152 9459 6169 3913 1878 712 1413 3065 327 1753 1033 1236 46 653 272 3246 1871 171 1077 2853 3240 378 415 2762 2079 604 1395 3604 686
45 867 3038 103 468 156 7895 1643 38 1195 442 4421 1000 252 7584 325 424 583 2136 42 171 1714 2487 41 4226 29 4266 1412 2216 132 135 18 52 25 7850 290 330 1510 131 3158 671 30 21 45 5990 1387 20 82 164 26 19 1482 332 1881 54 13 55 3 15 193 2513 655 16 120 17 12 6459 27 114 6 6698 1122 309 4 69 23 5661 1310 859 138 2818 7055 1502
46 968 155 5974 873 2088 178 9338 376 1019 74 346 2950 7 1168 7854 218 66 39 8654 1903 4 2816 205 36 84 1161 4985 4372 5 634 172 651 1 289 884 1298 983 140 25 485 9 1692 24 0 27 22 2 7408 8 1324 88 152 28 138 329 69 1502
47 155 482 236 480 192 598 3887 3139 1307 344 136 188 69 625 800 2902 778 146 228 9732 225 8933 1073 9768 84 383 1 1702 77 1434 2685 39 5910 3448 3621 614 1967 85 6684 517 5 43 27 9054 737 37 1171 7 14 1200 2 995 57 3483 9 120 28 129 2208 4336 6930 5182 3514 0 8 583 5990 3106 1495 138 2264
48 4247 176 97 274 6 114 62 2920 2249 1601 3692 134 84 147 335 7569 198 39 2905 8355 841 1593 914 4157 348 0 42 1575 26 55 545 48 1312 65 8 252 18 330 300 665 41 2 5843 8334 79 146 1344 9 103 4497 2825 1809 211 17 1510 20 16 184 30 356 11 148 13 4799 2955 751 164 583 7 19 404 138 1384 3684
49 176 583 6986 8030 2120 829 375 59 92 969 2148 82 5158 7537 94 6644 259 186 3190 1325 641 7970 6059 5221 30 1959 519 128 763 212 54 7718 4164 74 9713 199 132 1452 24 3332 566 42 1440 137 686 102 29 7709 1065 96 9957 5895 12 22 426 1122 316 899 907 1604 120 3923 4613 2371 37 8450 9 7 138 8
50 1674 8643 118 1376 444 885 8438 133 1232 734 159 3869 2453 445 2688 71 1269 3443 6762 4619 1891 2787 6755 76 216 240 19 70 926 4995 233 31 46 1921 83 2941 228 1599 485 817 301 13 3 4 6 2292
51 138 155 4946 2500 198 2613 23 187 329 72 910 146 268 41 2420 1692 1159 24 102 1745 16 1826 1989 10 12 665 58 1225 19 18 30 20 13 22 371 17 5031 6877 1387 35 78 117 45 5603 63 2148 5659 15 21 2826 6 3923 197 11 14 4 3046 3 121 977 28 27 9 5 5501 2 1 7 725 8 9365 2818 0
52 1465 2164 8955 850 2190 4277 1805 1417 1186 6376 1012 1088 6514 1096 1950 3999 244 2275 868 476 4025 861 162 5175 6180 1469 2886 593 786 239 201 384 198 1853 5555 296 4834 5299 5034 4611 212 2029 418 2512 2601 2585
53 303 176 968 898 289 1590 1207 100 0 251 1313 32 3243 803 1483 9542 1866 2218 914 71 6655 225 7791 1985 534 7986 3215 398 8 2538 151 1294 74 7291 3395 8309 4977 1721 246 583 216 7862 800 4478 510 9551 92 6051 3358 1958 1571 382 1704 118 4525 110 1894 6092 873 243 1171 138 8660 1296 38 909 927 6035 5150 869 1408 3102 7712 679 6126 1495 1434 1077
54 331 243 193 451 44 2612 82 88 52 42 115 624 15 90 1001 180 178 1489 55 81 125 636 928 96 1 288 80 72 663 1568 2316 954 51 273 69 1607 137 509 144 321 5982 4088 5020 830 628 489 2196 797 2099 4742
55 554 138 8094 189 2651 55 978 145 5603 443 7293 1089 10 43 65 681 3008 1587 650 4148 957 637 187 1434 30 115 88 410 662 348 121 1283 80 21 84 57 1151 117 176 2112 199 37 166 20 58 13 725 24 17 16 867 1270 63 15 1184 6 485 3 252 193 107 11 468 14 549 5 1495 404 28 155 4 1 19 27 3774 1737 7 900 9 126 2 0 1263 6887 8 3244 1502
56 3756 2264 5276 485 8402 36 112 880 50 8702 707 825 3057 2943 1697 1194 39 7499 1840 789 154 2810 1287 31 2451 3006 9915 4452 1600 128 3014 5566 3796 274 375 181 160 249 52 481 5472 1502 2858 1457 142 2044 1690 3631 178 1184 223 349 8114 2746 3698 3416 8
57 2000 0 402 308 1877 5724 1334 296 349 1017 101 1336 2147 116 8272 9311 4099 2759 76 132 118 8672 448 5801 1442 7546 4881 196 335 218 231 2134 4618 2348 6616 7918 2683 566 3807 54 110 375 480 708 484 114 3613 158 309 6979 26 16 20 135 410 3831 404 197 19 3975
58 850 720 899 325 6379 990 1612 342 2593 5838 4417 1284 1521 7279 666 3514 6756 1228 4133 3131 3516 8076 1768 520 4672 1149 396 289 3773 745 8430 254 550 1534 909 144 5312 513 434 468 4667 95 6 90 1132 7460 760 2300 300 4493 294 51 4596 244 4390 1813 655 4885 126
59 6335 8138 1385 646 857 535 167 746 933 1745 195 2231 1805 6134 1480 8146 702 216 2980 6246 1566 8969 1966 1277 4646 2104 34 1187 2948 434 902 3908 2043 5459 1096 2783 1100 3101 226 225 194 8601 414
60 410 123 139 1131 84 1799 18 88 235 1513 122 106 310 4413 238 2573 3839 32 5616 95 3319 3455 49 216 409 1927 219 297 130 3126 143 39 85 101 747 951 6848 113 142 1017 2526 2169 65 4373 4021 280 5661
61 63 815 2976 52 7672 444 408 5751 342 12 48 89 79 362 213 112 105 625 1137 266 1227 228 429 374 385 1546 215 154 6467 230 351 984 1754 2114 2592 7433 9294 2649 75 3624 38 795
62 7624 138 1310 69 583 28 2076 1 14 356 919 148 5 9502 6 3 45 8 1173 107 8734 236 112 15 2616 0 1610 56 6379 1122 117 155 303 1826 2521 58 3428 120 26 13 662 2 4413 7 3270 7966 495 7454 245 9 21 5887 4982 17 309 382 1881 10 2106 5876 2298 1591 2858 3363 27 5634 5395 31 2698 1012 111 982 3858 3870 672 74 1187 87 3927 9634
63 123 171 1349 7492 4801 4672 1869 1495 370 102 436 205 82 3100 3349 445 4605 1779 1554 1104 3025 506 1 8543 3423 8947 131 1123 557 660 7 227 5 5779 4880 2 1223 976 32 1303 6481 3642 4336 1054 9 5448 2683 2158 8 2359 0 155 971 255 4364 184 3248 1283 138 8402 285 2371 968 900
64 1737 9305 8 193 0 5091 1 27 69 9 1005 7 671 1283 13 166 10 28 3032 48 2 542 157 6 5 962 784 6769 18 4 126 6767 9584 2705 3 265 1384 296 40 90 7837 3211 15 81 238 32 356 1930 310 240 2238 399 465 219 969 348 5253
65 482 107 166 10 102 432 57 552 1385 97 73 5429 9572 47 59 2431 1491 58 41 429 38 1628 135 53 3582 1476 390 3689 40 3378 734 8901 300 277 56 941 2200 434 764 1623 4791 1732 2180 396 1004 1921 217 568 5720 206 2837 6756 7287 1718 626 3410
66 549 1413 524 7325 49 45 3477 36 0 1 31 2 8 393 7 457 67 5 885 5902 1128 684 2922 6131 9 1988 78 2852 976 2653 8688 7162 4482 2491 138 307 1087 5834 636 1793 171 485 1979 947 112 4040 3041 3257 7674 1564 236 63 4507 356
67 1290 27 3 3389 6 3767 1679 28 2700 152 4 65 22 1387 2148 14 35 78 1434 16 1263 10 15 1495 21 120 4023 72 12 30 18 1225 13 9886 69 1881 7537 671 42 57 2713 404 4977 157 37 3467 23 158 55 71 114 26 88 979 1521 309 519 155 574 118 8080 7687 38 62 487 511 83 160 3142 3266 2291 5313 631 8 8215 19 107 681 1365 4885 3975 138
68 554 0 7 2 11 63 1888 62 4347 1428 899 372 517 1395 5667 170 410 725 4919 1320 377 604 76 487 112 279 612 5350 255 715 2169 6163 117 509 3591 1078 647 83 324 1436 8241 426 8466 887 397 1669 8911 2152 9360 264 137 8 98 2837 134 314 2262 4724 243 313 5286 155 948
69 356 4342 410 2112 107 63 243 6452 11 3520 139 501 751 14 117 671 3204 2448 2616 83 166 3299 1522 335 84 1593 211 13 121 145 572 3853 4301 778 2359 73 3266 1294 4834 1757 216 9665 21 68 659 388 4436 53 2919 2744 1446 6543 4276 4035 2085 2100 3561 7827 824 61 7042 971 43 516 142 762 56 5876 185 249 1883 3369 1628 3499 486 1732 1408 371
70 2973 545 90 59 40 240 53 1113 79 298 666 75 577 46 48 367 248 626 840 984 1491 378 162 2090 7303 43 36 5580 147 226 384 7607 2609 9716
71 2591 1671 27 549 2513 15 1495 120 252 69 1384 355 268 4656 3684 57 442 2291 290 919 4148 38 28 8 3424 36 2700 229 112 655 728 727 6018 1 609 439 2212 2 48 30 0 1721 7 9 5 2684 962 68 968 2304 77 5447 8334 1272 523 8019 903 4221 204 859 6668 1090 3 534 4131 2477 4044 5195 546 9906 7600 4632 446 150 138 3141 709
72 2433 1384 2859 5038 2094 72 1215 1558 9359 785 1758 53 8184 9613 388 261 8629 1566 1478 3016 7797 7589 515 1190 750 2313 543 34 1360 1509 1353 168 6094 4630 15 1621 9478 2029 3231 174 4838 798 14 476 3759
73 155 1277 3357 53 515 1484 1472 98 9794 1251 3403 5627 597 46 1571 2869 8438 4524 6589 1311 4726 1558 1494 1106 6735 333 3824 2201 320 1386 250 7798 1195 1114 1232 1562 4320 228 7218 8156 1128 63 2703 703 1611 1307 596 140 574 1495 776 126 6188 149 3818 5659 2857 131 3826 2244 8528 3706 1122 1756 609 485 4 867 3774
74 4676 869 121 431 164 8427 19 43 175 1038 7518 3943 5484 501 203 5621 9246 880 35 66 148 2427 201 2296 8875 1210 109 342 446 149 132 126 443 1807 1979 145 96 8365 7774 4609 102 2735 38 316 10 243 4429 22 4597 12 23 41 3502 21 5011 65 3759 8938 6097 2274 9543 2112 468 1610 1583 199 968 5526 621
75 1671 147 155 62 23 679 50 1482 257 60 170 210 454 6165 587 484 173 212 44 392 1841 29 873 325 489 195 174 52 79 401 165 1119 977 64 849 222 9464 590 34 209 4725 409 2177 6290
76 2060 155 0 867 3992 8 900 869 2 27 9 6 7 4 28 5 1 63 14 8095 6402 3 126 121 11 148 549 19 30 166 3182 13 22 16 184 21 24 35 3279 236 23 17 4364 372 199 145 61 112 3408 10 157 5313 114 107 332 484 6288 2168 164 389 1344 37 88 371 681 152 542 957 26 495 104 659 2844 50 62 382 2291
77 896 5848 9710 1593 331 3884 60 6745 2258 501 2533 720 330 31 103 8733 2378 273 90 144 5872 123 513 25 2942 4959 1638 3603 1251 1258 1352 235 183 7342 6961 2265 52 82 3293 1300 4098 75 1577 254 533 651 8332 7792 403 68 92 3981 1122
78 138 11 1597 2282 70 0 7658 4994 53 443 119 87 3839 117 4864 9832 122 2112 8116 211 4350 2 5336 2162 183 8802 1591 261 909 2523 7 680 6644 5558 1801 7307 59 4130 2981 9888 245 5616 587 186 243 6744 845 292 19 1913 1686 352 105 318 654 9946 3676 355 236 482
79 0 2 27 11 63 19 4 72 57 13 16 20 58 164 17 62 107 140 131 782 87 119 98 97 476 156 2983 55 52 238 224 538 26 157 256 5069 81 159 4281 66 51 300 484 500 80 146 76 227 2533 8271
80 28 1572 14 1 2060 5 3 2614 224 197 15 686 10 426 6337 69 37 22 23 3923 1256 57 8454 6057 309 2198 95 3708 5209 137 422 968 1065 112 971 81 990 3166 919 496 9947 8 782 1862 726 1911 5124 1012 641 4241 2063 88 287 3281 1454 1386 147 227 181 8040 3089 4942 0 2812 280 27 176 138 2780
81 133 497 7081 209 9039 131 113 345 3441 76 803 451 196 167 65 59 861 85 1564 147 363 1017 282 3631 120 173 1750 155 8094 33 273 829 146 32 68 25 662 727 329 51 95 126 166 7234 211 161 138 57 554 355
82 138 263 389 3205 155 8342 1983 231 1303 360 1218 578 158 99 2739 341 136 516 536 6029 5882 4018 1665 1628 1274 5472 309 8643 3097 3493 7975 496 163 3471 235 2047 80 7253 1606 1300 247 271 1937 125 432 60 2717 3142 484 2967 110 339 61 841 999 70 1734 2282 725 7677 3457 494 6656 1671
83 4273 2073 871 323 6913 8465 9710 3406 1843 669 1065 779 3175 3692 970 5 589 3348 659 319 3769 3033 968 2791 7275 387 365 3293 179 900 6005 86 6147 2132 3420 1 105 227 2654 9 7315 235 106 155 49 1482 2 371 4178 7 8 859 0 229 372 2780 126 3244
84 621 6049 176 65 229 74 5276 145 102 58 9047 11 117 32 4291 3222 3412 34 395 4266 2701 487 29 86 5725 914 2126 51 50 940 53 1506 36 653 140 204 1745 1236 3008 390 7908 125 455 33 35 64 289 168 61 4432 72 24 321 49 55 1826 339 1131 599 5031 1275 515 138
85 355 1756 253 35 187 120 166 524 31 552 2562 6234 1388 4962 6304 1106 5605 636 3024 1757 7876 1398 37 782 20 5641 299 3569 249 1137 1344 516 193 2652 74 615 2730 574 836 938 403 110 762 1506 970 2397 201 422 1393 417 4606 3224 2432 183 18 2052 1292 1001 544 5225 2065 9030 10 442 2651
86 8 1 5 28 3 485 14 9 15 152 6 35 44 37 38 23 30 18 126 10 21 229 96 135 102 74 22 12 277 968 1734 7584 5773 1468 267 90 1591 285 9514 41 961 60 50 599 145 178 879 6087 1601 2019 1896 372 34 8978 47 100 71 6402
87 138 909 1583 236 45 1073 2334 501 70 632 949 6045 377 2978 281 5136 1702 1558 2509 1884 251 119 717 882 442 552 1847 2288 1041 615 3069 4048 5561 6134 288 475 134 2428 364 99 115 327 177 742 598 186 935 3652 2849 454 3045 1412 583
88 8 1263 869 0 7117 1583 9 7 155 2 4841 120 19 4500 914 4 5546 27 309 655 7727 957 11 54 5668 9593 72 5778 2316 410 510 1571 1027 35 7777 16 6831 928 83 1223 157 1627 2552 3879 290 2212 660 22 1958 238 480 7734 7481 549 2372 278 1275 196 124 9208 88 2475 3704 3561 9358 1080 3400 5296 2143 361 1161 3345 1736 4219
89 7 199 5350 268 121 206 348 726 545 36 3137 1757 4618 110 48 112 53 155 1954 636 596 424 161 24 139 625 3526 79 4537 25 1134 240 594 39 233 436 841 4962 245 2377 8790 218 40 2120 914 943 532 4122 210 3024 7548 1172 9657 1008 272 2941 189 1340 330 61 1020
90 1 28 5 4171 1384 554 14 3 6 2899 15 21 23 3457 9054 139 10 158 229 4551 38 135 25 679 45 330 3977 638 4829 646 110 4329 372 896 1189 424 6160 1110 3299 118 218 210 1052 1260 92 1016 2322 1704 449 201 198 331 425 111 751 8381 1808 68 76 7707 716 4266
91 126 120 63 473 692 338 998 670 113 7913 6795 4081 654 869 1746 5664 3229 414 680 962 395 421 5275 339 374 2033 1091 7607 7167 7 97 14 4962 644 4289 4581 3003 1227 4370 647 0 9127 825 5850 2020 455 2972 2238 211 1691 4171 2685 501 138 1437 663 114 2492 5659 948 176 3244
92 290 583 169 1541 459 194 2298 92 2385 216 179 815 130 8948 80 108 304 235 7977 142 2572 6166 7373 71 611 789 907 1673 144 122 206 3299 49 299 8801 1862 42 715 7776 106 2067 659 31 595 97 253 1434 24 1799 14 107 9138 316 1714 121 176 1958 1334 3097
93 50 750 2285 915 422 2205 597 160 122 866 201 207 1948 164 6137 3586 5041 85 4070 1098 128 185 555 616 108 327 276 150 1103 353 244 9040 1010 60 3532
94 1790 860 645 4299 4850 4657 180 686 544 151 79 232 123 1360 725 1150 2601 757 2329 225 812 2882 218 170 946 4857 374 1223 5909 572 5447 2965 402 4625 697 7971 557 7590 1001 6785 857 632
95 3199 5442 140 742 5390 2670 3995 8243 929 1863 2138 5516 200 2820 119 2668 6951 395 267 652 7173 813 1112 594 111 240 258 488 3227 2437 277 2436 1582 6205 4238 626 6270 5774 1635 713 660 2852 1204 5101
96 155 109 106 619 1575 1862 154 1429 365 127 163 310 391 3182 189 504 219 1361 83 1001 271 108 1339 824 455 72 40 32 123 45 542 33 249 2088 31 29 145 715 56 2240 301 12 184 58 2003
97 178 335 102 140 187 168 6082 46 249 375 197 1868 1881 624 36 114 3441 132 329 18 2653 86 131 285 12 395 815 148 103 6379 1200 22 4266 9630 72 16 23 1434 62 426 63 126 13 17 20 1395 9691 27 11 78 6 4301 21 15 65 19 28 14 4 3 120 5 4142 9 5276 2 69 7 1 6102 138 8 0 5381
98 3097 8 0 2 9 27 1 14 11 6 5 69 19 139 7 3 120 4 121 2148 410 236 62 72 15 229 28 63 16 20 5394 915 18 55 797 21 44 2039 927 58 2478 7347 17 10 41 26 7753 13 6201 1736 5350 7173 40 23 253 52 82 12 157 198 38 285 224 249 65
99 3110 69 1334 15 303 139 2478 1 7234 686 62 708 1954 253 28 25 1756 61 45 36 82 8 138 3849 29 56 166 1070 0 609 5851 103 175 637 70 9 224 249 33 26 4258 7 32 503 117 39 168 4869 3057 1023 1352 211 8270 68 81 1541 9447 4818 7218 65 370 119 155 1911 14 27 1702 199 8044 23 867
