1000 100 8400 50 2000
1000 999 998 999 998 999 998 999 994 997 1000 999 995 991 989 992 986 984 993 986 981 999 978 988 997 986 998 989 998 997 1000 978 995 982 980 967 1000 969 982 969 998 976 961 981 969 963 979 954 971 978 996 955 991 954 992 979 957 959 977 990 979 942 939 998 941 988 937 986 994 948 973 962 989 940 973 939 995 1000 983 960 999 1000 970 940 941 974 954 941 926 955 974 997 978 915 993 905 911 990 964 911 980 906 932 931 928 899 999 995 932 918 896 961 959 898 919 917 931 905 943 968 916 977 921 980 961 965 908 937 972 871 874 971 894 881 955 906 987 925 957 912 955 990 1000 885 891 867 924 938 879 916 894 910 981 874 873 952 887 926 871 915 967 930 966 957 862 955 949 835 934 985 966 890 992 877 997 976 882 940 981 916 999 931 879 868 827 853 943 943 924 911 922 992 888 993 918 806 933 856 888 929 946 924 927 849 967 954 991 952 859 973 992 972 910 931 823 808 852 898 879 978 993 917 921 873 976 898 960 842 979 863 772 916 954 930 912 854 958 909 909 856 958 810 990 917 923 882 792 834 855 879 760 968 932 963 923 895 842 994 885 852 799 740 991 876 772 894 742 965 830 877 937 859 879 780 845 885 839 797 834 824 973 945 829 815 868 908 876 920 880 871 777 997 984 841 900 832 736 878 723 938 857 736 927 747 959 977 720 918 968 976 786 972 991 833 689 719 875 731 698 852 899 836 723 682 774 907 710 952 973 851 764 767 855 782 856 917 824 918 984 788 677 939 880 710 713 977 827 932 765 938 991 799 774 801 918 748 942 888 817 679 809 885 663 991 941 647 949 945 667 803 649 949 891 768 996 767 715 976 943 908 834 960 668 769 801 677 803 737 761 924 667 950 912 786 775 930 874 656 702 864 652 658 705 601 698 790 855 957 963 940 636 943 898 894 729 853 953 706 687 738 726 723 697 895 850 666 631 918 800 687 887 847 694 959 961 693 621 684 562 799 849 654 683 674 603 643 790 925 936 822 738 740 994 615 823 893 790 993 617 694 683 973 623 721 820 996 753 601 578 624 767 974 980 730 925 742 997 954 862 559 619 807 771 738 872 537 763 522 757 835 609 798 687 729 899 754 650 944 597 757 824 991 501 512 775 830 740 750 988 966 873 648 962 866 912 752 900 650 524 765 876 490 779 729 974 509 563 890 586 666 970 961 542 879 841 884 740 856 918 652 558 554 647 493 824 979 732 669 724 512 791 845 466 623 841 889 676 518 706 895 823 944 804 580 504 533 829 457 900 914 994 579 571 995 464 533 465 608 819 643 552 581 632 651 424 488 905 665 641 929 583 576 577 799 599 921 432 567 823 739 895 763 739 896 906 721 610 693 523 460 641 803 832 568 552 475 914 421 507 831 552 598 435 852 831 735 374 759 719 560 874 559 875 735 774 481 497 420 917 533 508 438 570 559 584 581 885 793 753 397 582 653 873 489 760 857 716 908 600 996 810 350 667 694 743 707 341 454 679 420 977 644 505 866 366 826 468 523 782 878 866 571 707 910 571 764 323 554 562 315 428 682 372 452 529 543 480 584 364 517 988 759 907 401 394 805 678 697 809 766 998 933 724 309 850 961 997 740 364 425 364 356 734 277 326 959 990 718 720 758 303 616 362 338 816 418 513 936 699 378 565 526 311 492 644 988 654 876 554 457 478 826 322 681 348 666 947 980 547 338 574 673 684 544 484 400 714 567 773 989 335 791 308 359 363 408 624 552 729 289 765 992 270 666 420 340 960 255 963 321 970 871 390 301 579 724 563 898 482 395 394 865 290 868 256 828 244 595 980 195 655 792 869 720 590 697 828 415 705 526 225 724 255 906 988 247 967 421 218 291 383 407 223 516 272 995 211 735 498 186 963 415 165 781 408 846 872 455 790 206 875 674 621 174 223 360 529 507 807 666 838 450 144 139 758 884 496 883 639 404 635 934 866 141 317 755 608 150 835 159 392 349 203 590 241 926 650 257 636 322 134 688 501 173 338 213 249 213 329 211 569 132 720 872 464 842 688 646 516 703 607 780 369 406 823 527 398 959 822 457 368 515 739 353 785 656 576 696 587 420 912 514 897 416 672 728 886 199 820 959 302 601 97 285 603 974 276 58 373 518 781 123 51 893 691 162 924 648 545 987 613 479 231 883 750 426 59 467 204 330 674 354 437 144 861 811 747 247 553 133 159 577 18 106 669 334 563 817 905 149 520 876 852 265 678 906 693 12 262 919
2000 34
1 326
2 498
3 273
4 245
5 332
8 402
9 32
11 229
12 164
14 319
15 237
16 67
18 56
19 30
20 307
22 141
23 200
24 434
25 443
26 133
28 250
30 66
31 370
32 38
33 119
34 378
35 435
37 490
40 354
41 85
43 441
44 121
45 276
47 5
2000 37
0 205
1 468
2 232
4 358
6 133
8 245
9 165
10 265
11 243
12 203
13 87
14 241
15 50
16 24
17 240
18 95
19 482
21 182
22 8
23 118
25 135
26 136
29 297
31 266
32 94
34 264
35 108
36 145
37 353
40 188
41 422
42 351
44 132
45 353
46 353
47 390
49 353
2000 29
0 32
1 311
3 20
4 173
5 407
7 172
8 166
9 103
10 454
13 154
15 152
16 40
18 359
21 107
22 446
24 462
25 232
32 253
35 401
36 347
37 85
40 340
41 290
42 160
43 434
44 420
45 7
46 32
48 235
2000 30
3 107
4 319
5 415
8 482
10 338
11 471
12 8
13 353
14 404
15 116
16 79
20 18
21 261
23 459
24 29
25 119
26 161
27 41
29 308
30 175
31 311
32 183
33 124
36 241
39 489
40 424
41 280
42 360
43 188
46 441
2000 33
0 382
2 137
3 457
5 207
6 496
8 400
9 31
11 304
13 282
16 223
17 424
18 61
19 271
20 495
21 306
23 321
25 123
26 138
27 323
29 422
31 26
32 324
33 216
34 352
35 37
36 454
37 330
38 339
40 455
42 375
43 68
44 326
48 147
2000 38
0 24
1 51
2 369
3 307
5 23
6 489
8 149
9 248
10 310
11 440
12 11
14 297
16 314
17 125
18 323
19 52
20 279
23 13
24 425
25 196
26 452
27 9
28 296
29 259
30 137
31 60
33 312
34 65
36 339
37 370
39 96
42 209
43 37
44 171
45 114
47 73
48 8
49 306
2000 36
1 46
2 332
4 424
5 152
6 158
8 76
9 272
11 451
14 103
15 471
16 312
17 8
18 58
19 207
20 164
21 377
22 375
23 217
24 83
25 189
26 238
27 250
28 188
29 6
31 307
33 300
35 235
36 364
38 409
40 180
41 418
43 265
44 70
47 492
48 448
49 209
2000 27
0 472
1 213
2 66
4 58
6 335
7 393
8 335
14 91
19 146
21 469
25 179
26 137
29 427
30 60
32 68
34 5
35 175
36 158
37 439
38 295
39 409
41 34
42 41
44 149
45 400
47 439
49 95
2000 31
1 268
2 365
4 175
5 482
7 309
8 288
9 163
10 136
11 178
12 68
13 78
17 170
20 134
21 487
22 300
24 82
25 173
26 208
27 263
28 424
31 280
32 218
34 104
35 205
37 280
38 46
39 73
41 332
44 8
46 358
49 36
2000 30
0 49
2 156
3 117
6 396
7 28
9 5
10 414
16 361
17 450
18 15
19 419
21 187
23 218
24 330
25 136
26 242
27 48
28 218
29 446
30 86
32 117
33 306
34 43
36 65
37 80
39 471
42 190
45 154
46 33
47 272
2000 29
0 157
4 149
5 191
6 351
7 129
9 123
10 304
13 17
14 64
15 464
16 439
17 99
18 55
19 151
22 338
23 38
24 153
25 178
27 339
29 311
30 142
31 119
32 405
33 451
40 275
41 134
44 217
45 436
49 296
2000 32
0 235
2 303
3 30
5 233
6 65
7 193
8 245
12 164
14 437
15 489
16 185
17 98
18 232
20 471
21 130
23 118
24 159
25 218
27 349
28 401
30 46
31 367
33 395
34 465
35 357
36 148
39 186
40 164
44 61
45 65
47 266
49 471
2000 33
0 226
4 134
5 465
7 319
9 80
10 471
14 265
15 497
17 486
18 35
19 321
20 256
22 31
23 472
24 423
26 330
27 405
30 387
31 141
33 310
34 136
35 407
36 328
37 375
38 97
40 196
41 63
43 159
45 9
46 412
47 51
48 47
49 50
2000 27
0 272
4 445
5 485
7 64
8 442
11 169
12 148
14 50
16 375
17 298
20 461
21 150
22 244
23 20
25 405
27 340
28 374
29 165
31 382
33 185
34 467
36 442
40 332
43 322
44 146
47 195
49 19
2000 30
4 96
6 113
7 432
8 497
10 127
11 313
14 51
16 23
17 198
19 185
22 33
23 497
24 268
27 3
28 233
31 286
32 285
33 4
34 447
37 63
38 230
40 61
41 67
42 140
43 144
44 76
45 195
47 349
48 491
49 413
2000 28
0 83
1 127
3 444
4 326
6 256
7 428
8 329
9 71
10 8
11 58
12 492
14 159
16 423
20 469
21 471
25 371
30 18
31 161
32 258
36 317
37 309
38 144
39 420
41 433
43 14
44 338
46 211
48 407
2000 31
0 83
3 302
4 226
5 393
6 18
7 273
8 289
10 462
15 103
16 457
17 183
19 233
21 426
23 197
24 137
26 381
29 253
30 224
32 38
33 220
35 233
36 251
37 72
38 175
40 380
41 474
42 433
44 332
46 290
47 96
49 182
2000 30
0 103
4 392
5 487
6 75
7 102
9 357
12 231
13 283
14 152
15 316
16 218
18 28
20 415
21 91
24 394
26 100
30 237
32 150
33 33
35 464
36 210
37 205
38 181
39 59
40 402
42 252
44 372
47 136
48 403
49 33
2000 33
2 26
3 242
5 119
7 122
10 59
14 424
15 473
16 17
19 43
20 102
23 334
24 376
25 275
26 142
27 308
29 412
30 168
31 346
32 40
33 160
34 133
35 40
36 157
37 171
40 493
42 232
43 213
44 290
45 255
46 405
47 282
48 247
49 257
2000 31
0 446
2 278
3 470
4 197
5 330
6 256
8 376
11 486
13 67
15 436
17 49
18 498
19 105
21 219
25 223
26 449
27 403
28 85
30 26
31 34
32 213
34 364
36 404
39 216
40 431
42 460
43 283
44 7
45 97
47 485
49 403
2000 31
0 194
1 54
2 246
3 337
6 174
7 299
9 262
11 263
12 448
13 19
15 308
16 484
17 165
18 79
20 63
21 441
24 145
25 158
31 126
32 203
34 3
35 154
36 446
38 271
39 225
41 195
43 92
44 384
45 213
46 455
48 475
2000 29
1 120
2 482
3 245
4 360
5 220
7 465
9 190
10 96
13 70
15 98
16 159
17 256
19 488
23 41
24 272
26 411
27 43
28 287
30 169
31 485
33 237
35 405
38 326
41 381
42 367
43 274
46 67
47 398
48 326
2000 27
0 34
4 320
12 91
13 291
14 359
15 143
16 493
18 36
19 365
20 485
21 383
26 76
27 450
28 68
33 35
35 482
36 286
37 56
38 186
39 86
40 384
41 75
43 134
44 381
45 231
46 456
49 378
2000 26
1 487
3 223
4 479
5 264
6 309
7 209
9 491
14 439
16 384
17 92
18 323
19 84
20 156
22 271
24 165
25 131
28 47
29 7
31 56
34 3
35 409
36 305
37 326
42 391
43 143
48 379
2000 38
0 7
2 60
4 358
5 12
7 265
8 226
10 65
11 400
12 101
13 432
14 46
15 83
16 360
17 496
19 482
20 41
21 42
22 23
23 462
24 275
25 481
26 376
27 202
28 265
29 14
30 339
32 424
33 126
34 391
35 358
37 173
38 375
42 379
43 35
45 140
46 102
47 161
49 305
2000 29
1 322
6 469
7 425
8 288
9 257
10 455
11 249
12 306
13 84
14 62
16 271
17 151
21 52
23 297
24 393
28 140
30 188
32 94
33 453
35 394
37 363
38 41
39 101
40 477
43 2
44 449
46 38
47 328
49 199
2000 26
2 330
3 136
7 144
8 297
9 477
11 88
13 79
14 31
15 460
16 268
17 116
23 474
26 72
28 41
29 115
30 34
31 14
36 172
38 74
40 466
41 396
42 445
43 144
44 70
45 139
48 322
2000 28
0 454
1 218
2 137
3 165
4 272
5 27
8 54
9 450
10 264
12 294
13 383
16 78
17 150
18 186
19 366
23 378
28 201
32 261
33 256
35 331
37 411
38 302
39 25
41 375
45 467
46 60
47 123
48 309
2000 30
1 29
2 452
5 192
6 170
7 56
8 40
10 459
12 284
18 434
21 496
22 417
23 157
25 311
26 235
27 474
28 132
29 312
30 257
33 364
35 266
36 117
37 20
38 367
39 112
41 449
42 144
44 365
45 416
47 233
48 11
2000 32
0 247
1 337
2 157
3 440
4 398
5 270
6 179
9 32
10 45
12 279
13 365
15 414
16 344
17 327
18 304
19 313
20 59
21 47
22 136
23 171
25 329
28 426
29 8
31 277
32 207
34 277
37 35
39 412
40 191
42 338
47 309
49 416
2000 31
0 169
1 126
3 103
4 177
6 449
7 292
8 159
9 213
10 117
11 31
12 301
13 337
14 115
15 232
18 3
21 461
22 294
23 447
27 74
29 22
30 94
32 380
34 382
37 306
39 109
40 496
42 497
43 442
44 465
46 285
49 329
2000 34
3 9
4 362
6 50
7 21
10 357
12 115
13 297
15 176
16 140
17 69
18 372
19 442
20 353
21 131
25 344
26 400
27 425
28 24
29 121
30 129
31 53
32 354
33 195
35 494
36 323
38 112
39 80
42 496
43 370
45 219
46 306
47 376
48 142
49 418
2000 31
1 199
2 141
3 307
7 234
8 164
9 85
10 207
12 16
14 223
15 445
16 450
18 381
24 1
25 489
26 393
27 359
28 472
30 325
31 165
32 141
34 471
35 83
36 19
38 431
40 112
41 291
42 118
43 486
45 305
48 382
49 306
2000 30
0 160
2 434
5 416
7 247
8 157
9 441
10 252
13 140
14 20
16 79
17 462
18 489
19 399
20 137
21 489
22 400
24 451
25 405
28 280
30 221
31 478
33 111
34 472
35 223
36 255
37 320
38 48
40 496
41 161
44 68
2000 34
0 252
2 219
3 9
5 75
6 476
8 282
9 497
10 36
11 205
13 306
14 210
15 20
16 175
18 50
20 286
21 61
22 35
23 348
25 415
26 137
27 272
28 147
31 276
32 248
35 100
36 313
38 261
39 207
40 498
41 371
43 198
44 356
47 12
48 153
2000 32
0 372
1 358
2 482
3 374
4 388
6 375
8 435
9 443
12 264
13 399
14 181
15 285
18 127
19 10
20 157
21 255
23 208
25 41
26 262
27 346
28 424
29 84
30 352
31 156
32 3
33 325
34 450
35 386
36 258
40 340
41 64
46 252
2000 25
2 414
4 273
8 82
14 148
16 77
18 124
19 362
20 371
21 185
26 69
27 261
29 431
31 230
32 214
34 46
35 100
37 368
38 452
39 209
42 52
43 239
46 469
47 69
48 431
49 228
2000 33
1 423
2 101
3 495
4 495
8 472
9 194
11 120
13 7
16 195
18 222
19 426
20 173
21 430
22 86
24 189
26 396
27 228
28 86
29 86
30 251
31 35
32 287
33 457
35 340
36 6
38 420
40 343
41 130
42 295
44 140
46 250
47 151
49 354
2000 32
1 60
2 367
4 89
5 47
7 250
10 162
11 69
12 6
13 101
14 193
15 231
16 42
18 211
19 17
21 292
22 369
25 336
28 475
29 248
30 136
31 10
33 260
35 270
36 271
37 44
40 129
41 18
42 338
44 371
45 21
46 296
48 368
2000 30
0 48
1 490
2 9
3 463
6 182
7 152
8 429
10 391
14 416
15 88
17 47
19 139
20 431
21 1
22 283
23 48
25 485
27 254
29 173
31 34
35 271
37 274
38 197
39 491
40 404
42 212
44 488
46 367
47 357
49 21
2000 29
0 326
2 299
5 469
6 409
7 10
8 290
9 140
10 222
11 355
12 455
14 238
15 489
17 470
19 104
21 409
22 300
24 207
25 49
26 139
27 250
33 304
38 76
40 416
41 476
42 129
43 335
45 76
47 367
49 30
2000 29
1 350
3 453
4 139
6 415
7 411
9 136
12 270
14 32
16 199
17 430
18 443
20 495
21 181
22 168
23 25
28 59
30 145
31 254
32 122
34 429
36 389
37 483
38 166
39 263
40 152
41 282
45 152
46 371
47 179
2000 38
0 382
1 422
2 95
4 164
6 270
7 7
8 258
9 197
10 4
11 11
12 242
14 398
16 31
18 174
19 292
20 64
22 215
23 186
24 354
25 132
26 11
27 200
28 347
29 483
31 423
33 462
34 10
35 393
37 24
38 417
39 449
40 190
42 231
43 160
45 92
47 373
48 415
49 443
2000 29
0 35
5 316
6 198
9 90
10 33
14 88
15 408
17 445
18 92
19 208
23 23
24 296
25 133
26 195
27 235
28 410
30 4
32 91
33 286
34 196
35 321
36 156
38 251
39 416
40 64
41 356
42 6
47 463
48 99
2000 31
0 138
1 140
2 161
4 135
5 410
7 244
8 83
9 107
10 246
13 312
14 163
15 15
16 420
22 86
23 381
27 148
28 254
29 126
30 46
32 192
34 262
35 238
36 220
37 76
38 79
39 121
40 463
41 444
44 386
46 429
48 174
2000 33
1 3
2 14
4 2
5 322
6 323
7 433
8 417
9 283
10 175
12 400
14 382
16 411
18 211
19 407
21 157
22 23
23 390
24 285
25 240
27 496
28 38
29 70
30 318
31 458
33 200
39 75
41 212
42 86
44 15
45 86
47 146
48 293
49 370
2000 37
0 459
3 498
4 1
5 423
6 350
7 315
9 168
10 356
11 71
12 239
13 293
14 176
15 29
18 103
19 434
20 342
21 340
22 5
23 347
24 497
26 189
27 220
29 201
30 195
31 186
32 22
35 2
37 358
38 53
40 174
41 372
42 207
44 466
45 109
46 330
48 117
49 402
2000 32
1 425
4 217
6 487
7 324
8 227
10 153
11 155
12 464
14 259
15 324
16 471
18 309
19 406
20 111
21 113
23 360
24 174
25 5
26 214
27 148
28 490
29 472
32 446
33 276
35 427
36 78
37 181
38 322
41 55
42 84
47 193
49 188
2000 27
0 384
3 351
5 275
6 371
12 55
14 158
15 111
16 201
17 206
18 439
21 277
23 129
27 51
29 233
32 192
33 129
35 69
36 495
37 118
38 476
39 62
41 144
44 492
45 188
46 36
48 218
49 435
2000 31
0 155
1 406
3 183
4 55
7 269
8 332
9 201
11 336
12 364
13 108
15 479
18 63
20 461
21 401
22 167
24 138
26 414
29 291
31 36
33 325
34 63
36 39
37 387
38 209
40 3
41 446
42 481
45 73
46 126
47 449
49 427
2000 31
0 306
1 357
2 314
3 336
4 41
5 360
9 330
10 322
11 497
12 409
13 328
14 192
18 396
19 2
20 177
23 356
24 132
25 320
28 301
29 88
33 128
36 142
37 54
38 291
39 270
40 51
41 180
42 77
43 91
46 100
49 291
2000 30
0 462
3 78
4 202
5 171
7 410
8 67
12 240
13 221
15 274
19 243
20 215
21 401
23 207
24 74
25 233
29 4
30 383
31 450
32 361
33 319
35 125
36 263
37 353
40 403
41 369
42 96
43 365
44 443
46 129
49 319
2000 33
0 415
1 426
2 239
4 387
5 283
6 61
7 99
8 282
9 494
10 262
12 265
13 334
17 283
18 151
19 325
20 169
21 50
22 340
27 138
28 438
29 188
31 280
34 405
35 445
36 415
37 285
39 60
40 69
41 358
42 262
44 221
46 345
48 277
2000 29
1 347
2 306
3 398
4 204
5 443
6 77
7 44
11 68
12 479
13 39
14 267
15 260
16 238
18 441
19 247
20 431
21 167
22 73
28 239
30 363
31 312
32 489
34 228
35 114
36 44
37 223
39 102
43 236
48 2
2000 34
0 19
2 163
3 162
4 189
5 317
6 35
7 82
10 69
11 439
12 70
13 108
16 149
17 226
19 75
21 225
24 153
25 47
27 334
28 71
29 165
30 141
31 313
33 70
34 401
35 143
36 414
39 30
40 356
41 215
42 471
43 95
44 452
45 2
46 180
2000 33
0 141
1 274
3 267
4 284
6 291
7 498
10 224
11 459
12 216
13 116
14 243
16 317
18 211
19 232
20 137
24 372
25 443
27 183
30 50
32 27
33 144
34 170
35 69
36 391
37 70
38 337
39 335
40 71
41 189
43 185
45 138
46 301
49 211
2000 25
2 226
7 366
8 251
12 402
13 207
14 433
15 33
16 201
17 143
18 453
22 260
26 25
27 454
29 127
33 119
35 104
36 191
37 406
39 479
41 376
42 424
43 59
45 198
46 267
47 316
2000 32
0 427
3 271
4 455
7 46
8 145
10 305
12 362
15 151
16 120
17 350
18 183
19 482
20 56
21 323
23 268
24 401
25 244
27 342
29 208
30 243
31 288
33 396
35 234
37 155
38 59
40 24
42 118
43 441
45 145
46 250
47 103
49 139
2000 32
0 405
2 413
4 245
8 449
10 397
11 61
13 439
15 473
16 199
18 152
19 124
20 308
22 488
23 96
25 98
26 163
27 54
29 39
31 129
32 86
33 356
34 356
35 167
36 487
37 471
38 30
39 226
40 128
41 494
47 89
48 229
49 41
2000 28
0 4
1 424
6 266
7 50
8 239
9 375
12 372
13 198
14 71
16 96
18 323
19 126
22 322
23 224
25 191
26 173
29 168
30 136
34 81
35 385
36 128
37 115
39 89
41 422
42 482
43 189
44 28
48 413
2000 34
1 276
2 246
3 255
5 361
7 276
8 43
9 487
10 243
11 178
13 101
14 184
15 52
16 372
21 82
24 343
25 129
26 442
28 107
29 335
30 408
33 138
34 354
37 261
38 130
39 492
40 250
41 23
42 74
43 480
44 377
45 247
46 120
47 75
49 454
2000 31
0 190
1 335
4 248
6 312
7 404
8 296
10 250
11 109
12 253
13 211
15 5
16 152
18 368
20 85
21 229
23 71
26 379
29 240
30 368
32 301
33 321
34 269
39 321
40 63
42 185
43 370
45 98
46 245
47 453
48 29
49 360
2000 28
0 314
1 9
3 376
5 231
8 101
9 444
12 429
14 253
17 120
20 14
21 339
22 157
25 84
26 286
29 130
30 280
32 365
34 26
36 485
37 306
39 21
40 457
41 15
43 448
44 208
45 240
46 274
47 226
2000 28
0 35
1 21
5 12
7 359
9 469
10 468
11 29
12 170
17 7
20 28
21 418
22 399
24 352
25 136
28 386
30 9
31 165
32 126
33 180
34 339
35 225
36 460
37 245
38 85
39 231
40 461
44 170
48 454
2000 33
0 83
2 251
3 240
4 443
6 460
8 184
9 204
10 296
11 21
12 457
14 162
19 57
21 68
22 262
25 419
26 138
27 21
28 307
29 269
31 382
33 272
35 121
38 252
39 412
40 261
41 301
43 144
44 202
45 24
46 76
47 493
48 202
49 365
2000 29
0 156
1 106
2 391
5 284
6 157
9 185
11 447
12 86
13 320
14 43
15 125
17 446
18 270
21 459
23 481
27 278
28 39
29 22
30 25
31 432
33 382
34 434
36 68
40 157
41 71
44 347
45 69
47 380
48 174
2000 32
0 40
1 126
2 183
4 47
5 40
6 398
7 73
8 112
9 117
12 238
13 362
15 489
16 130
17 184
20 432
23 24
24 37
25 309
26 226
29 127
30 202
31 6
35 308
36 263
38 420
39 396
40 377
41 280
43 248
45 190
47 319
49 199
2000 30
0 385
2 355
3 43
5 481
6 452
8 62
9 32
10 313
11 484
12 79
14 395
17 293
19 346
20 211
22 31
27 373
28 213
29 258
31 435
33 333
34 182
37 80
38 349
40 476
41 492
43 226
46 350
47 355
48 177
49 105
2000 30
2 171
3 101
4 359
6 482
7 288
8 80
10 2
12 330
15 229
16 182
17 167
18 381
20 184
21 376
22 244
23 84
27 290
28 161
29 50
30 373
33 351
34 237
35 363
37 146
40 462
42 156
43 237
44 121
46 142
49 96
2000 33
0 54
1 86
3 488
4 225
5 178
8 439
10 166
11 398
13 24
14 383
17 418
20 63
21 15
22 183
23 169
24 9
26 382
27 201
28 361
30 159
31 488
32 106
34 99
35 307
36 247
37 333
40 165
41 46
42 124
43 273
44 329
45 39
48 194
2000 35
0 462
1 237
2 299
3 491
5 494
7 284
9 409
10 114
11 364
14 89
16 66
17 332
18 408
19 356
21 45
22 145
24 451
25 187
26 229
29 107
33 448
34 102
35 65
36 401
38 476
39 388
40 301
41 304
42 227
43 434
44 363
45 113
47 429
48 34
49 461
2000 30
1 119
2 186
5 347
6 212
7 456
8 29
9 322
10 170
11 57
12 157
13 116
14 242
15 441
18 246
19 383
21 146
23 346
25 223
26 152
28 254
29 475
31 352
33 461
38 86
40 426
41 97
42 116
44 351
47 410
49 1
2000 35
2 269
4 40
5 126
6 174
7 236
8 313
10 285
11 113
15 94
16 198
19 298
20 252
21 415
22 48
23 437
26 49
27 440
28 108
29 409
30 403
31 11
32 90
33 281
34 232
35 258
38 444
39 484
40 464
41 410
42 364
43 373
44 493
47 36
48 342
49 14
2000 27
2 152
4 362
6 344
7 395
8 440
12 100
14 476
16 44
19 228
20 19
21 12
22 168
25 64
27 46
30 3
31 26
32 213
37 300
38 256
40 455
41 92
44 488
45 195
46 457
47 437
48 48
49 445
2000 36
0 332
1 234
2 120
3 411
4 447
5 247
6 225
7 170
8 226
9 456
11 331
12 233
13 386
15 482
16 332
18 397
19 192
20 114
21 380
22 448
23 443
24 161
25 195
27 465
29 77
30 58
31 95
32 498
35 33
36 103
37 141
40 245
41 271
44 182
47 486
49 263
2000 31
0 255
1 297
4 303
5 360
6 121
8 48
9 104
11 3
14 325
17 228
19 180
21 493
22 378
24 428
25 451
26 390
28 252
30 495
31 101
32 285
33 398
34 455
37 325
38 417
41 115
43 221
44 198
45 82
46 176
47 100
48 402
2000 29
0 265
1 362
2 5
5 149
9 469
10 170
11 251
13 286
19 207
20 206
21 388
22 86
23 232
24 16
25 469
27 204
28 477
29 329
30 194
31 136
32 132
33 291
35 396
37 300
38 107
39 258
41 104
44 358
46 497
2000 34
0 71
1 60
2 462
3 33
4 180
5 412
7 384
8 275
9 241
11 145
14 269
16 311
17 339
18 66
21 158
22 223
24 21
26 115
27 124
29 216
30 18
32 70
34 351
35 53
38 367
39 14
40 399
43 379
44 332
45 80
46 7
47 222
48 51
49 389
2000 26
1 178
2 259
3 167
5 89
6 5
7 452
9 37
10 203
14 239
15 122
16 427
17 457
24 206
25 143
27 453
28 192
29 495
30 457
32 100
33 283
35 92
38 475
40 33
43 146
45 59
49 355
2000 27
0 370
1 162
2 255
3 298
5 307
6 1
9 450
10 283
12 116
13 384
16 363
17 370
18 26
19 164
20 133
21 29
22 226
26 15
28 317
29 444
33 280
34 418
35 321
37 30
42 145
46 203
47 9
2000 38
0 42
1 307
3 247
5 89
7 266
8 234
9 464
10 255
13 275
14 14
15 382
16 352
17 283
18 254
20 480
21 203
22 118
23 430
24 350
25 104
26 411
28 49
30 261
32 58
33 197
34 455
35 46
36 41
37 480
38 122
39 138
40 474
42 382
43 253
44 224
45 479
46 415
48 470
2000 26
0 17
1 370
6 279
9 485
10 279
12 123
13 13
17 73
19 311
21 387
23 417
24 317
25 312
26 322
27 153
30 462
31 382
33 364
35 409
38 209
40 449
41 196
42 27
43 420
44 416
49 191
2000 32
1 9
2 250
5 377
6 284
8 2
9 276
10 55
12 266
13 14
16 106
19 253
20 57
22 339
23 224
24 310
25 165
26 351
28 104
30 17
31 75
33 48
34 122
38 370
39 125
40 334
41 454
44 203
45 458
46 359
47 454
48 116
49 151
2000 35
0 169
3 347
4 412
5 450
6 165
10 20
11 378
12 266
14 170
15 242
17 239
18 243
21 481
22 179
24 137
25 281
26 390
27 418
28 241
29 113
30 355
31 370
32 457
33 479
35 470
37 121
38 168
39 70
40 63
41 99
43 487
44 461
47 239
48 28
49 14
2000 29
0 118
1 4
3 449
6 484
10 401
11 292
12 411
13 45
16 134
18 126
23 100
24 390
26 423
27 219
29 67
30 321
31 281
32 92
33 201
34 66
37 283
39 391
40 199
43 55
44 250
45 68
46 191
47 345
48 104
2000 26
0 67
4 76
6 89
7 269
10 27
12 428
13 166
14 335
15 389
17 11
18 348
19 175
21 200
22 332
24 20
28 403
32 288
33 353
35 442
36 82
39 379
40 403
41 308
43 126
45 427
47 47
2000 30
0 181
4 485
5 350
6 193
8 362
10 474
14 286
16 333
17 238
18 386
19 373
21 71
23 237
25 459
27 217
28 404
29 76
30 14
31 389
32 407
35 251
36 39
37 161
39 13
42 366
43 166
45 268
46 118
47 484
49 287
2000 27
0 314
4 203
5 36
7 297
8 91
10 131
14 307
15 203
16 332
17 315
19 352
20 83
24 493
25 424
27 250
29 263
30 459
31 334
32 428
39 385
41 270
42 311
43 396
44 145
46 370
47 378
48 296
2000 28
2 499
6 472
8 377
9 313
10 380
12 284
13 400
15 139
16 309
17 497
18 285
20 203
21 373
22 398
23 395
26 270
28 304
31 127
33 182
34 440
36 161
37 464
38 153
41 160
43 95
45 299
46 17
49 238
2000 34
1 130
2 99
4 137
5 98
6 364
7 99
9 71
10 73
11 306
12 258
13 184
14 116
16 365
17 182
20 306
22 382
23 490
25 479
26 209
27 49
28 375
29 290
30 165
31 427
33 148
34 331
36 68
37 494
38 359
39 229
40 464
46 68
47 84
48 270
2000 31
1 34
2 116
3 233
4 43
5 20
8 45
9 409
10 146
11 161
13 81
15 316
16 356
18 225
19 38
21 395
24 277
25 470
26 136
28 293
29 212
31 191
33 11
36 85
37 167
38 498
40 225
41 31
43 43
44 353
46 311
49 82
2000 33
1 205
2 281
3 11
4 480
6 320
9 57
11 470
13 64
14 438
17 201
18 457
19 302
20 24
21 398
22 196
23 15
24 400
26 89
27 280
29 20
33 465
34 432
35 445
36 235
37 462
38 27
41 10
42 436
43 71
44 177
47 32
48 319
49 109
2000 37
0 420
1 56
4 353
5 342
6 338
7 460
8 97
10 190
11 428
12 226
14 440
17 64
18 94
22 418
23 174
24 178
26 203
27 435
28 181
29 345
30 127
31 216
33 294
34 433
35 415
36 280
37 75
38 378
39 145
42 265
43 184
44 35
45 28
46 436
47 376
48 116
49 388
2000 29
0 212
1 386
2 376
5 57
6 383
7 161
11 409
12 214
15 487
16 48
23 228
24 438
25 396
26 438
29 179
30 392
31 71
32 221
33 75
35 287
36 334
37 348
41 119
42 422
43 217
44 66
46 312
47 411
49 318
2000 28
0 168
5 324
6 343
7 45
8 479
12 461
13 48
15 448
17 117
18 283
20 30
21 175
22 465
23 179
26 299
27 455
28 194
29 8
30 78
33 298
34 361
37 17
38 370
41 66
46 121
47 83
48 115
49 338
2000 29
0 455
1 275
2 99
5 207
6 334
7 226
9 233
10 477
12 111
13 348
16 51
18 438
20 286
27 133
28 440
30 423
32 411
33 356
35 160
37 160
38 210
42 317
43 204
44 402
45 350
46 463
47 423
48 338
49 460
2000 32
0 139
1 284
3 368
5 152
6 306
7 447
10 281
11 101
12 411
13 143
14 72
15 394
16 7
17 236
18 277
20 189
21 44
23 25
24 248
27 467
31 294
33 476
34 455
35 202
37 76
38 14
39 6
42 17
43 466
45 477
46 121
48 124
2000 28
0 42
2 284
4 294
5 482
6 317
7 311
8 395
10 354
11 70
13 88
14 214
17 450
18 479
20 121
24 386
25 418
26 286
27 457
31 243
32 84
33 222
35 266
37 279
38 143
40 309
41 228
43 466
46 79
2000 33
0 209
1 294
2 479
3 215
6 293
7 403
9 117
12 467
14 11
15 273
16 498
17 491
18 280
19 134
20 53
24 304
25 438
27 139
29 57
30 350
31 327
32 219
36 83
37 167
38 210
39 461
40 193
41 214
42 63
43 98
44 339
46 411
47 449
2000 26
0 193
1 55
2 167
4 473
5 421
8 423
9 227
10 424
12 17
13 357
15 344
16 43
17 176
18 220
22 131
23 495
24 29
26 121
27 426
28 446
32 399
33 284
42 182
43 311
47 280
49 119
0 0 1
6 0 1
24 0 1
48 0 1
66 0 1
84 0 1
120 0 1
126 0 1
144 0 1
162 0 1
168 0 1
174 0 1
180 0 1
186 0 1
234 0 1
240 0 1
270 0 1
282 0 1
300 0 1
306 0 1
324 0 1
336 0 1
342 0 1
366 0 1
372 0 1
378 0 1
414 0 1
426 0 1
432 0 1
438 0 1
456 0 1
468 0 1
504 0 1
522 0 1
528 0 1
534 0 1
558 0 1
564 0 1
570 0 1
576 0 1
594 0 1
606 0 1
618 0 1
624 0 1
636 0 1
654 0 1
672 0 1
684 0 1
696 0 1
708 0 1
720 0 1
732 0 1
762 0 1
768 0 1
774 0 1
786 0 1
792 0 1
798 0 1
834 0 1
846 0 1
852 0 1
858 0 1
864 0 1
876 0 1
882 0 1
912 0 1
936 0 1
954 0 1
960 0 1
966 0 1
978 0 1
990 0 1
5 1 1
23 1 1
35 1 1
65 1 1
77 1 1
83 1 1
95 1 1
101 1 1
113 1 1
119 1 1
125 1 1
137 1 1
149 1 1
155 1 1
161 1 1
173 1 1
179 1 1
191 1 1
197 1 1
203 1 1
215 1 1
251 1 1
257 1 1
263 1 1
275 1 1
281 1 1
287 1 1
293 1 1
299 1 1
305 1 1
311 1 1
317 1 1
323 1 1
329 1 1
341 1 1
365 1 1
377 1 1
407 1 1
437 1 1
455 1 1
461 1 1
467 1 1
491 1 1
497 1 1
503 1 1
509 1 1
515 1 1
521 1 1
527 1 1
539 1 1
545 1 1
575 1 1
581 1 1
593 1 1
599 1 1
605 1 1
611 1 1
635 1 1
641 1 1
653 1 1
659 1 1
677 1 1
689 1 1
695 1 1
713 1 1
725 1 1
731 1 1
737 1 1
743 1 1
749 1 1
767 1 1
779 1 1
785 1 1
803 1 1
815 1 1
821 1 1
833 1 1
845 1 1
851 1 1
857 1 1
863 1 1
869 1 1
887 1 1
911 1 1
923 1 1
929 1 1
935 1 1
941 1 1
947 1 1
953 1 1
965 1 1
983 1 1
989 1 1
4 2 1
16 2 1
22 2 1
34 2 1
40 2 1
46 2 1
58 2 1
64 2 1
70 2 1
118 2 1
124 2 1
154 2 1
160 2 1
178 2 1
208 2 1
214 2 1
220 2 1
226 2 1
256 2 1
262 2 1
268 2 1
274 2 1
280 2 1
292 2 1
298 2 1
304 2 1
310 2 1
316 2 1
322 2 1
340 2 1
352 2 1
364 2 1
370 2 1
376 2 1
382 2 1
388 2 1
394 2 1
400 2 1
406 2 1
412 2 1
424 2 1
430 2 1
436 2 1
454 2 1
460 2 1
472 2 1
496 2 1
502 2 1
508 2 1
520 2 1
526 2 1
532 2 1
550 2 1
556 2 1
562 2 1
568 2 1
574 2 1
580 2 1
586 2 1
598 2 1
610 2 1
628 2 1
634 2 1
640 2 1
676 2 1
688 2 1
694 2 1
724 2 1
730 2 1
736 2 1
742 2 1
748 2 1
754 2 1
760 2 1
778 2 1
796 2 1
802 2 1
820 2 1
826 2 1
844 2 1
862 2 1
868 2 1
874 2 1
880 2 1
886 2 1
892 2 1
898 2 1
904 2 1
928 2 1
982 2 1
988 2 1
15 3 1
39 3 1
51 3 1
57 3 1
99 3 1
123 3 1
141 3 1
159 3 1
183 3 1
189 3 1
195 3 1
207 3 1
231 3 1
237 3 1
243 3 1
261 3 1
285 3 1
291 3 1
297 3 1
303 3 1
309 3 1
321 3 1
333 3 1
345 3 1
363 3 1
387 3 1
399 3 1
405 3 1
411 3 1
417 3 1
423 3 1
429 3 1
453 3 1
465 3 1
483 3 1
489 3 1
501 3 1
513 3 1
519 3 1
525 3 1
555 3 1
561 3 1
603 3 1
609 3 1
633 3 1
639 3 1
651 3 1
675 3 1
687 3 1
699 3 1
705 3 1
711 3 1
717 3 1
723 3 1
729 3 1
759 3 1
765 3 1
771 3 1
783 3 1
789 3 1
795 3 1
801 3 1
807 3 1
831 3 1
855 3 1
879 3 1
885 3 1
891 3 1
897 3 1
921 3 1
927 3 1
939 3 1
951 3 1
963 3 1
975 3 1
981 3 1
987 3 1
993 3 1
8 4 1
20 4 1
26 4 1
32 4 1
56 4 1
62 4 1
68 4 1
74 4 1
110 4 1
122 4 1
128 4 1
134 4 1
140 4 1
146 4 1
152 4 1
158 4 1
170 4 1
176 4 1
188 4 1
200 4 1
206 4 1
212 4 1
218 4 1
224 4 1
230 4 1
272 4 1
290 4 1
296 4 1
320 4 1
338 4 1
344 4 1
350 4 1
356 4 1
380 4 1
386 4 1
398 4 1
404 4 1
410 4 1
416 4 1
422 4 1
428 4 1
434 4 1
440 4 1
446 4 1
452 4 1
458 4 1
464 4 1
470 4 1
524 4 1
536 4 1
554 4 1
572 4 1
578 4 1
590 4 1
596 4 1
608 4 1
620 4 1
632 4 1
668 4 1
674 4 1
680 4 1
692 4 1
698 4 1
710 4 1
734 4 1
740 4 1
758 4 1
782 4 1
800 4 1
824 4 1
830 4 1
854 4 1
890 4 1
896 4 1
944 4 1
956 4 1
968 4 1
25 5 1
31 5 1
43 5 1
49 5 1
55 5 1
67 5 1
73 5 1
91 5 1
97 5 1
103 5 1
151 5 1
163 5 1
169 5 1
175 5 1
181 5 1
187 5 1
193 5 1
211 5 1
235 5 1
259 5 1
271 5 1
277 5 1
283 5 1
289 5 1
295 5 1
307 5 1
313 5 1
319 5 1
367 5 1
373 5 1
385 5 1
391 5 1
403 5 1
415 5 1
433 5 1
445 5 1
463 5 1
469 5 1
481 5 1
493 5 1
511 5 1
517 5 1
523 5 1
529 5 1
541 5 1
547 5 1
559 5 1
565 5 1
571 5 1
577 5 1
619 5 1
631 5 1
637 5 1
649 5 1
655 5 1
661 5 1
673 5 1
685 5 1
691 5 1
697 5 1
703 5 1
715 5 1
727 5 1
745 5 1
751 5 1
763 5 1
793 5 1
799 5 1
805 5 1
811 5 1
829 5 1
835 5 1
841 5 1
847 5 1
853 5 1
871 5 1
883 5 1
895 5 1
907 5 1
937 5 1
943 5 1
949 5 1
967 5 1
973 5 1
997 5 1
12 6 1
18 6 1
24 6 1
30 6 1
36 6 1
42 6 1
48 6 1
60 6 1
66 6 1
72 6 1
84 6 1
90 6 1
96 6 1
102 6 1
108 6 1
120 6 1
132 6 1
150 6 1
156 6 1
162 6 1
192 6 1
198 6 1
204 6 1
222 6 1
228 6 1
234 6 1
252 6 1
264 6 1
276 6 1
282 6 1
288 6 1
312 6 1
318 6 1
324 6 1
336 6 1
342 6 1
372 6 1
396 6 1
402 6 1
408 6 1
414 6 1
426 6 1
444 6 1
468 6 1
474 6 1
486 6 1
510 6 1
528 6 1
534 6 1
540 6 1
558 6 1
564 6 1
588 6 1
606 6 1
612 6 1
624 6 1
642 6 1
654 6 1
684 6 1
720 6 1
726 6 1
744 6 1
750 6 1
756 6 1
762 6 1
768 6 1
774 6 1
792 6 1
798 6 1
804 6 1
810 6 1
816 6 1
822 6 1
828 6 1
840 6 1
846 6 1
852 6 1
864 6 1
888 6 1
900 6 1
918 6 1
924 6 1
930 6 1
942 6 1
954 6 1
966 6 1
996 6 1
5 7 1
17 7 1
23 7 1
29 7 1
41 7 1
53 7 1
59 7 1
71 7 1
77 7 1
101 7 1
107 7 1
113 7 1
125 7 1
131 7 1
137 7 1
143 7 1
161 7 1
179 7 1
209 7 1
227 7 1
257 7 1
275 7 1
287 7 1
299 7 1
311 7 1
317 7 1
335 7 1
347 7 1
359 7 1
383 7 1
413 7 1
425 7 1
431 7 1
437 7 1
455 7 1
461 7 1
473 7 1
485 7 1
491 7 1
503 7 1
509 7 1
515 7 1
521 7 1
539 7 1
545 7 1
563 7 1
569 7 1
581 7 1
599 7 1
617 7 1
653 7 1
665 7 1
671 7 1
677 7 1
701 7 1
719 7 1
731 7 1
737 7 1
743 7 1
761 7 1
767 7 1
773 7 1
779 7 1
797 7 1
821 7 1
833 7 1
857 7 1
869 7 1
899 7 1
923 7 1
935 7 1
941 7 1
959 7 1
965 7 1
971 7 1
977 7 1
989 7 1
995 7 1
4 8 1
10 8 1
22 8 1
40 8 1
46 8 1
76 8 1
82 8 1
88 8 1
100 8 1
106 8 1
112 8 1
118 8 1
124 8 1
136 8 1
154 8 1
160 8 1
166 8 1
178 8 1
196 8 1
202 8 1
214 8 1
220 8 1
232 8 1
238 8 1
244 8 1
250 8 1
286 8 1
292 8 1
310 8 1
322 8 1
328 8 1
346 8 1
352 8 1
370 8 1
376 8 1
382 8 1
388 8 1
394 8 1
406 8 1
418 8 1
430 8 1
448 8 1
454 8 1
466 8 1
478 8 1
484 8 1
490 8 1
496 8 1
514 8 1
520 8 1
526 8 1
538 8 1
550 8 1
562 8 1
568 8 1
586 8 1
592 8 1
598 8 1
622 8 1
628 8 1
640 8 1
646 8 1
658 8 1
670 8 1
682 8 1
688 8 1
694 8 1
706 8 1
712 8 1
718 8 1
724 8 1
730 8 1
742 8 1
754 8 1
760 8 1
766 8 1
784 8 1
790 8 1
796 8 1
802 8 1
820 8 1
826 8 1
832 8 1
838 8 1
844 8 1
850 8 1
856 8 1
886 8 1
898 8 1
904 8 1
910 8 1
928 8 1
940 8 1
952 8 1
958 8 1
964 8 1
988 8 1
3 9 1
9 9 1
27 9 1
33 9 1
39 9 1
45 9 1
51 9 1
63 9 1
75 9 1
81 9 1
87 9 1
93 9 1
129 9 1
135 9 1
147 9 1
153 9 1
159 9 1
195 9 1
207 9 1
225 9 1
231 9 1
249 9 1
279 9 1
309 9 1
327 9 1
339 9 1
363 9 1
369 9 1
375 9 1
399 9 1
411 9 1
417 9 1
435 9 1
441 9 1
447 9 1
459 9 1
465 9 1
471 9 1
477 9 1
483 9 1
489 9 1
495 9 1
507 9 1
525 9 1
543 9 1
555 9 1
567 9 1
573 9 1
591 9 1
603 9 1
621 9 1
651 9 1
657 9 1
687 9 1
693 9 1
717 9 1
723 9 1
759 9 1
765 9 1
771 9 1
777 9 1
783 9 1
789 9 1
795 9 1
807 9 1
813 9 1
825 9 1
837 9 1
855 9 1
861 9 1
867 9 1
873 9 1
897 9 1
909 9 1
921 9 1
927 9 1
933 9 1
951 9 1
963 9 1
987 9 1
993 9 1
8 10 1
14 10 1
26 10 1
32 10 1
50 10 1
56 10 1
62 10 1
68 10 1
80 10 1
128 10 1
158 10 1
164 10 1
176 10 1
188 10 1
194 10 1
218 10 1
236 10 1
242 10 1
248 10 1
260 10 1
266 10 1
272 10 1
278 10 1
290 10 1
296 10 1
302 10 1
308 10 1
314 10 1
326 10 1
332 10 1
344 10 1
350 10 1
368 10 1
380 10 1
386 10 1
392 10 1
398 10 1
404 10 1
410 10 1
416 10 1
422 10 1
428 10 1
446 10 1
458 10 1
464 10 1
476 10 1
494 10 1
506 10 1
518 10 1
566 10 1
572 10 1
614 10 1
620 10 1
626 10 1
638 10 1
644 10 1
650 10 1
662 10 1
668 10 1
698 10 1
704 10 1
710 10 1
716 10 1
722 10 1
728 10 1
734 10 1
746 10 1
758 10 1
770 10 1
788 10 1
800 10 1
806 10 1
818 10 1
830 10 1
860 10 1
866 10 1
872 10 1
884 10 1
908 10 1
914 10 1
920 10 1
932 10 1
944 10 1
956 10 1
962 10 1
974 10 1
980 10 1
986 10 1
998 10 1
7 11 1
31 11 1
37 11 1
43 11 1
49 11 1
61 11 1
73 11 1
79 11 1
85 11 1
97 11 1
121 11 1
127 11 1
139 11 1
145 11 1
151 11 1
169 11 1
187 11 1
193 11 1
199 11 1
205 11 1
217 11 1
229 11 1
241 11 1
247 11 1
259 11 1
265 11 1
271 11 1
283 11 1
295 11 1
301 11 1
313 11 1
331 11 1
337 11 1
361 11 1
379 11 1
385 11 1
397 11 1
403 11 1
415 11 1
421 11 1
427 11 1
439 11 1
445 11 1
451 11 1
457 11 1
469 11 1
481 11 1
499 11 1
511 11 1
517 11 1
523 11 1
529 11 1
535 11 1
541 11 1
547 11 1
553 11 1
559 11 1
565 11 1
571 11 1
583 11 1
595 11 1
613 11 1
625 11 1
637 11 1
643 11 1
655 11 1
697 11 1
721 11 1
733 11 1
745 11 1
757 11 1
781 11 1
805 11 1
817 11 1
823 11 1
835 11 1
841 11 1
847 11 1
853 11 1
859 11 1
871 11 1
883 11 1
889 11 1
895 11 1
901 11 1
907 11 1
925 11 1
937 11 1
943 11 1
949 11 1
961 11 1
973 11 1
979 11 1
985 11 1
991 11 1
0 12 1
18 12 1
24 12 1
30 12 1
36 12 1
42 12 1
48 12 1
72 12 1
114 12 1
120 12 1
138 12 1
174 12 1
192 12 1
210 12 1
234 12 1
240 12 1
246 12 1
252 12 1
258 12 1
264 12 1
270 12 1
276 12 1
288 12 1
300 12 1
312 12 1
318 12 1
336 12 1
342 12 1
348 12 1
354 12 1
378 12 1
384 12 1
396 12 1
402 12 1
414 12 1
420 12 1
426 12 1
432 12 1
438 12 1
444 12 1
450 12 1
456 12 1
468 12 1
474 12 1
486 12 1
516 12 1
534 12 1
540 12 1
546 12 1
552 12 1
600 12 1
648 12 1
654 12 1
666 12 1
678 12 1
684 12 1
702 12 1
708 12 1
726 12 1
732 12 1
768 12 1
774 12 1
780 12 1
792 12 1
798 12 1
810 12 1
822 12 1
834 12 1
840 12 1
852 12 1
870 12 1
894 12 1
906 12 1
912 12 1
948 12 1
978 12 1
996 12 1
11 13 1
17 13 1
41 13 1
47 13 1
71 13 1
77 13 1
89 13 1
95 13 1
101 13 1
107 13 1
113 13 1
119 13 1
125 13 1
143 13 1
161 13 1
173 13 1
179 13 1
185 13 1
191 13 1
209 13 1
215 13 1
239 13 1
245 13 1
251 13 1
275 13 1
281 13 1
299 13 1
311 13 1
329 13 1
353 13 1
359 13 1
365 13 1
371 13 1
401 13 1
431 13 1
449 13 1
473 13 1
479 13 1
497 13 1
503 13 1
527 13 1
533 13 1
539 13 1
545 13 1
551 13 1
569 13 1
581 13 1
587 13 1
593 13 1
599 13 1
605 13 1
611 13 1
623 13 1
659 13 1
665 13 1
677 13 1
683 13 1
695 13 1
707 13 1
725 13 1
737 13 1
749 13 1
779 13 1
791 13 1
803 13 1
821 13 1
827 13 1
851 13 1
863 13 1
869 13 1
875 13 1
881 13 1
923 13 1
935 13 1
941 13 1
971 13 1
977 13 1
989 13 1
4 14 1
16 14 1
40 14 1
52 14 1
58 14 1
64 14 1
70 14 1
82 14 1
88 14 1
94 14 1
100 14 1
106 14 1
112 14 1
124 14 1
142 14 1
154 14 1
184 14 1
196 14 1
232 14 1
238 14 1
250 14 1
256 14 1
268 14 1
286 14 1
292 14 1
316 14 1
322 14 1
346 14 1
352 14 1
370 14 1
412 14 1
424 14 1
430 14 1
436 14 1
448 14 1
472 14 1
484 14 1
490 14 1
502 14 1
514 14 1
520 14 1
532 14 1
538 14 1
550 14 1
568 14 1
580 14 1
592 14 1
598 14 1
604 14 1
610 14 1
616 14 1
622 14 1
628 14 1
634 14 1
652 14 1
664 14 1
676 14 1
688 14 1
700 14 1
712 14 1
736 14 1
742 14 1
748 14 1
754 14 1
760 14 1
766 14 1
778 14 1
784 14 1
790 14 1
802 14 1
808 14 1
814 14 1
820 14 1
838 14 1
850 14 1
856 14 1
892 14 1
898 14 1
904 14 1
922 14 1
934 14 1
952 14 1
958 14 1
976 14 1
982 14 1
988 14 1
3 15 1
9 15 1
21 15 1
27 15 1
33 15 1
69 15 1
75 15 1
93 15 1
105 15 1
111 15 1
117 15 1
141 15 1
159 15 1
165 15 1
171 15 1
195 15 1
201 15 1
213 15 1
219 15 1
237 15 1
243 15 1
255 15 1
267 15 1
273 15 1
285 15 1
291 15 1
297 15 1
315 15 1
321 15 1
327 15 1
333 15 1
351 15 1
357 15 1
363 15 1
387 15 1
393 15 1
423 15 1
435 15 1
441 15 1
447 15 1
459 15 1
465 15 1
471 15 1
483 15 1
489 15 1
501 15 1
543 15 1
561 15 1
567 15 1
573 15 1
591 15 1
597 15 1
615 15 1
621 15 1
627 15 1
633 15 1
639 15 1
645 15 1
669 15 1
675 15 1
681 15 1
687 15 1
699 15 1
717 15 1
723 15 1
735 15 1
801 15 1
819 15 1
897 15 1
903 15 1
921 15 1
933 15 1
945 15 1
951 15 1
963 15 1
969 15 1
975 15 1
987 15 1
993 15 1
999 15 1
14 16 1
26 16 1
32 16 1
38 16 1
56 16 1
62 16 1
74 16 1
80 16 1
92 16 1
98 16 1
104 16 1
140 16 1
146 16 1
152 16 1
164 16 1
170 16 1
176 16 1
182 16 1
188 16 1
194 16 1
200 16 1
218 16 1
236 16 1
242 16 1
248 16 1
254 16 1
266 16 1
278 16 1
284 16 1
290 16 1
302 16 1
308 16 1
314 16 1
326 16 1
350 16 1
362 16 1
368 16 1
380 16 1
392 16 1
398 16 1
410 16 1
416 16 1
458 16 1
464 16 1
470 16 1
476 16 1
488 16 1
506 16 1
536 16 1
542 16 1
548 16 1
554 16 1
560 16 1
566 16 1
578 16 1
590 16 1
602 16 1
620 16 1
626 16 1
644 16 1
662 16 1
668 16 1
686 16 1
692 16 1
698 16 1
704 16 1
722 16 1
740 16 1
752 16 1
764 16 1
770 16 1
776 16 1
782 16 1
788 16 1
800 16 1
806 16 1
812 16 1
818 16 1
824 16 1
854 16 1
860 16 1
866 16 1
872 16 1
884 16 1
896 16 1
908 16 1
914 16 1
926 16 1
932 16 1
956 16 1
962 16 1
980 16 1
986 16 1
998 16 1
19 17 1
31 17 1
37 17 1
43 17 1
55 17 1
67 17 1
85 17 1
91 17 1
97 17 1
103 17 1
109 17 1
121 17 1
127 17 1
145 17 1
163 17 1
169 17 1
175 17 1
187 17 1
205 17 1
211 17 1
223 17 1
235 17 1
247 17 1
253 17 1
271 17 1
277 17 1
283 17 1
289 17 1
301 17 1
307 17 1
319 17 1
325 17 1
331 17 1
349 17 1
361 17 1
367 17 1
379 17 1
391 17 1
403 17 1
409 17 1
427 17 1
439 17 1
445 17 1
451 17 1
469 17 1
475 17 1
493 17 1
499 17 1
511 17 1
517 17 1
535 17 1
541 17 1
553 17 1
577 17 1
595 17 1
601 17 1
607 17 1
625 17 1
631 17 1
643 17 1
673 17 1
679 17 1
685 17 1
697 17 1
703 17 1
721 17 1
727 17 1
739 17 1
763 17 1
769 17 1
775 17 1
781 17 1
787 17 1
823 17 1
835 17 1
871 17 1
877 17 1
883 17 1
895 17 1
901 17 1
907 17 1
913 17 1
919 17 1
937 17 1
949 17 1
961 17 1
973 17 1
985 17 1
0 18 1
6 18 1
12 18 1
18 18 1
30 18 1
36 18 1
42 18 1
48 18 1
72 18 1
84 18 1
90 18 1
96 18 1
138 18 1
144 18 1
150 18 1
156 18 1
174 18 1
180 18 1
216 18 1
228 18 1
258 18 1
264 18 1
270 18 1
276 18 1
294 18 1
318 18 1
336 18 1
348 18 1
354 18 1
372 18 1
378 18 1
396 18 1
408 18 1
414 18 1
420 18 1
426 18 1
444 18 1
450 18 1
456 18 1
462 18 1
468 18 1
474 18 1
480 18 1
486 18 1
492 18 1
498 18 1
504 18 1
516 18 1
528 18 1
546 18 1
552 18 1
582 18 1
594 18 1
612 18 1
618 18 1
624 18 1
630 18 1
636 18 1
642 18 1
660 18 1
666 18 1
702 18 1
726 18 1
738 18 1
744 18 1
750 18 1
756 18 1
762 18 1
768 18 1
774 18 1
780 18 1
798 18 1
810 18 1
834 18 1
846 18 1
852 18 1
864 18 1
882 18 1
888 18 1
900 18 1
918 18 1
948 18 1
954 18 1
966 18 1
978 18 1
990 18 1
17 19 1
23 19 1
29 19 1
35 19 1
59 19 1
65 19 1
71 19 1
77 19 1
83 19 1
89 19 1
101 19 1
119 19 1
131 19 1
143 19 1
149 19 1
167 19 1
173 19 1
179 19 1
185 19 1
191 19 1
197 19 1
203 19 1
209 19 1
239 19 1
245 19 1
251 19 1
257 19 1
263 19 1
269 19 1
275 19 1
281 19 1
287 19 1
299 19 1
305 19 1
311 19 1
317 19 1
329 19 1
347 19 1
353 19 1
377 19 1
389 19 1
395 19 1
407 19 1
413 19 1
419 19 1
425 19 1
437 19 1
443 19 1
461 19 1
473 19 1
479 19 1
485 19 1
491 19 1
545 19 1
563 19 1
569 19 1
575 19 1
587 19 1
599 19 1
623 19 1
629 19 1
635 19 1
641 19 1
653 19 1
659 19 1
671 19 1
677 19 1
695 19 1
701 19 1
707 19 1
731 19 1
737 19 1
743 19 1
749 19 1
761 19 1
767 19 1
779 19 1
785 19 1
809 19 1
821 19 1
827 19 1
845 19 1
851 19 1
875 19 1
881 19 1
887 19 1
905 19 1
911 19 1
917 19 1
923 19 1
971 19 1
977 19 1
983 19 1
4 20 1
10 20 1
16 20 1
22 20 1
34 20 1
40 20 1
52 20 1
58 20 1
64 20 1
76 20 1
82 20 1
94 20 1
130 20 1
148 20 1
160 20 1
184 20 1
190 20 1
232 20 1
274 20 1
280 20 1
286 20 1
304 20 1
310 20 1
316 20 1
322 20 1
328 20 1
352 20 1
358 20 1
364 20 1
370 20 1
394 20 1
400 20 1
418 20 1
424 20 1
442 20 1
466 20 1
496 20 1
508 20 1
520 20 1
526 20 1
538 20 1
550 20 1
556 20 1
562 20 1
574 20 1
622 20 1
634 20 1
658 20 1
664 20 1
670 20 1
688 20 1
694 20 1
700 20 1
706 20 1
736 20 1
742 20 1
760 20 1
784 20 1
790 20 1
808 20 1
820 20 1
826 20 1
856 20 1
868 20 1
874 20 1
892 20 1
910 20 1
922 20 1
940 20 1
946 20 1
958 20 1
964 20 1
970 20 1
976 20 1
988 20 1
9 21 1
15 21 1
27 21 1
33 21 1
39 21 1
51 21 1
75 21 1
87 21 1
105 21 1
129 21 1
135 21 1
159 21 1
165 21 1
171 21 1
195 21 1
201 21 1
219 21 1
231 21 1
249 21 1
261 21 1
273 21 1
279 21 1
285 21 1
309 21 1
333 21 1
339 21 1
351 21 1
363 21 1
381 21 1
387 21 1
393 21 1
399 21 1
405 21 1
411 21 1
435 21 1
447 21 1
453 21 1
465 21 1
501 21 1
507 21 1
513 21 1
519 21 1
531 21 1
549 21 1
555 21 1
579 21 1
597 21 1
603 21 1
615 21 1
621 21 1
645 21 1
651 21 1
657 21 1
663 21 1
669 21 1
675 21 1
681 21 1
687 21 1
717 21 1
735 21 1
747 21 1
753 21 1
783 21 1
813 21 1
825 21 1
831 21 1
849 21 1
873 21 1
879 21 1
885 21 1
891 21 1
897 21 1
921 21 1
939 21 1
951 21 1
957 21 1
963 21 1
969 21 1
975 21 1
14 22 1
32 22 1
38 22 1
80 22 1
92 22 1
104 22 1
110 22 1
128 22 1
134 22 1
158 22 1
164 22 1
182 22 1
194 22 1
200 22 1
206 22 1
218 22 1
236 22 1
248 22 1
254 22 1
260 22 1
266 22 1
272 22 1
290 22 1
302 22 1
308 22 1
314 22 1
320 22 1
332 22 1
338 22 1
350 22 1
356 22 1
368 22 1
398 22 1
404 22 1
410 22 1
464 22 1
470 22 1
488 22 1
524 22 1
542 22 1
578 22 1
584 22 1
590 22 1
614 22 1
638 22 1
644 22 1
650 22 1
656 22 1
680 22 1
692 22 1
698 22 1
704 22 1
710 22 1
734 22 1
746 22 1
758 22 1
776 22 1
788 22 1
794 22 1
812 22 1
818 22 1
824 22 1
830 22 1
842 22 1
848 22 1
860 22 1
872 22 1
884 22 1
890 22 1
902 22 1
908 22 1
920 22 1
926 22 1
944 22 1
974 22 1
980 22 1
992 22 1
7 23 1
13 23 1
31 23 1
37 23 1
43 23 1
49 23 1
55 23 1
61 23 1
73 23 1
79 23 1
103 23 1
109 23 1
115 23 1
121 23 1
127 23 1
133 23 1
145 23 1
157 23 1
163 23 1
181 23 1
193 23 1
211 23 1
217 23 1
235 23 1
241 23 1
247 23 1
253 23 1
283 23 1
295 23 1
301 23 1
319 23 1
343 23 1
349 23 1
355 23 1
367 23 1
397 23 1
415 23 1
451 23 1
457 23 1
469 23 1
481 23 1
499 23 1
517 23 1
523 23 1
529 23 1
541 23 1
547 23 1
553 23 1
559 23 1
577 23 1
583 23 1
589 23 1
595 23 1
613 23 1
625 23 1
631 23 1
655 23 1
679 23 1
691 23 1
709 23 1
721 23 1
757 23 1
763 23 1
793 23 1
799 23 1
823 23 1
835 23 1
841 23 1
859 23 1
871 23 1
883 23 1
889 23 1
895 23 1
907 23 1
913 23 1
943 23 1
949 23 1
961 23 1
967 23 1
973 23 1
979 23 1
985 23 1
997 23 1
30 24 1
36 24 1
48 24 1
60 24 1
84 24 1
108 24 1
120 24 1
138 24 1
144 24 1
150 24 1
168 24 1
174 24 1
198 24 1
216 24 1
228 24 1
234 24 1
246 24 1
252 24 1
258 24 1
264 24 1
270 24 1
276 24 1
288 24 1
300 24 1
306 24 1
348 24 1
354 24 1
366 24 1
378 24 1
396 24 1
408 24 1
420 24 1
438 24 1
444 24 1
456 24 1
462 24 1
468 24 1
474 24 1
480 24 1
492 24 1
540 24 1
546 24 1
558 24 1
564 24 1
576 24 1
588 24 1
600 24 1
612 24 1
618 24 1
654 24 1
666 24 1
678 24 1
702 24 1
732 24 1
738 24 1
744 24 1
756 24 1
762 24 1
768 24 1
774 24 1
786 24 1
792 24 1
804 24 1
816 24 1
822 24 1
840 24 1
846 24 1
852 24 1
870 24 1
876 24 1
882 24 1
888 24 1
894 24 1
900 24 1
906 24 1
912 24 1
924 24 1
930 24 1
942 24 1
966 24 1
5 25 1
11 25 1
17 25 1
23 25 1
35 25 1
47 25 1
53 25 1
59 25 1
83 25 1
95 25 1
101 25 1
107 25 1
131 25 1
137 25 1
143 25 1
155 25 1
161 25 1
173 25 1
179 25 1
203 25 1
209 25 1
215 25 1
221 25 1
239 25 1
263 25 1
287 25 1
317 25 1
353 25 1
359 25 1
365 25 1
371 25 1
383 25 1
389 25 1
395 25 1
407 25 1
413 25 1
419 25 1
437 25 1
467 25 1
473 25 1
479 25 1
485 25 1
491 25 1
497 25 1
509 25 1
539 25 1
545 25 1
551 25 1
557 25 1
599 25 1
611 25 1
623 25 1
629 25 1
635 25 1
641 25 1
647 25 1
653 25 1
695 25 1
707 25 1
725 25 1
731 25 1
749 25 1
755 25 1
773 25 1
785 25 1
791 25 1
821 25 1
827 25 1
845 25 1
851 25 1
857 25 1
875 25 1
881 25 1
887 25 1
893 25 1
917 25 1
923 25 1
929 25 1
941 25 1
953 25 1
977 25 1
983 25 1
10 26 1
16 26 1
22 26 1
46 26 1
82 26 1
88 26 1
94 26 1
100 26 1
124 26 1
154 26 1
184 26 1
190 26 1
208 26 1
214 26 1
232 26 1
250 26 1
268 26 1
286 26 1
304 26 1
316 26 1
328 26 1
358 26 1
370 26 1
388 26 1
394 26 1
400 26 1
460 26 1
466 26 1
478 26 1
490 26 1
502 26 1
514 26 1
520 26 1
526 26 1
538 26 1
556 26 1
574 26 1
592 26 1
598 26 1
610 26 1
628 26 1
640 26 1
646 26 1
676 26 1
682 26 1
694 26 1
700 26 1
712 26 1
730 26 1
742 26 1
748 26 1
754 26 1
760 26 1
772 26 1
778 26 1
790 26 1
796 26 1
820 26 1
838 26 1
850 26 1
862 26 1
868 26 1
874 26 1
880 26 1
928 26 1
940 26 1
952 26 1
958 26 1
964 26 1
970 26 1
976 26 1
982 26 1
994 26 1
3 27 1
15 27 1
33 27 1
45 27 1
57 27 1
63 27 1
75 27 1
105 27 1
117 27 1
129 27 1
147 27 1
159 27 1
177 27 1
183 27 1
189 27 1
195 27 1
207 27 1
219 27 1
225 27 1
237 27 1
243 27 1
261 27 1
267 27 1
273 27 1
285 27 1
309 27 1
315 27 1
327 27 1
333 27 1
339 27 1
369 27 1
387 27 1
399 27 1
411 27 1
429 27 1
447 27 1
453 27 1
459 27 1
471 27 1
477 27 1
483 27 1
489 27 1
495 27 1
507 27 1
513 27 1
537 27 1
543 27 1
549 27 1
555 27 1
567 27 1
573 27 1
585 27 1
603 27 1
621 27 1
651 27 1
663 27 1
675 27 1
681 27 1
687 27 1
699 27 1
705 27 1
723 27 1
729 27 1
735 27 1
741 27 1
753 27 1
759 27 1
765 27 1
771 27 1
777 27 1
783 27 1
789 27 1
795 27 1
801 27 1
813 27 1
819 27 1
825 27 1
837 27 1
843 27 1
861 27 1
873 27 1
879 27 1
885 27 1
891 27 1
903 27 1
909 27 1
915 27 1
921 27 1
927 27 1
933 27 1
939 27 1
945 27 1
951 27 1
957 27 1
969 27 1
981 27 1
987 27 1
993 27 1
8 28 1
20 28 1
50 28 1
68 28 1
74 28 1
128 28 1
158 28 1
176 28 1
188 28 1
200 28 1
206 28 1
212 28 1
218 28 1
224 28 1
230 28 1
242 28 1
260 28 1
284 28 1
290 28 1
308 28 1
326 28 1
344 28 1
356 28 1
362 28 1
368 28 1
374 28 1
380 28 1
392 28 1
410 28 1
416 28 1
434 28 1
440 28 1
446 28 1
458 28 1
464 28 1
470 28 1
476 28 1
494 28 1
500 28 1
506 28 1
512 28 1
518 28 1
530 28 1
536 28 1
542 28 1
554 28 1
566 28 1
584 28 1
596 28 1
602 28 1
614 28 1
620 28 1
632 28 1
638 28 1
644 28 1
662 28 1
692 28 1
704 28 1
710 28 1
722 28 1
740 28 1
746 28 1
758 28 1
764 28 1
770 28 1
776 28 1
800 28 1
812 28 1
818 28 1
836 28 1
842 28 1
854 28 1
878 28 1
884 28 1
902 28 1
914 28 1
938 28 1
950 28 1
962 28 1
974 28 1
992 28 1
13 29 1
43 29 1
61 29 1
73 29 1
79 29 1
85 29 1
91 29 1
115 29 1
121 29 1
127 29 1
151 29 1
175 29 1
181 29 1
193 29 1
205 29 1
241 29 1
259 29 1
271 29 1
289 29 1
301 29 1
307 29 1
313 29 1
319 29 1
325 29 1
343 29 1
349 29 1
367 29 1
373 29 1
385 29 1
397 29 1
439 29 1
445 29 1
463 29 1
475 29 1
487 29 1
493 29 1
499 29 1
511 29 1
535 29 1
541 29 1
559 29 1
565 29 1
577 29 1
607 29 1
637 29 1
643 29 1
649 29 1
661 29 1
667 29 1
685 29 1
691 29 1
709 29 1
721 29 1
739 29 1
751 29 1
781 29 1
787 29 1
793 29 1
799 29 1
835 29 1
841 29 1
847 29 1
859 29 1
865 29 1
871 29 1
877 29 1
889 29 1
895 29 1
919 29 1
925 29 1
961 29 1
0 30 1
6 30 1
12 30 1
18 30 1
48 30 1
54 30 1
60 30 1
66 30 1
72 30 1
96 30 1
102 30 1
108 30 1
114 30 1
120 30 1
132 30 1
138 30 1
144 30 1
186 30 1
204 30 1
210 30 1
216 30 1
228 30 1
234 30 1
240 30 1
252 30 1
276 30 1
288 30 1
294 30 1
300 30 1
324 30 1
336 30 1
342 30 1
360 30 1
396 30 1
408 30 1
420 30 1
426 30 1
456 30 1
462 30 1
468 30 1
480 30 1
486 30 1
498 30 1
504 30 1
516 30 1
522 30 1
528 30 1
534 30 1
540 30 1
546 30 1
570 30 1
576 30 1
594 30 1
618 30 1
630 30 1
636 30 1
642 30 1
648 30 1
654 30 1
660 30 1
666 30 1
690 30 1
696 30 1
708 30 1
714 30 1
744 30 1
750 30 1
768 30 1
774 30 1
786 30 1
804 30 1
816 30 1
822 30 1
858 30 1
882 30 1
894 30 1
912 30 1
918 30 1
930 30 1
936 30 1
954 30 1
960 30 1
966 30 1
978 30 1
996 30 1
17 31 1
23 31 1
47 31 1
59 31 1
65 31 1
71 31 1
83 31 1
95 31 1
101 31 1
131 31 1
143 31 1
167 31 1
173 31 1
203 31 1
215 31 1
227 31 1
239 31 1
245 31 1
251 31 1
257 31 1
263 31 1
269 31 1
275 31 1
293 31 1
299 31 1
329 31 1
335 31 1
341 31 1
359 31 1
365 31 1
383 31 1
389 31 1
407 31 1
437 31 1
449 31 1
467 31 1
473 31 1
479 31 1
485 31 1
491 31 1
497 31 1
503 31 1
533 31 1
539 31 1
545 31 1
551 31 1
563 31 1
587 31 1
605 31 1
629 31 1
671 31 1
677 31 1
707 31 1
719 31 1
725 31 1
731 31 1
737 31 1
743 31 1
755 31 1
767 31 1
779 31 1
821 31 1
827 31 1
839 31 1
899 31 1
905 31 1
917 31 1
929 31 1
935 31 1
941 31 1
947 31 1
965 31 1
971 31 1
977 31 1
4 32 1
10 32 1
16 32 1
28 32 1
46 32 1
52 32 1
58 32 1
70 32 1
76 32 1
82 32 1
112 32 1
118 32 1
148 32 1
160 32 1
166 32 1
172 32 1
178 32 1
184 32 1
190 32 1
196 32 1
202 32 1
208 32 1
214 32 1
226 32 1
232 32 1
238 32 1
244 32 1
250 32 1
274 32 1
280 32 1
286 32 1
310 32 1
316 32 1
322 32 1
334 32 1
370 32 1
382 32 1
412 32 1
418 32 1
424 32 1
436 32 1
442 32 1
448 32 1
460 32 1
466 32 1
472 32 1
478 32 1
496 32 1
502 32 1
520 32 1
526 32 1
550 32 1
556 32 1
562 32 1
574 32 1
580 32 1
586 32 1
604 32 1
688 32 1
694 32 1
706 32 1
712 32 1
718 32 1
736 32 1
742 32 1
754 32 1
760 32 1
778 32 1
790 32 1
796 32 1
802 32 1
808 32 1
814 32 1
826 32 1
832 32 1
838 32 1
850 32 1
862 32 1
874 32 1
880 32 1
898 32 1
916 32 1
940 32 1
970 32 1
976 32 1
982 32 1
994 32 1
3 33 1
9 33 1
15 33 1
27 33 1
39 33 1
51 33 1
69 33 1
81 33 1
93 33 1
99 33 1
105 33 1
129 33 1
141 33 1
153 33 1
159 33 1
171 33 1
177 33 1
183 33 1
201 33 1
219 33 1
225 33 1
231 33 1
243 33 1
249 33 1
255 33 1
261 33 1
267 33 1
279 33 1
291 33 1
297 33 1
303 33 1
315 33 1
321 33 1
327 33 1
339 33 1
345 33 1
351 33 1
357 33 1
363 33 1
381 33 1
387 33 1
399 33 1
411 33 1
423 33 1
429 33 1
435 33 1
447 33 1
453 33 1
471 33 1
483 33 1
501 33 1
519 33 1
525 33 1
555 33 1
573 33 1
585 33 1
591 33 1
597 33 1
603 33 1
615 33 1
621 33 1
633 33 1
645 33 1
651 33 1
675 33 1
681 33 1
693 33 1
699 33 1
705 33 1
717 33 1
729 33 1
741 33 1
747 33 1
759 33 1
765 33 1
783 33 1
789 33 1
801 33 1
807 33 1
813 33 1
825 33 1
831 33 1
843 33 1
855 33 1
861 33 1
867 33 1
879 33 1
885 33 1
897 33 1
903 33 1
909 33 1
921 33 1
939 33 1
951 33 1
957 33 1
963 33 1
969 33 1
981 33 1
20 34 1
32 34 1
44 34 1
50 34 1
56 34 1
62 34 1
68 34 1
74 34 1
92 34 1
110 34 1
116 34 1
122 34 1
128 34 1
164 34 1
170 34 1
176 34 1
194 34 1
212 34 1
236 34 1
248 34 1
254 34 1
284 34 1
290 34 1
302 34 1
308 34 1
314 34 1
338 34 1
350 34 1
362 34 1
374 34 1
386 34 1
392 34 1
398 34 1
416 34 1
422 34 1
428 34 1
452 34 1
458 34 1
464 34 1
482 34 1
494 34 1
518 34 1
530 34 1
548 34 1
578 34 1
590 34 1
602 34 1
614 34 1
620 34 1
626 34 1
632 34 1
650 34 1
656 34 1
662 34 1
668 34 1
674 34 1
680 34 1
686 34 1
698 34 1
716 34 1
722 34 1
728 34 1
734 34 1
740 34 1
746 34 1
758 34 1
776 34 1
794 34 1
800 34 1
818 34 1
830 34 1
836 34 1
842 34 1
860 34 1
866 34 1
872 34 1
884 34 1
890 34 1
896 34 1
920 34 1
938 34 1
968 34 1
974 34 1
992 34 1
7 35 1
13 35 1
25 35 1
43 35 1
55 35 1
61 35 1
151 35 1
169 35 1
175 35 1
181 35 1
193 35 1
205 35 1
217 35 1
223 35 1
229 35 1
235 35 1
247 35 1
253 35 1
283 35 1
301 35 1
307 35 1
319 35 1
331 35 1
337 35 1
343 35 1
355 35 1
361 35 1
379 35 1
385 35 1
391 35 1
397 35 1
409 35 1
415 35 1
427 35 1
433 35 1
445 35 1
451 35 1
475 35 1
493 35 1
499 35 1
511 35 1
517 35 1
523 35 1
535 35 1
547 35 1
583 35 1
589 35 1
595 35 1
619 35 1
625 35 1
637 35 1
649 35 1
667 35 1
673 35 1
679 35 1
685 35 1
697 35 1
703 35 1
709 35 1
727 35 1
739 35 1
763 35 1
769 35 1
775 35 1
781 35 1
817 35 1
823 35 1
829 35 1
835 35 1
847 35 1
859 35 1
865 35 1
871 35 1
877 35 1
901 35 1
913 35 1
979 35 1
985 35 1
42 36 1
48 36 1
60 36 1
66 36 1
72 36 1
78 36 1
84 36 1
90 36 1
96 36 1
102 36 1
120 36 1
132 36 1
150 36 1
168 36 1
174 36 1
180 36 1
198 36 1
210 36 1
216 36 1
222 36 1
252 36 1
270 36 1
288 36 1
300 36 1
306 36 1
324 36 1
330 36 1
336 36 1
348 36 1
360 36 1
366 36 1
372 36 1
384 36 1
390 36 1
408 36 1
432 36 1
438 36 1
456 36 1
474 36 1
480 36 1
492 36 1
498 36 1
528 36 1
534 36 1
540 36 1
546 36 1
582 36 1
588 36 1
594 36 1
600 36 1
612 36 1
618 36 1
636 36 1
654 36 1
678 36 1
684 36 1
690 36 1
696 36 1
720 36 1
726 36 1
732 36 1
738 36 1
744 36 1
750 36 1
756 36 1
762 36 1
768 36 1
792 36 1
798 36 1
810 36 1
822 36 1
828 36 1
834 36 1
858 36 1
870 36 1
882 36 1
888 36 1
894 36 1
900 36 1
924 36 1
948 36 1
960 36 1
996 36 1
11 37 1
17 37 1
29 37 1
35 37 1
47 37 1
53 37 1
59 37 1
65 37 1
83 37 1
119 37 1
125 37 1
173 37 1
209 37 1
221 37 1
233 37 1
239 37 1
251 37 1
257 37 1
275 37 1
287 37 1
293 37 1
305 37 1
317 37 1
335 37 1
341 37 1
353 37 1
371 37 1
377 37 1
401 37 1
407 37 1
431 37 1
449 37 1
461 37 1
467 37 1
479 37 1
485 37 1
497 37 1
527 37 1
533 37 1
557 37 1
563 37 1
575 37 1
581 37 1
593 37 1
599 37 1
605 37 1
611 37 1
623 37 1
635 37 1
641 37 1
653 37 1
659 37 1
665 37 1
671 37 1
689 37 1
713 37 1
737 37 1
743 37 1
749 37 1
755 37 1
773 37 1
785 37 1
797 37 1
815 37 1
827 37 1
833 37 1
845 37 1
869 37 1
887 37 1
899 37 1
911 37 1
923 37 1
929 37 1
935 37 1
947 37 1
959 37 1
983 37 1
989 37 1
995 37 1
4 38 1
16 38 1
22 38 1
28 38 1
34 38 1
46 38 1
76 38 1
82 38 1
94 38 1
106 38 1
112 38 1
118 38 1
136 38 1
142 38 1
154 38 1
160 38 1
166 38 1
178 38 1
202 38 1
220 38 1
226 38 1
244 38 1
262 38 1
286 38 1
292 38 1
310 38 1
316 38 1
322 38 1
346 38 1
358 38 1
364 38 1
376 38 1
400 38 1
406 38 1
412 38 1
424 38 1
430 38 1
460 38 1
466 38 1
478 38 1
490 38 1
520 38 1
526 38 1
532 38 1
544 38 1
562 38 1
586 38 1
592 38 1
604 38 1
634 38 1
640 38 1
646 38 1
652 38 1
664 38 1
670 38 1
676 38 1
694 38 1
712 38 1
718 38 1
724 38 1
736 38 1
742 38 1
772 38 1
778 38 1
784 38 1
790 38 1
796 38 1
802 38 1
808 38 1
814 38 1
820 38 1
862 38 1
880 38 1
886 38 1
892 38 1
904 38 1
910 38 1
946 38 1
952 38 1
964 38 1
982 38 1
27 39 1
39 39 1
45 39 1
51 39 1
75 39 1
87 39 1
93 39 1
99 39 1
111 39 1
129 39 1
141 39 1
147 39 1
171 39 1
177 39 1
237 39 1
243 39 1
273 39 1
279 39 1
291 39 1
297 39 1
315 39 1
327 39 1
339 39 1
345 39 1
351 39 1
357 39 1
363 39 1
375 39 1
381 39 1
387 39 1
393 39 1
399 39 1
405 39 1
411 39 1
417 39 1
423 39 1
441 39 1
447 39 1
465 39 1
483 39 1
489 39 1
501 39 1
507 39 1
513 39 1
519 39 1
525 39 1
537 39 1
543 39 1
549 39 1
555 39 1
561 39 1
567 39 1
573 39 1
591 39 1
603 39 1
615 39 1
621 39 1
657 39 1
669 39 1
675 39 1
681 39 1
693 39 1
705 39 1
711 39 1
717 39 1
729 39 1
735 39 1
759 39 1
777 39 1
789 39 1
795 39 1
807 39 1
813 39 1
831 39 1
837 39 1
843 39 1
879 39 1
891 39 1
897 39 1
903 39 1
915 39 1
927 39 1
957 39 1
969 39 1
975 39 1
999 39 1
8 40 1
20 40 1
44 40 1
62 40 1
68 40 1
80 40 1
116 40 1
128 40 1
134 40 1
152 40 1
176 40 1
182 40 1
194 40 1
200 40 1
206 40 1
218 40 1
224 40 1
230 40 1
236 40 1
242 40 1
248 40 1
254 40 1
272 40 1
278 40 1
290 40 1
302 40 1
308 40 1
314 40 1
320 40 1
338 40 1
344 40 1
350 40 1
362 40 1
374 40 1
386 40 1
404 40 1
422 40 1
428 40 1
434 40 1
440 40 1
446 40 1
464 40 1
470 40 1
476 40 1
482 40 1
488 40 1
494 40 1
500 40 1
542 40 1
548 40 1
560 40 1
566 40 1
572 40 1
584 40 1
596 40 1
620 40 1
626 40 1
632 40 1
644 40 1
662 40 1
680 40 1
710 40 1
716 40 1
722 40 1
734 40 1
740 40 1
752 40 1
776 40 1
788 40 1
794 40 1
800 40 1
812 40 1
824 40 1
836 40 1
848 40 1
866 40 1
872 40 1
884 40 1
896 40 1
932 40 1
944 40 1
950 40 1
7 41 1
13 41 1
19 41 1
31 41 1
37 41 1
61 41 1
67 41 1
85 41 1
91 41 1
97 41 1
109 41 1
115 41 1
133 41 1
145 41 1
151 41 1
181 41 1
187 41 1
193 41 1
211 41 1
217 41 1
223 41 1
253 41 1
259 41 1
271 41 1
277 41 1
283 41 1
301 41 1
307 41 1
319 41 1
325 41 1
349 41 1
373 41 1
391 41 1
397 41 1
409 41 1
433 41 1
439 41 1
445 41 1
457 41 1
469 41 1
481 41 1
499 41 1
523 41 1
529 41 1
541 41 1
547 41 1
571 41 1
577 41 1
601 41 1
613 41 1
637 41 1
643 41 1
655 41 1
667 41 1
679 41 1
685 41 1
697 41 1
703 41 1
757 41 1
763 41 1
769 41 1
775 41 1
781 41 1
793 41 1
799 41 1
805 41 1
835 41 1
841 41 1
859 41 1
871 41 1
883 41 1
895 41 1
913 41 1
919 41 1
925 41 1
937 41 1
943 41 1
949 41 1
955 41 1
961 41 1
973 41 1
991 41 1
0 42 1
6 42 1
12 42 1
18 42 1
30 42 1
36 42 1
48 42 1
60 42 1
66 42 1
72 42 1
84 42 1
120 42 1
126 42 1
138 42 1
156 42 1
162 42 1
168 42 1
174 42 1
186 42 1
204 42 1
210 42 1
216 42 1
222 42 1
228 42 1
234 42 1
240 42 1
246 42 1
252 42 1
258 42 1
264 42 1
270 42 1
276 42 1
300 42 1
306 42 1
312 42 1
336 42 1
378 42 1
384 42 1
402 42 1
408 42 1
438 42 1
444 42 1
450 42 1
468 42 1
474 42 1
480 42 1
486 42 1
498 42 1
504 42 1
510 42 1
516 42 1
522 42 1
528 42 1
540 42 1
552 42 1
582 42 1
594 42 1
606 42 1
624 42 1
630 42 1
636 42 1
642 42 1
654 42 1
684 42 1
690 42 1
696 42 1
720 42 1
726 42 1
732 42 1
750 42 1
768 42 1
774 42 1
780 42 1
792 42 1
810 42 1
816 42 1
822 42 1
834 42 1
840 42 1
852 42 1
858 42 1
864 42 1
888 42 1
900 42 1
912 42 1
918 42 1
924 42 1
936 42 1
942 42 1
954 42 1
978 42 1
996 42 1
29 43 1
35 43 1
71 43 1
77 43 1
83 43 1
89 43 1
107 43 1
119 43 1
125 43 1
143 43 1
149 43 1
167 43 1
173 43 1
179 43 1
191 43 1
197 43 1
215 43 1
245 43 1
263 43 1
269 43 1
275 43 1
281 43 1
287 43 1
305 43 1
317 43 1
329 43 1
341 43 1
353 43 1
377 43 1
389 43 1
395 43 1
401 43 1
407 43 1
419 43 1
443 43 1
461 43 1
467 43 1
473 43 1
479 43 1
491 43 1
521 43 1
527 43 1
533 43 1
545 43 1
563 43 1
575 43 1
587 43 1
599 43 1
605 43 1
611 43 1
623 43 1
641 43 1
653 43 1
689 43 1
695 43 1
701 43 1
707 43 1
713 43 1
725 43 1
731 43 1
743 43 1
749 43 1
755 43 1
761 43 1
767 43 1
791 43 1
809 43 1
815 43 1
839 43 1
863 43 1
887 43 1
893 43 1
917 43 1
923 43 1
935 43 1
953 43 1
977 43 1
4 44 1
10 44 1
40 44 1
58 44 1
64 44 1
88 44 1
94 44 1
124 44 1
130 44 1
154 44 1
160 44 1
166 44 1
172 44 1
178 44 1
190 44 1
196 44 1
208 44 1
232 44 1
256 44 1
286 44 1
292 44 1
298 44 1
322 44 1
334 44 1
340 44 1
352 44 1
364 44 1
376 44 1
388 44 1
394 44 1
418 44 1
430 44 1
436 44 1
442 44 1
454 44 1
472 44 1
484 44 1
490 44 1
502 44 1
520 44 1
538 44 1
562 44 1
580 44 1
586 44 1
604 44 1
616 44 1
640 44 1
652 44 1
664 44 1
670 44 1
688 44 1
694 44 1
706 44 1
724 44 1
736 44 1
754 44 1
766 44 1
778 44 1
784 44 1
802 44 1
814 44 1
826 44 1
832 44 1
838 44 1
844 44 1
862 44 1
880 44 1
886 44 1
892 44 1
910 44 1
928 44 1
934 44 1
952 44 1
970 44 1
976 44 1
982 44 1
988 44 1
3 45 1
15 45 1
21 45 1
27 45 1
33 45 1
51 45 1
63 45 1
69 45 1
75 45 1
81 45 1
87 45 1
105 45 1
111 45 1
117 45 1
123 45 1
129 45 1
135 45 1
141 45 1
165 45 1
177 45 1
189 45 1
195 45 1
201 45 1
207 45 1
213 45 1
219 45 1
225 45 1
231 45 1
249 45 1
267 45 1
285 45 1
291 45 1
303 45 1
351 45 1
357 45 1
369 45 1
375 45 1
381 45 1
387 45 1
393 45 1
399 45 1
411 45 1
417 45 1
423 45 1
453 45 1
477 45 1
489 45 1
501 45 1
507 45 1
513 45 1
519 45 1
543 45 1
549 45 1
555 45 1
561 45 1
573 45 1
579 45 1
591 45 1
597 45 1
603 45 1
627 45 1
633 45 1
645 45 1
657 45 1
669 45 1
687 45 1
693 45 1
711 45 1
717 45 1
723 45 1
729 45 1
747 45 1
753 45 1
759 45 1
777 45 1
795 45 1
801 45 1
843 45 1
849 45 1
879 45 1
885 45 1
897 45 1
915 45 1
933 45 1
945 45 1
951 45 1
957 45 1
969 45 1
987 45 1
20 46 1
44 46 1
56 46 1
80 46 1
86 46 1
92 46 1
104 46 1
110 46 1
116 46 1
122 46 1
128 46 1
134 46 1
140 46 1
182 46 1
194 46 1
200 46 1
206 46 1
218 46 1
242 46 1
260 46 1
272 46 1
278 46 1
290 46 1
296 46 1
302 46 1
332 46 1
338 46 1
374 46 1
386 46 1
398 46 1
404 46 1
410 46 1
416 46 1
422 46 1
428 46 1
440 46 1
452 46 1
458 46 1
470 46 1
476 46 1
500 46 1
518 46 1
524 46 1
542 46 1
548 46 1
554 46 1
578 46 1
584 46 1
590 46 1
596 46 1
614 46 1
626 46 1
638 46 1
644 46 1
650 46 1
662 46 1
668 46 1
680 46 1
686 46 1
692 46 1
698 46 1
710 46 1
722 46 1
734 46 1
746 46 1
764 46 1
782 46 1
806 46 1
812 46 1
824 46 1
854 46 1
866 46 1
890 46 1
926 46 1
932 46 1
938 46 1
950 46 1
956 46 1
974 46 1
986 46 1
998 46 1
1 47 1
43 47 1
55 47 1
67 47 1
79 47 1
85 47 1
91 47 1
97 47 1
109 47 1
133 47 1
163 47 1
175 47 1
181 47 1
199 47 1
211 47 1
217 47 1
241 47 1
247 47 1
259 47 1
265 47 1
271 47 1
277 47 1
283 47 1
289 47 1
301 47 1
307 47 1
313 47 1
319 47 1
331 47 1
343 47 1
373 47 1
385 47 1
391 47 1
433 47 1
475 47 1
487 47 1
493 47 1
505 47 1
517 47 1
523 47 1
541 47 1
559 47 1
565 47 1
571 47 1
577 47 1
589 47 1
601 47 1
607 47 1
613 47 1
619 47 1
625 47 1
631 47 1
637 47 1
649 47 1
655 47 1
679 47 1
691 47 1
709 47 1
715 47 1
739 47 1
745 47 1
751 47 1
757 47 1
763 47 1
769 47 1
775 47 1
781 47 1
787 47 1
799 47 1
805 47 1
811 47 1
823 47 1
859 47 1
865 47 1
877 47 1
883 47 1
889 47 1
901 47 1
913 47 1
925 47 1
931 47 1
949 47 1
967 47 1
991 47 1
997 47 1
0 48 1
6 48 1
18 48 1
24 48 1
42 48 1
54 48 1
60 48 1
78 48 1
90 48 1
96 48 1
114 48 1
120 48 1
132 48 1
144 48 1
162 48 1
174 48 1
180 48 1
186 48 1
192 48 1
204 48 1
210 48 1
216 48 1
222 48 1
258 48 1
264 48 1
270 48 1
276 48 1
282 48 1
288 48 1
300 48 1
306 48 1
312 48 1
318 48 1
324 48 1
330 48 1
366 48 1
384 48 1
390 48 1
396 48 1
408 48 1
426 48 1
432 48 1
444 48 1
462 48 1
522 48 1
528 48 1
534 48 1
540 48 1
558 48 1
564 48 1
570 48 1
576 48 1
582 48 1
612 48 1
618 48 1
630 48 1
666 48 1
678 48 1
690 48 1
708 48 1
714 48 1
726 48 1
732 48 1
756 48 1
762 48 1
798 48 1
804 48 1
816 48 1
822 48 1
858 48 1
876 48 1
888 48 1
894 48 1
900 48 1
906 48 1
924 48 1
942 48 1
948 48 1
954 48 1
972 48 1
984 48 1
11 49 1
29 49 1
41 49 1
47 49 1
65 49 1
71 49 1
77 49 1
83 49 1
89 49 1
107 49 1
113 49 1
119 49 1
125 49 1
137 49 1
149 49 1
155 49 1
161 49 1
167 49 1
173 49 1
179 49 1
185 49 1
191 49 1
209 49 1
215 49 1
293 49 1
311 49 1
317 49 1
329 49 1
341 49 1
359 49 1
365 49 1
371 49 1
377 49 1
383 49 1
389 49 1
401 49 1
413 49 1
425 49 1
431 49 1
437 49 1
449 49 1
455 49 1
467 49 1
473 49 1
479 49 1
485 49 1
491 49 1
515 49 1
521 49 1
533 49 1
551 49 1
557 49 1
563 49 1
575 49 1
593 49 1
605 49 1
611 49 1
617 49 1
629 49 1
653 49 1
659 49 1
677 49 1
689 49 1
695 49 1
713 49 1
719 49 1
725 49 1
737 49 1
743 49 1
749 49 1
767 49 1
809 49 1
815 49 1
827 49 1
833 49 1
839 49 1
845 49 1
857 49 1
869 49 1
881 49 1
887 49 1
893 49 1
899 49 1
905 49 1
911 49 1
929 49 1
935 49 1
941 49 1
953 49 1
971 49 1
4 50 1
16 50 1
28 50 1
34 50 1
40 50 1
52 50 1
70 50 1
94 50 1
112 50 1
118 50 1
130 50 1
136 50 1
148 50 1
184 50 1
190 50 1
202 50 1
220 50 1
226 50 1
232 50 1
256 50 1
262 50 1
280 50 1
292 50 1
298 50 1
304 50 1
316 50 1
340 50 1
346 50 1
352 50 1
358 50 1
364 50 1
376 50 1
388 50 1
394 50 1
400 50 1
418 50 1
430 50 1
436 50 1
454 50 1
490 50 1
496 50 1
502 50 1
514 50 1
520 50 1
532 50 1
556 50 1
562 50 1
580 50 1
586 50 1
592 50 1
616 50 1
622 50 1
640 50 1
646 50 1
664 50 1
670 50 1
682 50 1
688 50 1
700 50 1
742 50 1
748 50 1
754 50 1
760 50 1
772 50 1
796 50 1
820 50 1
826 50 1
832 50 1
838 50 1
850 50 1
880 50 1
892 50 1
904 50 1
910 50 1
934 50 1
940 50 1
946 50 1
952 50 1
964 50 1
970 50 1
982 50 1
988 50 1
3 51 1
21 51 1
39 51 1
51 51 1
57 51 1
63 51 1
69 51 1
81 51 1
93 51 1
99 51 1
117 51 1
129 51 1
135 51 1
141 51 1
153 51 1
165 51 1
177 51 1
201 51 1
207 51 1
219 51 1
225 51 1
261 51 1
267 51 1
273 51 1
285 51 1
291 51 1
303 51 1
309 51 1
321 51 1
339 51 1
375 51 1
381 51 1
423 51 1
429 51 1
453 51 1
459 51 1
495 51 1
501 51 1
507 51 1
513 51 1
519 51 1
525 51 1
531 51 1
537 51 1
549 51 1
555 51 1
567 51 1
573 51 1
579 51 1
585 51 1
591 51 1
603 51 1
609 51 1
639 51 1
651 51 1
657 51 1
663 51 1
693 51 1
699 51 1
705 51 1
723 51 1
729 51 1
747 51 1
765 51 1
783 51 1
789 51 1
795 51 1
801 51 1
807 51 1
831 51 1
849 51 1
855 51 1
861 51 1
873 51 1
879 51 1
903 51 1
915 51 1
927 51 1
933 51 1
945 51 1
951 51 1
957 51 1
963 51 1
981 51 1
987 51 1
993 51 1
999 51 1
2 52 1
38 52 1
50 52 1
92 52 1
128 52 1
158 52 1
164 52 1
170 52 1
176 52 1
182 52 1
188 52 1
194 52 1
224 52 1
230 52 1
242 52 1
266 52 1
272 52 1
278 52 1
284 52 1
290 52 1
296 52 1
302 52 1
314 52 1
320 52 1
326 52 1
338 52 1
344 52 1
350 52 1
356 52 1
362 52 1
368 52 1
374 52 1
398 52 1
404 52 1
452 52 1
458 52 1
464 52 1
476 52 1
488 52 1
506 52 1
518 52 1
548 52 1
566 52 1
590 52 1
602 52 1
608 52 1
620 52 1
626 52 1
638 52 1
644 52 1
674 52 1
692 52 1
710 52 1
716 52 1
728 52 1
746 52 1
764 52 1
770 52 1
782 52 1
788 52 1
800 52 1
806 52 1
812 52 1
818 52 1
824 52 1
830 52 1
842 52 1
848 52 1
854 52 1
872 52 1
878 52 1
890 52 1
896 52 1
908 52 1
920 52 1
926 52 1
932 52 1
938 52 1
956 52 1
962 52 1
968 52 1
986 52 1
998 52 1
7 53 1
25 53 1
31 53 1
49 53 1
61 53 1
73 53 1
115 53 1
121 53 1
127 53 1
145 53 1
151 53 1
163 53 1
175 53 1
181 53 1
193 53 1
199 53 1
205 53 1
211 53 1
229 53 1
259 53 1
271 53 1
301 53 1
307 53 1
331 53 1
337 53 1
343 53 1
367 53 1
391 53 1
397 53 1
409 53 1
415 53 1
433 53 1
439 53 1
445 53 1
469 53 1
475 53 1
481 53 1
511 53 1
517 53 1
547 53 1
559 53 1
571 53 1
583 53 1
595 53 1
625 53 1
637 53 1
643 53 1
667 53 1
673 53 1
685 53 1
697 53 1
709 53 1
715 53 1
739 53 1
757 53 1
769 53 1
775 53 1
781 53 1
787 53 1
793 53 1
799 53 1
805 53 1
829 53 1
859 53 1
865 53 1
871 53 1
883 53 1
889 53 1
895 53 1
901 53 1
907 53 1
937 53 1
955 53 1
961 53 1
979 53 1
985 53 1
12 54 1
18 54 1
24 54 1
36 54 1
54 54 1
60 54 1
66 54 1
72 54 1
90 54 1
102 54 1
120 54 1
126 54 1
132 54 1
168 54 1
174 54 1
192 54 1
204 54 1
210 54 1
222 54 1
228 54 1
252 54 1
258 54 1
276 54 1
282 54 1
288 54 1
294 54 1
306 54 1
312 54 1
318 54 1
330 54 1
336 54 1
354 54 1
360 54 1
378 54 1
384 54 1
408 54 1
414 54 1
420 54 1
432 54 1
456 54 1
462 54 1
474 54 1
492 54 1
498 54 1
534 54 1
540 54 1
552 54 1
570 54 1
576 54 1
594 54 1
606 54 1
612 54 1
630 54 1
642 54 1
648 54 1
654 54 1
678 54 1
684 54 1
690 54 1
696 54 1
702 54 1
714 54 1
720 54 1
750 54 1
756 54 1
762 54 1
780 54 1
798 54 1
816 54 1
822 54 1
834 54 1
840 54 1
852 54 1
864 54 1
900 54 1
906 54 1
918 54 1
924 54 1
930 54 1
936 54 1
948 54 1
966 54 1
984 54 1
990 54 1
996 54 1
5 55 1
11 55 1
17 55 1
29 55 1
35 55 1
41 55 1
47 55 1
53 55 1
59 55 1
77 55 1
83 55 1
89 55 1
119 55 1
143 55 1
155 55 1
161 55 1
167 55 1
173 55 1
179 55 1
197 55 1
209 55 1
221 55 1
227 55 1
245 55 1
257 55 1
263 55 1
281 55 1
293 55 1
311 55 1
323 55 1
341 55 1
359 55 1
365 55 1
377 55 1
383 55 1
389 55 1
401 55 1
413 55 1
419 55 1
431 55 1
455 55 1
461 55 1
467 55 1
473 55 1
479 55 1
485 55 1
491 55 1
503 55 1
515 55 1
521 55 1
533 55 1
539 55 1
551 55 1
581 55 1
587 55 1
593 55 1
629 55 1
641 55 1
653 55 1
671 55 1
677 55 1
683 55 1
689 55 1
707 55 1
731 55 1
737 55 1
743 55 1
761 55 1
767 55 1
797 55 1
803 55 1
809 55 1
821 55 1
827 55 1
833 55 1
839 55 1
851 55 1
869 55 1
881 55 1
899 55 1
905 55 1
917 55 1
929 55 1
935 55 1
941 55 1
947 55 1
953 55 1
959 55 1
965 55 1
971 55 1
989 55 1
995 55 1
10 56 1
22 56 1
46 56 1
58 56 1
64 56 1
76 56 1
82 56 1
118 56 1
124 56 1
136 56 1
154 56 1
160 56 1
178 56 1
184 56 1
190 56 1
214 56 1
226 56 1
244 56 1
262 56 1
268 56 1
280 56 1
298 56 1
316 56 1
328 56 1
340 56 1
346 56 1
370 56 1
382 56 1
424 56 1
430 56 1
436 56 1
460 56 1
466 56 1
472 56 1
508 56 1
514 56 1
544 56 1
562 56 1
568 56 1
580 56 1
592 56 1
610 56 1
628 56 1
634 56 1
640 56 1
646 56 1
682 56 1
694 56 1
700 56 1
706 56 1
712 56 1
718 56 1
724 56 1
736 56 1
742 56 1
748 56 1
784 56 1
790 56 1
796 56 1
808 56 1
820 56 1
826 56 1
832 56 1
838 56 1
844 56 1
874 56 1
886 56 1
892 56 1
898 56 1
904 56 1
916 56 1
922 56 1
934 56 1
940 56 1
958 56 1
994 56 1
3 57 1
9 57 1
21 57 1
33 57 1
45 57 1
57 57 1
69 57 1
75 57 1
93 57 1
105 57 1
117 57 1
135 57 1
141 57 1
147 57 1
159 57 1
183 57 1
189 57 1
201 57 1
213 57 1
237 57 1
261 57 1
273 57 1
279 57 1
285 57 1
291 57 1
297 57 1
303 57 1
327 57 1
339 57 1
357 57 1
381 57 1
393 57 1
399 57 1
411 57 1
417 57 1
435 57 1
447 57 1
453 57 1
465 57 1
471 57 1
477 57 1
483 57 1
489 57 1
495 57 1
519 57 1
525 57 1
531 57 1
549 57 1
585 57 1
591 57 1
597 57 1
603 57 1
615 57 1
645 57 1
663 57 1
669 57 1
693 57 1
711 57 1
717 57 1
765 57 1
777 57 1
783 57 1
789 57 1
795 57 1
813 57 1
819 57 1
849 57 1
855 57 1
861 57 1
867 57 1
873 57 1
891 57 1
897 57 1
915 57 1
927 57 1
945 57 1
951 57 1
957 57 1
963 57 1
969 57 1
975 57 1
999 57 1
14 58 1
26 58 1
32 58 1
44 58 1
62 58 1
68 58 1
74 58 1
86 58 1
122 58 1
140 58 1
158 58 1
176 58 1
182 58 1
188 58 1
218 58 1
236 58 1
248 58 1
260 58 1
272 58 1
284 58 1
296 58 1
302 58 1
308 58 1
320 58 1
362 58 1
386 58 1
392 58 1
398 58 1
404 58 1
410 58 1
428 58 1
434 58 1
446 58 1
452 58 1
458 58 1
464 58 1
476 58 1
494 58 1
500 58 1
506 58 1
512 58 1
518 58 1
530 58 1
566 58 1
608 58 1
620 58 1
626 58 1
638 58 1
650 58 1
662 58 1
710 58 1
716 58 1
722 58 1
728 58 1
734 58 1
740 58 1
752 58 1
758 58 1
782 58 1
794 58 1
800 58 1
806 58 1
812 58 1
830 58 1
836 58 1
842 58 1
854 58 1
872 58 1
884 58 1
890 58 1
896 58 1
902 58 1
908 58 1
944 58 1
950 58 1
968 58 1
974 58 1
986 58 1
992 58 1
998 58 1
7 59 1
13 59 1
19 59 1
25 59 1
55 59 1
67 59 1
73 59 1
79 59 1
91 59 1
97 59 1
121 59 1
127 59 1
133 59 1
145 59 1
169 59 1
175 59 1
181 59 1
193 59 1
205 59 1
229 59 1
235 59 1
241 59 1
247 59 1
253 59 1
259 59 1
277 59 1
283 59 1
289 59 1
295 59 1
301 59 1
307 59 1
313 59 1
319 59 1
343 59 1
361 59 1
367 59 1
373 59 1
385 59 1
391 59 1
397 59 1
415 59 1
421 59 1
445 59 1
457 59 1
475 59 1
481 59 1
499 59 1
523 59 1
541 59 1
547 59 1
553 59 1
565 59 1
571 59 1
589 59 1
595 59 1
643 59 1
649 59 1
661 59 1
667 59 1
673 59 1
679 59 1
691 59 1
697 59 1
715 59 1
721 59 1
727 59 1
733 59 1
739 59 1
751 59 1
769 59 1
781 59 1
799 59 1
805 59 1
811 59 1
817 59 1
829 59 1
847 59 1
853 59 1
859 59 1
865 59 1
877 59 1
883 59 1
889 59 1
895 59 1
901 59 1
907 59 1
931 59 1
937 59 1
943 59 1
949 59 1
979 59 1
985 59 1
991 59 1
997 59 1
0 60 1
18 60 1
42 60 1
48 60 1
78 60 1
90 60 1
96 60 1
102 60 1
114 60 1
132 60 1
162 60 1
174 60 1
180 60 1
186 60 1
228 60 1
234 60 1
246 60 1
252 60 1
270 60 1
276 60 1
294 60 1
300 60 1
306 60 1
312 60 1
318 60 1
330 60 1
348 60 1
360 60 1
366 60 1
390 60 1
396 60 1
408 60 1
414 60 1
450 60 1
456 60 1
462 60 1
480 60 1
492 60 1
498 60 1
504 60 1
510 60 1
522 60 1
528 60 1
534 60 1
546 60 1
552 60 1
570 60 1
576 60 1
588 60 1
594 60 1
612 60 1
624 60 1
630 60 1
654 60 1
660 60 1
666 60 1
672 60 1
678 60 1
690 60 1
696 60 1
708 60 1
720 60 1
732 60 1
744 60 1
756 60 1
762 60 1
780 60 1
786 60 1
792 60 1
798 60 1
804 60 1
828 60 1
840 60 1
852 60 1
858 60 1
876 60 1
900 60 1
906 60 1
930 60 1
936 60 1
942 60 1
954 60 1
960 60 1
966 60 1
978 60 1
984 60 1
990 60 1
17 61 1
23 61 1
29 61 1
35 61 1
47 61 1
53 61 1
65 61 1
77 61 1
83 61 1
95 61 1
119 61 1
125 61 1
143 61 1
155 61 1
167 61 1
173 61 1
179 61 1
185 61 1
203 61 1
215 61 1
227 61 1
239 61 1
245 61 1
257 61 1
269 61 1
287 61 1
293 61 1
299 61 1
311 61 1
317 61 1
323 61 1
335 61 1
365 61 1
371 61 1
383 61 1
389 61 1
395 61 1
401 61 1
431 61 1
467 61 1
485 61 1
491 61 1
503 61 1
515 61 1
521 61 1
527 61 1
533 61 1
539 61 1
545 61 1
557 61 1
563 61 1
575 61 1
599 61 1
629 61 1
641 61 1
653 61 1
665 61 1
683 61 1
689 61 1
719 61 1
725 61 1
731 61 1
737 61 1
761 61 1
767 61 1
785 61 1
791 61 1
797 61 1
809 61 1
815 61 1
845 61 1
863 61 1
869 61 1
881 61 1
887 61 1
893 61 1
899 61 1
917 61 1
923 61 1
941 61 1
947 61 1
953 61 1
977 61 1
983 61 1
4 62 1
10 62 1
58 62 1
70 62 1
94 62 1
100 62 1
106 62 1
112 62 1
172 62 1
196 62 1
208 62 1
232 62 1
238 62 1
256 62 1
262 62 1
286 62 1
304 62 1
310 62 1
328 62 1
334 62 1
352 62 1
358 62 1
364 62 1
376 62 1
382 62 1
394 62 1
406 62 1
418 62 1
424 62 1
436 62 1
448 62 1
454 62 1
460 62 1
466 62 1
508 62 1
520 62 1
538 62 1
550 62 1
568 62 1
574 62 1
580 62 1
592 62 1
598 62 1
616 62 1
622 62 1
628 62 1
640 62 1
652 62 1
658 62 1
664 62 1
676 62 1
682 62 1
700 62 1
712 62 1
730 62 1
736 62 1
748 62 1
754 62 1
760 62 1
778 62 1
784 62 1
790 62 1
802 62 1
808 62 1
820 62 1
826 62 1
832 62 1
850 62 1
856 62 1
862 62 1
874 62 1
886 62 1
910 62 1
922 62 1
928 62 1
958 62 1
964 62 1
970 62 1
982 62 1
21 63 1
33 63 1
39 63 1
51 63 1
57 63 1
63 63 1
81 63 1
99 63 1
153 63 1
159 63 1
171 63 1
177 63 1
183 63 1
189 63 1
213 63 1
219 63 1
225 63 1
231 63 1
243 63 1
249 63 1
255 63 1
267 63 1
273 63 1
285 63 1
321 63 1
333 63 1
339 63 1
345 63 1
351 63 1
363 63 1
387 63 1
399 63 1
405 63 1
423 63 1
429 63 1
453 63 1
477 63 1
483 63 1
495 63 1
501 63 1
513 63 1
519 63 1
531 63 1
537 63 1
549 63 1
561 63 1
573 63 1
585 63 1
591 63 1
597 63 1
603 63 1
633 63 1
663 63 1
681 63 1
699 63 1
711 63 1
717 63 1
735 63 1
753 63 1
759 63 1
771 63 1
783 63 1
789 63 1
801 63 1
813 63 1
819 63 1
843 63 1
855 63 1
867 63 1
885 63 1
891 63 1
897 63 1
909 63 1
915 63 1
927 63 1
933 63 1
945 63 1
951 63 1
969 63 1
975 63 1
981 63 1
993 63 1
26 64 1
32 64 1
38 64 1
44 64 1
50 64 1
74 64 1
80 64 1
92 64 1
98 64 1
104 64 1
110 64 1
146 64 1
152 64 1
164 64 1
182 64 1
188 64 1
200 64 1
230 64 1
236 64 1
248 64 1
254 64 1
260 64 1
272 64 1
290 64 1
314 64 1
332 64 1
338 64 1
344 64 1
368 64 1
380 64 1
386 64 1
398 64 1
410 64 1
416 64 1
428 64 1
440 64 1
446 64 1
470 64 1
476 64 1
482 64 1
494 64 1
506 64 1
518 64 1
554 64 1
578 64 1
590 64 1
608 64 1
632 64 1
638 64 1
644 64 1
674 64 1
680 64 1
710 64 1
722 64 1
734 64 1
740 64 1
758 64 1
764 64 1
770 64 1
776 64 1
800 64 1
806 64 1
824 64 1
836 64 1
842 64 1
848 64 1
860 64 1
872 64 1
884 64 1
902 64 1
944 64 1
962 64 1
968 64 1
974 64 1
986 64 1
998 64 1
19 65 1
43 65 1
49 65 1
55 65 1
61 65 1
67 65 1
85 65 1
97 65 1
109 65 1
121 65 1
151 65 1
169 65 1
181 65 1
205 65 1
211 65 1
223 65 1
229 65 1
235 65 1
241 65 1
247 65 1
259 65 1
265 65 1
277 65 1
283 65 1
295 65 1
325 65 1
337 65 1
343 65 1
355 65 1
367 65 1
373 65 1
385 65 1
391 65 1
397 65 1
403 65 1
409 65 1
415 65 1
421 65 1
457 65 1
463 65 1
469 65 1
481 65 1
499 65 1
517 65 1
535 65 1
541 65 1
565 65 1
571 65 1
607 65 1
619 65 1
637 65 1
643 65 1
655 65 1
679 65 1
685 65 1
691 65 1
703 65 1
727 65 1
751 65 1
757 65 1
769 65 1
775 65 1
787 65 1
793 65 1
799 65 1
805 65 1
811 65 1
829 65 1
841 65 1
877 65 1
883 65 1
901 65 1
907 65 1
919 65 1
925 65 1
931 65 1
937 65 1
943 65 1
949 65 1
961 65 1
973 65 1
991 65 1
0 66 1
18 66 1
30 66 1
54 66 1
60 66 1
66 66 1
72 66 1
90 66 1
102 66 1
108 66 1
114 66 1
120 66 1
138 66 1
156 66 1
168 66 1
180 66 1
186 66 1
192 66 1
204 66 1
210 66 1
216 66 1
240 66 1
258 66 1
276 66 1
282 66 1
288 66 1
294 66 1
300 66 1
306 66 1
330 66 1
348 66 1
354 66 1
360 66 1
378 66 1
384 66 1
390 66 1
396 66 1
402 66 1
426 66 1
438 66 1
450 66 1
456 66 1
468 66 1
498 66 1
504 66 1
510 66 1
516 66 1
522 66 1
534 66 1
540 66 1
546 66 1
558 66 1
564 66 1
570 66 1
576 66 1
588 66 1
594 66 1
600 66 1
612 66 1
618 66 1
624 66 1
636 66 1
642 66 1
678 66 1
702 66 1
738 66 1
750 66 1
774 66 1
780 66 1
786 66 1
804 66 1
810 66 1
816 66 1
840 66 1
852 66 1
864 66 1
876 66 1
882 66 1
894 66 1
900 66 1
912 66 1
918 66 1
930 66 1
954 66 1
978 66 1
996 66 1
5 67 1
17 67 1
23 67 1
41 67 1
47 67 1
59 67 1
71 67 1
77 67 1
89 67 1
95 67 1
113 67 1
137 67 1
149 67 1
155 67 1
167 67 1
173 67 1
179 67 1
185 67 1
197 67 1
203 67 1
227 67 1
233 67 1
245 67 1
251 67 1
263 67 1
275 67 1
287 67 1
299 67 1
305 67 1
317 67 1
329 67 1
347 67 1
365 67 1
377 67 1
389 67 1
401 67 1
407 67 1
413 67 1
431 67 1
443 67 1
449 67 1
467 67 1
485 67 1
497 67 1
509 67 1
521 67 1
533 67 1
539 67 1
545 67 1
551 67 1
557 67 1
563 67 1
569 67 1
581 67 1
587 67 1
605 67 1
611 67 1
617 67 1
623 67 1
629 67 1
653 67 1
659 67 1
665 67 1
683 67 1
689 67 1
695 67 1
701 67 1
713 67 1
725 67 1
731 67 1
737 67 1
743 67 1
749 67 1
755 67 1
773 67 1
785 67 1
791 67 1
821 67 1
827 67 1
833 67 1
839 67 1
845 67 1
851 67 1
875 67 1
899 67 1
905 67 1
917 67 1
929 67 1
953 67 1
959 67 1
971 67 1
983 67 1
995 67 1
4 68 1
16 68 1
28 68 1
58 68 1
82 68 1
100 68 1
106 68 1
112 68 1
124 68 1
130 68 1
154 68 1
166 68 1
208 68 1
214 68 1
226 68 1
232 68 1
250 68 1
256 68 1
262 68 1
268 68 1
280 68 1
286 68 1
298 68 1
304 68 1
316 68 1
328 68 1
346 68 1
370 68 1
382 68 1
400 68 1
406 68 1
412 68 1
418 68 1
430 68 1
460 68 1
490 68 1
502 68 1
514 68 1
526 68 1
544 68 1
550 68 1
568 68 1
574 68 1
580 68 1
592 68 1
604 68 1
622 68 1
634 68 1
640 68 1
658 68 1
664 68 1
670 68 1
688 68 1
694 68 1
700 68 1
736 68 1
766 68 1
784 68 1
796 68 1
802 68 1
808 68 1
826 68 1
844 68 1
850 68 1
856 68 1
862 68 1
868 68 1
874 68 1
880 68 1
886 68 1
910 68 1
916 68 1
934 68 1
940 68 1
946 68 1
964 68 1
970 68 1
982 68 1
988 68 1
3 69 1
9 69 1
21 69 1
39 69 1
45 69 1
51 69 1
57 69 1
63 69 1
81 69 1
117 69 1
135 69 1
153 69 1
165 69 1
171 69 1
189 69 1
195 69 1
201 69 1
213 69 1
225 69 1
231 69 1
261 69 1
267 69 1
273 69 1
279 69 1
291 69 1
297 69 1
303 69 1
309 69 1
315 69 1
321 69 1
345 69 1
351 69 1
357 69 1
369 69 1
375 69 1
393 69 1
405 69 1
411 69 1
417 69 1
423 69 1
435 69 1
447 69 1
453 69 1
459 69 1
465 69 1
489 69 1
501 69 1
507 69 1
519 69 1
525 69 1
537 69 1
549 69 1
567 69 1
573 69 1
579 69 1
585 69 1
597 69 1
603 69 1
615 69 1
633 69 1
663 69 1
675 69 1
687 69 1
693 69 1
699 69 1
705 69 1
729 69 1
759 69 1
765 69 1
771 69 1
777 69 1
783 69 1
789 69 1
801 69 1
807 69 1
813 69 1
831 69 1
837 69 1
855 69 1
861 69 1
867 69 1
885 69 1
891 69 1
909 69 1
951 69 1
957 69 1
963 69 1
969 69 1
993 69 1
14 70 1
26 70 1
32 70 1
44 70 1
56 70 1
62 70 1
68 70 1
74 70 1
86 70 1
98 70 1
104 70 1
110 70 1
128 70 1
140 70 1
146 70 1
152 70 1
158 70 1
164 70 1
170 70 1
176 70 1
182 70 1
206 70 1
212 70 1
218 70 1
224 70 1
248 70 1
254 70 1
284 70 1
308 70 1
326 70 1
350 70 1
368 70 1
374 70 1
410 70 1
416 70 1
440 70 1
446 70 1
452 70 1
458 70 1
476 70 1
488 70 1
512 70 1
536 70 1
548 70 1
554 70 1
560 70 1
566 70 1
584 70 1
590 70 1
602 70 1
608 70 1
614 70 1
620 70 1
626 70 1
632 70 1
638 70 1
644 70 1
650 70 1
656 70 1
662 70 1
680 70 1
698 70 1
710 70 1
716 70 1
734 70 1
764 70 1
782 70 1
788 70 1
812 70 1
818 70 1
860 70 1
866 70 1
878 70 1
890 70 1
896 70 1
902 70 1
908 70 1
914 70 1
938 70 1
944 70 1
950 70 1
962 70 1
968 70 1
980 70 1
992 70 1
998 70 1
1 71 1
19 71 1
25 71 1
31 71 1
61 71 1
79 71 1
109 71 1
115 71 1
145 71 1
169 71 1
199 71 1
205 71 1
217 71 1
223 71 1
253 71 1
259 71 1
265 71 1
271 71 1
277 71 1
301 71 1
319 71 1
349 71 1
355 71 1
367 71 1
391 71 1
403 71 1
427 71 1
433 71 1
439 71 1
451 71 1
463 71 1
469 71 1
481 71 1
487 71 1
493 71 1
499 71 1
511 71 1
535 71 1
541 71 1
547 71 1
553 71 1
559 71 1
565 71 1
571 71 1
577 71 1
601 71 1
607 71 1
631 71 1
643 71 1
649 71 1
655 71 1
661 71 1
673 71 1
685 71 1
703 71 1
715 71 1
727 71 1
733 71 1
739 71 1
751 71 1
763 71 1
769 71 1
775 71 1
781 71 1
787 71 1
793 71 1
799 71 1
817 71 1
835 71 1
841 71 1
853 71 1
859 71 1
865 71 1
871 71 1
877 71 1
883 71 1
889 71 1
907 71 1
913 71 1
919 71 1
925 71 1
931 71 1
943 71 1
949 71 1
955 71 1
961 71 1
979 71 1
985 71 1
991 71 1
0 72 1
6 72 1
12 72 1
18 72 1
24 72 1
30 72 1
36 72 1
48 72 1
72 72 1
78 72 1
84 72 1
96 72 1
102 72 1
108 72 1
114 72 1
120 72 1
126 72 1
132 72 1
144 72 1
150 72 1
156 72 1
162 72 1
168 72 1
174 72 1
180 72 1
216 72 1
234 72 1
240 72 1
252 72 1
264 72 1
282 72 1
300 72 1
312 72 1
324 72 1
336 72 1
342 72 1
366 72 1
372 72 1
396 72 1
402 72 1
414 72 1
420 72 1
426 72 1
432 72 1
444 72 1
456 72 1
462 72 1
468 72 1
492 72 1
504 72 1
516 72 1
540 72 1
552 72 1
564 72 1
582 72 1
588 72 1
594 72 1
600 72 1
606 72 1
624 72 1
630 72 1
648 72 1
654 72 1
678 72 1
684 72 1
696 72 1
702 72 1
708 72 1
720 72 1
726 72 1
744 72 1
756 72 1
762 72 1
774 72 1
780 72 1
786 72 1
804 72 1
810 72 1
816 72 1
840 72 1
858 72 1
870 72 1
900 72 1
906 72 1
912 72 1
918 72 1
924 72 1
930 72 1
936 72 1
954 72 1
960 72 1
966 72 1
978 72 1
17 73 1
23 73 1
35 73 1
41 73 1
47 73 1
53 73 1
59 73 1
71 73 1
77 73 1
83 73 1
89 73 1
101 73 1
125 73 1
137 73 1
143 73 1
167 73 1
179 73 1
197 73 1
203 73 1
209 73 1
215 73 1
221 73 1
233 73 1
239 73 1
251 73 1
263 73 1
269 73 1
275 73 1
293 73 1
329 73 1
341 73 1
359 73 1
371 73 1
377 73 1
383 73 1
395 73 1
413 73 1
443 73 1
449 73 1
467 73 1
497 73 1
503 73 1
509 73 1
515 73 1
527 73 1
533 73 1
545 73 1
581 73 1
593 73 1
599 73 1
629 73 1
635 73 1
647 73 1
659 73 1
695 73 1
707 73 1
731 73 1
737 73 1
755 73 1
761 73 1
767 73 1
773 73 1
785 73 1
797 73 1
803 73 1
809 73 1
815 73 1
821 73 1
833 73 1
857 73 1
881 73 1
887 73 1
905 73 1
923 73 1
935 73 1
941 73 1
959 73 1
965 73 1
977 73 1
983 73 1
989 73 1
995 73 1
4 74 1
10 74 1
16 74 1
22 74 1
28 74 1
40 74 1
58 74 1
64 74 1
70 74 1
76 74 1
82 74 1
112 74 1
124 74 1
130 74 1
136 74 1
142 74 1
148 74 1
154 74 1
160 74 1
184 74 1
190 74 1
196 74 1
202 74 1
220 74 1
226 74 1
250 74 1
256 74 1
286 74 1
298 74 1
304 74 1
310 74 1
316 74 1
322 74 1
340 74 1
352 74 1
364 74 1
370 74 1
376 74 1
382 74 1
394 74 1
400 74 1
424 74 1
442 74 1
472 74 1
490 74 1
496 74 1
502 74 1
514 74 1
520 74 1
526 74 1
532 74 1
544 74 1
562 74 1
568 74 1
574 74 1
580 74 1
586 74 1
592 74 1
610 74 1
616 74 1
622 74 1
634 74 1
640 74 1
652 74 1
658 74 1
670 74 1
676 74 1
682 74 1
688 74 1
706 74 1
730 74 1
742 74 1
748 74 1
754 74 1
760 74 1
766 74 1
772 74 1
778 74 1
784 74 1
790 74 1
802 74 1
844 74 1
850 74 1
856 74 1
880 74 1
886 74 1
904 74 1
916 74 1
928 74 1
964 74 1
988 74 1
9 75 1
15 75 1
21 75 1
27 75 1
39 75 1
57 75 1
63 75 1
117 75 1
123 75 1
129 75 1
153 75 1
177 75 1
189 75 1
213 75 1
219 75 1
231 75 1
255 75 1
267 75 1
273 75 1
279 75 1
303 75 1
309 75 1
315 75 1
321 75 1
333 75 1
339 75 1
345 75 1
369 75 1
375 75 1
381 75 1
387 75 1
399 75 1
405 75 1
411 75 1
417 75 1
423 75 1
429 75 1
441 75 1
453 75 1
465 75 1
483 75 1
489 75 1
495 75 1
501 75 1
507 75 1
513 75 1
537 75 1
555 75 1
591 75 1
597 75 1
603 75 1
609 75 1
615 75 1
645 75 1
651 75 1
657 75 1
663 75 1
669 75 1
711 75 1
717 75 1
723 75 1
729 75 1
735 75 1
777 75 1
783 75 1
801 75 1
831 75 1
849 75 1
855 75 1
867 75 1
897 75 1
915 75 1
921 75 1
927 75 1
933 75 1
939 75 1
951 75 1
963 75 1
969 75 1
987 75 1
999 75 1
2 76 1
8 76 1
14 76 1
26 76 1
44 76 1
56 76 1
68 76 1
86 76 1
92 76 1
98 76 1
104 76 1
110 76 1
128 76 1
134 76 1
140 76 1
152 76 1
182 76 1
188 76 1
200 76 1
206 76 1
218 76 1
230 76 1
236 76 1
242 76 1
260 76 1
272 76 1
302 76 1
314 76 1
320 76 1
326 76 1
344 76 1
350 76 1
356 76 1
362 76 1
368 76 1
374 76 1
386 76 1
398 76 1
428 76 1
434 76 1
440 76 1
446 76 1
476 76 1
500 76 1
518 76 1
524 76 1
530 76 1
536 76 1
548 76 1
554 76 1
560 76 1
578 76 1
590 76 1
596 76 1
626 76 1
644 76 1
650 76 1
656 76 1
668 76 1
674 76 1
680 76 1
698 76 1
704 76 1
710 76 1
776 76 1
782 76 1
788 76 1
812 76 1
824 76 1
830 76 1
842 76 1
860 76 1
866 76 1
878 76 1
890 76 1
896 76 1
902 76 1
932 76 1
938 76 1
944 76 1
950 76 1
968 76 1
1 77 1
7 77 1
19 77 1
25 77 1
67 77 1
97 77 1
109 77 1
121 77 1
127 77 1
145 77 1
169 77 1
193 77 1
211 77 1
235 77 1
241 77 1
247 77 1
253 77 1
271 77 1
301 77 1
307 77 1
319 77 1
325 77 1
337 77 1
343 77 1
349 77 1
355 77 1
361 77 1
367 77 1
403 77 1
427 77 1
433 77 1
439 77 1
475 77 1
481 77 1
493 77 1
517 77 1
529 77 1
541 77 1
547 77 1
559 77 1
583 77 1
589 77 1
595 77 1
601 77 1
619 77 1
625 77 1
643 77 1
649 77 1
655 77 1
667 77 1
673 77 1
679 77 1
691 77 1
697 77 1
715 77 1
739 77 1
745 77 1
757 77 1
769 77 1
781 77 1
787 77 1
799 77 1
817 77 1
823 77 1
835 77 1
847 77 1
859 77 1
865 77 1
871 77 1
877 77 1
883 77 1
889 77 1
901 77 1
907 77 1
919 77 1
925 77 1
937 77 1
943 77 1
967 77 1
973 77 1
985 77 1
991 77 1
997 77 1
0 78 1
6 78 1
30 78 1
36 78 1
66 78 1
78 78 1
84 78 1
90 78 1
96 78 1
102 78 1
108 78 1
114 78 1
120 78 1
138 78 1
144 78 1
162 78 1
174 78 1
180 78 1
198 78 1
204 78 1
228 78 1
252 78 1
258 78 1
264 78 1
270 78 1
276 78 1
288 78 1
300 78 1
306 78 1
318 78 1
324 78 1
330 78 1
348 78 1
354 78 1
360 78 1
366 78 1
372 78 1
384 78 1
390 78 1
402 78 1
408 78 1
414 78 1
444 78 1
450 78 1
462 78 1
468 78 1
474 78 1
480 78 1
504 78 1
510 78 1
522 78 1
534 78 1
540 78 1
546 78 1
564 78 1
570 78 1
594 78 1
600 78 1
612 78 1
618 78 1
624 78 1
654 78 1
672 78 1
678 78 1
690 78 1
714 78 1
738 78 1
774 78 1
786 78 1
792 78 1
798 78 1
804 78 1
816 78 1
822 78 1
828 78 1
834 78 1
846 78 1
852 78 1
858 78 1
882 78 1
888 78 1
894 78 1
900 78 1
906 78 1
936 78 1
942 78 1
948 78 1
954 78 1
972 78 1
978 78 1
984 78 1
35 79 1
65 79 1
77 79 1
83 79 1
89 79 1
95 79 1
107 79 1
119 79 1
125 79 1
137 79 1
149 79 1
155 79 1
161 79 1
179 79 1
203 79 1
209 79 1
215 79 1
233 79 1
239 79 1
245 79 1
257 79 1
275 79 1
287 79 1
293 79 1
299 79 1
305 79 1
329 79 1
341 79 1
347 79 1
359 79 1
383 79 1
389 79 1
395 79 1
401 79 1
407 79 1
413 79 1
431 79 1
473 79 1
491 79 1
497 79 1
503 79 1
515 79 1
527 79 1
539 79 1
551 79 1
557 79 1
569 79 1
587 79 1
611 79 1
617 79 1
623 79 1
647 79 1
665 79 1
695 79 1
701 79 1
713 79 1
719 79 1
749 79 1
761 79 1
767 79 1
773 79 1
779 79 1
785 79 1
797 79 1
815 79 1
827 79 1
851 79 1
881 79 1
887 79 1
893 79 1
905 79 1
911 79 1
917 79 1
923 79 1
929 79 1
941 79 1
947 79 1
953 79 1
971 79 1
983 79 1
989 79 1
4 80 1
10 80 1
22 80 1
58 80 1
70 80 1
88 80 1
106 80 1
118 80 1
130 80 1
142 80 1
166 80 1
172 80 1
196 80 1
208 80 1
214 80 1
226 80 1
238 80 1
244 80 1
250 80 1
274 80 1
298 80 1
310 80 1
334 80 1
346 80 1
370 80 1
382 80 1
388 80 1
400 80 1
406 80 1
418 80 1
424 80 1
430 80 1
442 80 1
460 80 1
466 80 1
472 80 1
490 80 1
508 80 1
520 80 1
526 80 1
538 80 1
574 80 1
580 80 1
610 80 1
616 80 1
634 80 1
640 80 1
652 80 1
670 80 1
676 80 1
682 80 1
688 80 1
694 80 1
712 80 1
718 80 1
724 80 1
730 80 1
736 80 1
754 80 1
760 80 1
766 80 1
778 80 1
784 80 1
790 80 1
802 80 1
808 80 1
814 80 1
820 80 1
838 80 1
850 80 1
862 80 1
868 80 1
880 80 1
886 80 1
904 80 1
910 80 1
916 80 1
928 80 1
958 80 1
964 80 1
976 80 1
982 80 1
994 80 1
3 81 1
63 81 1
69 81 1
93 81 1
99 81 1
105 81 1
111 81 1
123 81 1
129 81 1
135 81 1
141 81 1
147 81 1
153 81 1
171 81 1
183 81 1
189 81 1
195 81 1
219 81 1
225 81 1
237 81 1
249 81 1
255 81 1
261 81 1
267 81 1
297 81 1
327 81 1
333 81 1
339 81 1
345 81 1
351 81 1
357 81 1
375 81 1
387 81 1
393 81 1
399 81 1
423 81 1
435 81 1
441 81 1
465 81 1
471 81 1
495 81 1
501 81 1
567 81 1
573 81 1
579 81 1
585 81 1
597 81 1
609 81 1
615 81 1
621 81 1
627 81 1
633 81 1
645 81 1
651 81 1
663 81 1
669 81 1
675 81 1
681 81 1
687 81 1
693 81 1
699 81 1
717 81 1
735 81 1
741 81 1
747 81 1
753 81 1
765 81 1
789 81 1
801 81 1
813 81 1
849 81 1
867 81 1
873 81 1
897 81 1
909 81 1
915 81 1
921 81 1
927 81 1
957 81 1
963 81 1
981 81 1
987 81 1
993 81 1
999 81 1
14 82 1
26 82 1
56 82 1
86 82 1
104 82 1
110 82 1
122 82 1
146 82 1
152 82 1
158 82 1
212 82 1
218 82 1
224 82 1
230 82 1
236 82 1
248 82 1
266 82 1
272 82 1
308 82 1
320 82 1
326 82 1
332 82 1
344 82 1
350 82 1
362 82 1
368 82 1
374 82 1
398 82 1
404 82 1
410 82 1
428 82 1
434 82 1
440 82 1
452 82 1
458 82 1
482 82 1
488 82 1
512 82 1
518 82 1
524 82 1
530 82 1
536 82 1
542 82 1
572 82 1
590 82 1
596 82 1
608 82 1
620 82 1
650 82 1
656 82 1
662 82 1
668 82 1
686 82 1
722 82 1
728 82 1
746 82 1
752 82 1
758 82 1
764 82 1
770 82 1
776 82 1
794 82 1
800 82 1
812 82 1
818 82 1
830 82 1
848 82 1
860 82 1
866 82 1
872 82 1
878 82 1
896 82 1
914 82 1
920 82 1
932 82 1
944 82 1
950 82 1
956 82 1
968 82 1
992 82 1
998 82 1
1 83 1
7 83 1
13 83 1
19 83 1
25 83 1
55 83 1
61 83 1
79 83 1
91 83 1
97 83 1
103 83 1
109 83 1
121 83 1
151 83 1
163 83 1
169 83 1
175 83 1
181 83 1
193 83 1
205 83 1
217 83 1
235 83 1
241 83 1
247 83 1
253 83 1
277 83 1
283 83 1
289 83 1
301 83 1
331 83 1
349 83 1
355 83 1
361 83 1
367 83 1
373 83 1
391 83 1
397 83 1
433 83 1
439 83 1
469 83 1
475 83 1
499 83 1
505 83 1
511 83 1
517 83 1
523 83 1
529 83 1
541 83 1
547 83 1
553 83 1
559 83 1
589 83 1
619 83 1
625 83 1
631 83 1
637 83 1
643 83 1
649 83 1
691 83 1
715 83 1
745 83 1
769 83 1
781 83 1
799 83 1
823 83 1
829 83 1
835 83 1
841 83 1
847 83 1
859 83 1
865 83 1
901 83 1
913 83 1
919 83 1
937 83 1
955 83 1
961 83 1
967 83 1
973 83 1
979 83 1
991 83 1
12 84 1
18 84 1
36 84 1
48 84 1
66 84 1
72 84 1
84 84 1
96 84 1
102 84 1
120 84 1
126 84 1
138 84 1
144 84 1
174 84 1
180 84 1
192 84 1
204 84 1
216 84 1
228 84 1
234 84 1
246 84 1
264 84 1
276 84 1
288 84 1
300 84 1
306 84 1
318 84 1
324 84 1
330 84 1
336 84 1
354 84 1
366 84 1
372 84 1
390 84 1
396 84 1
414 84 1
420 84 1
432 84 1
444 84 1
456 84 1
468 84 1
474 84 1
492 84 1
504 84 1
528 84 1
552 84 1
558 84 1
564 84 1
570 84 1
576 84 1
612 84 1
624 84 1
630 84 1
636 84 1
642 84 1
648 84 1
672 84 1
684 84 1
690 84 1
702 84 1
708 84 1
714 84 1
732 84 1
738 84 1
756 84 1
762 84 1
768 84 1
786 84 1
852 84 1
858 84 1
864 84 1
888 84 1
894 84 1
906 84 1
912 84 1
918 84 1
924 84 1
942 84 1
948 84 1
954 84 1
972 84 1
990 84 1
996 84 1
11 85 1
17 85 1
23 85 1
29 85 1
35 85 1
53 85 1
71 85 1
101 85 1
113 85 1
143 85 1
149 85 1
173 85 1
191 85 1
197 85 1
203 85 1
209 85 1
215 85 1
227 85 1
233 85 1
239 85 1
251 85 1
257 85 1
263 85 1
275 85 1
293 85 1
305 85 1
311 85 1
323 85 1
341 85 1
365 85 1
371 85 1
377 85 1
389 85 1
407 85 1
413 85 1
419 85 1
431 85 1
473 85 1
485 85 1
491 85 1
509 85 1
533 85 1
545 85 1
563 85 1
569 85 1
575 85 1
581 85 1
587 85 1
629 85 1
635 85 1
641 85 1
653 85 1
695 85 1
701 85 1
707 85 1
767 85 1
779 85 1
785 85 1
791 85 1
797 85 1
803 85 1
815 85 1
821 85 1
827 85 1
845 85 1
881 85 1
899 85 1
905 85 1
911 85 1
917 85 1
923 85 1
929 85 1
935 85 1
947 85 1
953 85 1
959 85 1
965 85 1
983 85 1
995 85 1
4 86 1
10 86 1
16 86 1
22 86 1
34 86 1
40 86 1
46 86 1
70 86 1
76 86 1
82 86 1
94 86 1
106 86 1
112 86 1
118 86 1
124 86 1
136 86 1
148 86 1
154 86 1
160 86 1
190 86 1
196 86 1
202 86 1
214 86 1
232 86 1
238 86 1
244 86 1
250 86 1
262 86 1
280 86 1
292 86 1
316 86 1
322 86 1
328 86 1
340 86 1
352 86 1
376 86 1
388 86 1
418 86 1
454 86 1
472 86 1
520 86 1
526 86 1
550 86 1
562 86 1
568 86 1
574 86 1
586 86 1
604 86 1
610 86 1
628 86 1
640 86 1
652 86 1
664 86 1
676 86 1
682 86 1
694 86 1
712 86 1
718 86 1
736 86 1
742 86 1
760 86 1
766 86 1
790 86 1
796 86 1
802 86 1
808 86 1
814 86 1
820 86 1
826 86 1
832 86 1
838 86 1
856 86 1
880 86 1
892 86 1
904 86 1
910 86 1
922 86 1
928 86 1
934 86 1
940 86 1
946 86 1
958 86 1
964 86 1
970 86 1
976 86 1
982 86 1
988 86 1
9 87 1
21 87 1
33 87 1
45 87 1
57 87 1
81 87 1
87 87 1
99 87 1
105 87 1
111 87 1
123 87 1
153 87 1
165 87 1
177 87 1
183 87 1
189 87 1
207 87 1
237 87 1
267 87 1
273 87 1
285 87 1
291 87 1
309 87 1
321 87 1
327 87 1
333 87 1
393 87 1
405 87 1
411 87 1
441 87 1
471 87 1
483 87 1
489 87 1
501 87 1
507 87 1
513 87 1
537 87 1
543 87 1
555 87 1
561 87 1
567 87 1
573 87 1
579 87 1
585 87 1
591 87 1
603 87 1
621 87 1
645 87 1
669 87 1
687 87 1
699 87 1
705 87 1
711 87 1
723 87 1
729 87 1
747 87 1
753 87 1
759 87 1
771 87 1
777 87 1
783 87 1
795 87 1
807 87 1
819 87 1
831 87 1
837 87 1
843 87 1
861 87 1
873 87 1
879 87 1
885 87 1
891 87 1
939 87 1
945 87 1
951 87 1
957 87 1
975 87 1
999 87 1
2 88 1
26 88 1
44 88 1
68 88 1
80 88 1
104 88 1
116 88 1
128 88 1
140 88 1
170 88 1
188 88 1
206 88 1
218 88 1
230 88 1
236 88 1
248 88 1
278 88 1
296 88 1
302 88 1
350 88 1
362 88 1
374 88 1
386 88 1
392 88 1
410 88 1
434 88 1
446 88 1
452 88 1
470 88 1
482 88 1
500 88 1
524 88 1
530 88 1
536 88 1
542 88 1
566 88 1
572 88 1
584 88 1
590 88 1
620 88 1
626 88 1
638 88 1
650 88 1
686 88 1
698 88 1
710 88 1
716 88 1
722 88 1
740 88 1
746 88 1
752 88 1
758 88 1
770 88 1
776 88 1
782 88 1
794 88 1
818 88 1
824 88 1
836 88 1
848 88 1
866 88 1
872 88 1
878 88 1
884 88 1
890 88 1
902 88 1
908 88 1
914 88 1
926 88 1
932 88 1
944 88 1
950 88 1
962 88 1
974 88 1
980 88 1
998 88 1
1 89 1
7 89 1
37 89 1
49 89 1
85 89 1
91 89 1
97 89 1
115 89 1
121 89 1
127 89 1
145 89 1
169 89 1
175 89 1
193 89 1
211 89 1
217 89 1
235 89 1
253 89 1
277 89 1
283 89 1
301 89 1
307 89 1
313 89 1
319 89 1
325 89 1
331 89 1
355 89 1
361 89 1
391 89 1
397 89 1
409 89 1
415 89 1
427 89 1
439 89 1
451 89 1
457 89 1
463 89 1
469 89 1
475 89 1
481 89 1
523 89 1
529 89 1
541 89 1
553 89 1
559 89 1
583 89 1
595 89 1
601 89 1
607 89 1
613 89 1
631 89 1
637 89 1
649 89 1
673 89 1
691 89 1
697 89 1
703 89 1
709 89 1
715 89 1
721 89 1
739 89 1
745 89 1
751 89 1
769 89 1
781 89 1
799 89 1
805 89 1
817 89 1
823 89 1
847 89 1
859 89 1
865 89 1
871 89 1
889 89 1
895 89 1
919 89 1
937 89 1
943 89 1
949 89 1
979 89 1
985 89 1
991 89 1
997 89 1
0 90 1
12 90 1
18 90 1
30 90 1
36 90 1
48 90 1
54 90 1
66 90 1
72 90 1
78 90 1
84 90 1
90 90 1
96 90 1
102 90 1
126 90 1
132 90 1
138 90 1
150 90 1
168 90 1
174 90 1
180 90 1
192 90 1
198 90 1
204 90 1
210 90 1
222 90 1
234 90 1
246 90 1
258 90 1
276 90 1
288 90 1
294 90 1
300 90 1
306 90 1
318 90 1
336 90 1
360 90 1
372 90 1
390 90 1
396 90 1
402 90 1
426 90 1
444 90 1
456 90 1
480 90 1
486 90 1
492 90 1
498 90 1
504 90 1
510 90 1
522 90 1
534 90 1
552 90 1
558 90 1
564 90 1
570 90 1
576 90 1
582 90 1
588 90 1
594 90 1
612 90 1
624 90 1
630 90 1
642 90 1
654 90 1
666 90 1
672 90 1
684 90 1
714 90 1
726 90 1
732 90 1
738 90 1
744 90 1
762 90 1
768 90 1
774 90 1
780 90 1
798 90 1
804 90 1
816 90 1
834 90 1
852 90 1
870 90 1
900 90 1
942 90 1
954 90 1
960 90 1
966 90 1
972 90 1
984 90 1
996 90 1
17 91 1
29 91 1
35 91 1
47 91 1
53 91 1
59 91 1
71 91 1
83 91 1
89 91 1
95 91 1
113 91 1
119 91 1
131 91 1
137 91 1
143 91 1
161 91 1
167 91 1
179 91 1
185 91 1
191 91 1
197 91 1
209 91 1
215 91 1
227 91 1
239 91 1
245 91 1
251 91 1
257 91 1
269 91 1
275 91 1
287 91 1
293 91 1
317 91 1
323 91 1
329 91 1
335 91 1
341 91 1
347 91 1
359 91 1
371 91 1
389 91 1
395 91 1
401 91 1
425 91 1
431 91 1
437 91 1
443 91 1
467 91 1
479 91 1
491 91 1
497 91 1
503 91 1
509 91 1
539 91 1
545 91 1
563 91 1
575 91 1
611 91 1
617 91 1
629 91 1
641 91 1
659 91 1
671 91 1
677 91 1
683 91 1
695 91 1
701 91 1
713 91 1
725 91 1
731 91 1
737 91 1
743 91 1
761 91 1
767 91 1
773 91 1
785 91 1
791 91 1
809 91 1
821 91 1
839 91 1
845 91 1
851 91 1
857 91 1
863 91 1
869 91 1
881 91 1
887 91 1
893 91 1
899 91 1
905 91 1
917 91 1
923 91 1
929 91 1
935 91 1
941 91 1
959 91 1
971 91 1
989 91 1
10 92 1
22 92 1
28 92 1
52 92 1
58 92 1
64 92 1
70 92 1
82 92 1
88 92 1
100 92 1
106 92 1
112 92 1
118 92 1
124 92 1
130 92 1
136 92 1
160 92 1
166 92 1
178 92 1
184 92 1
196 92 1
202 92 1
214 92 1
238 92 1
244 92 1
250 92 1
256 92 1
274 92 1
280 92 1
286 92 1
298 92 1
304 92 1
310 92 1
316 92 1
328 92 1
340 92 1
346 92 1
352 92 1
358 92 1
364 92 1
370 92 1
376 92 1
388 92 1
418 92 1
436 92 1
442 92 1
448 92 1
454 92 1
484 92 1
508 92 1
514 92 1
526 92 1
532 92 1
538 92 1
556 92 1
580 92 1
586 92 1
604 92 1
610 92 1
622 92 1
640 92 1
670 92 1
676 92 1
682 92 1
688 92 1
694 92 1
700 92 1
712 92 1
718 92 1
724 92 1
730 92 1
736 92 1
754 92 1
760 92 1
766 92 1
778 92 1
790 92 1
802 92 1
814 92 1
826 92 1
844 92 1
850 92 1
874 92 1
898 92 1
910 92 1
922 92 1
934 92 1
946 92 1
958 92 1
964 92 1
970 92 1
976 92 1
988 92 1
994 92 1
3 93 1
63 93 1
69 93 1
87 93 1
93 93 1
99 93 1
105 93 1
117 93 1
135 93 1
147 93 1
153 93 1
165 93 1
171 93 1
189 93 1
207 93 1
213 93 1
219 93 1
243 93 1
261 93 1
267 93 1
273 93 1
291 93 1
303 93 1
321 93 1
333 93 1
339 93 1
345 93 1
351 93 1
363 93 1
369 93 1
381 93 1
399 93 1
423 93 1
429 93 1
453 93 1
483 93 1
489 93 1
501 93 1
507 93 1
513 93 1
519 93 1
537 93 1
549 93 1
567 93 1
573 93 1
585 93 1
603 93 1
609 93 1
621 93 1
627 93 1
651 93 1
675 93 1
681 93 1
693 93 1
699 93 1
705 93 1
717 93 1
723 93 1
729 93 1
735 93 1
747 93 1
753 93 1
759 93 1
765 93 1
789 93 1
795 93 1
807 93 1
813 93 1
825 93 1
843 93 1
855 93 1
867 93 1
873 93 1
891 93 1
897 93 1
903 93 1
909 93 1
933 93 1
957 93 1
963 93 1
993 93 1
999 93 1
2 94 1
14 94 1
20 94 1
62 94 1
86 94 1
98 94 1
116 94 1
122 94 1
140 94 1
146 94 1
152 94 1
158 94 1
182 94 1
200 94 1
206 94 1
224 94 1
230 94 1
242 94 1
254 94 1
266 94 1
284 94 1
290 94 1
296 94 1
302 94 1
314 94 1
332 94 1
344 94 1
356 94 1
362 94 1
386 94 1
392 94 1
422 94 1
428 94 1
434 94 1
440 94 1
446 94 1
488 94 1
506 94 1
524 94 1
530 94 1
536 94 1
560 94 1
566 94 1
578 94 1
584 94 1
590 94 1
596 94 1
638 94 1
650 94 1
662 94 1
668 94 1
686 94 1
698 94 1
704 94 1
716 94 1
728 94 1
740 94 1
758 94 1
770 94 1
776 94 1
788 94 1
794 94 1
824 94 1
830 94 1
842 94 1
854 94 1
872 94 1
878 94 1
902 94 1
920 94 1
932 94 1
938 94 1
944 94 1
950 94 1
962 94 1
980 94 1
986 94 1
7 95 1
25 95 1
31 95 1
37 95 1
43 95 1
55 95 1
61 95 1
97 95 1
103 95 1
109 95 1
115 95 1
133 95 1
139 95 1
145 95 1
151 95 1
157 95 1
163 95 1
175 95 1
181 95 1
199 95 1
205 95 1
211 95 1
217 95 1
223 95 1
229 95 1
241 95 1
253 95 1
259 95 1
265 95 1
277 95 1
289 95 1
295 95 1
307 95 1
313 95 1
331 95 1
337 95 1
355 95 1
361 95 1
367 95 1
373 95 1
379 95 1
385 95 1
403 95 1
409 95 1
421 95 1
427 95 1
439 95 1
469 95 1
487 95 1
493 95 1
499 95 1
511 95 1
529 95 1
535 95 1
541 95 1
553 95 1
571 95 1
577 95 1
583 95 1
595 95 1
601 95 1
625 95 1
631 95 1
649 95 1
667 95 1
685 95 1
697 95 1
703 95 1
733 95 1
763 95 1
775 95 1
793 95 1
799 95 1
805 95 1
817 95 1
829 95 1
841 95 1
883 95 1
889 95 1
901 95 1
913 95 1
919 95 1
925 95 1
931 95 1
943 95 1
955 95 1
967 95 1
979 95 1
985 95 1
991 95 1
997 95 1
6 96 1
18 96 1
24 96 1
36 96 1
42 96 1
48 96 1
72 96 1
78 96 1
90 96 1
114 96 1
120 96 1
126 96 1
150 96 1
168 96 1
174 96 1
180 96 1
186 96 1
204 96 1
210 96 1
216 96 1
222 96 1
234 96 1
240 96 1
252 96 1
288 96 1
300 96 1
312 96 1
318 96 1
330 96 1
336 96 1
348 96 1
354 96 1
360 96 1
372 96 1
378 96 1
384 96 1
396 96 1
402 96 1
414 96 1
426 96 1
444 96 1
462 96 1
468 96 1
480 96 1
486 96 1
510 96 1
540 96 1
552 96 1
564 96 1
570 96 1
582 96 1
588 96 1
600 96 1
606 96 1
612 96 1
642 96 1
672 96 1
708 96 1
714 96 1
726 96 1
732 96 1
756 96 1
762 96 1
774 96 1
780 96 1
786 96 1
810 96 1
816 96 1
822 96 1
828 96 1
834 96 1
846 96 1
852 96 1
864 96 1
870 96 1
882 96 1
888 96 1
894 96 1
900 96 1
906 96 1
918 96 1
924 96 1
948 96 1
960 96 1
990 96 1
996 96 1
5 97 1
11 97 1
29 97 1
35 97 1
41 97 1
53 97 1
59 97 1
77 97 1
101 97 1
107 97 1
119 97 1
125 97 1
137 97 1
143 97 1
167 97 1
173 97 1
179 97 1
185 97 1
197 97 1
209 97 1
215 97 1
221 97 1
227 97 1
239 97 1
251 97 1
269 97 1
275 97 1
281 97 1
299 97 1
317 97 1
323 97 1
329 97 1
335 97 1
365 97 1
371 97 1
377 97 1
395 97 1
401 97 1
407 97 1
419 97 1
443 97 1
467 97 1
479 97 1
485 97 1
503 97 1
515 97 1
521 97 1
527 97 1
533 97 1
539 97 1
563 97 1
581 97 1
593 97 1
599 97 1
611 97 1
629 97 1
641 97 1
647 97 1
659 97 1
683 97 1
695 97 1
701 97 1
719 97 1
725 97 1
731 97 1
743 97 1
749 97 1
761 97 1
767 97 1
797 97 1
809 97 1
839 97 1
845 97 1
851 97 1
857 97 1
869 97 1
881 97 1
899 97 1
917 97 1
923 97 1
929 97 1
941 97 1
947 97 1
965 97 1
971 97 1
977 97 1
989 97 1
995 97 1
10 98 1
16 98 1
28 98 1
40 98 1
52 98 1
58 98 1
64 98 1
70 98 1
88 98 1
94 98 1
106 98 1
124 98 1
130 98 1
136 98 1
142 98 1
154 98 1
160 98 1
178 98 1
208 98 1
214 98 1
232 98 1
238 98 1
250 98 1
256 98 1
268 98 1
274 98 1
280 98 1
316 98 1
328 98 1
334 98 1
340 98 1
346 98 1
352 98 1
358 98 1
376 98 1
394 98 1
406 98 1
412 98 1
436 98 1
460 98 1
472 98 1
478 98 1
496 98 1
514 98 1
532 98 1
538 98 1
568 98 1
574 98 1
592 98 1
616 98 1
622 98 1
634 98 1
640 98 1
646 98 1
670 98 1
682 98 1
694 98 1
706 98 1
712 98 1
736 98 1
748 98 1
754 98 1
760 98 1
772 98 1
790 98 1
802 98 1
808 98 1
814 98 1
820 98 1
826 98 1
838 98 1
844 98 1
856 98 1
886 98 1
898 98 1
922 98 1
928 98 1
946 98 1
964 98 1
982 98 1
994 98 1
3 99 1
15 99 1
33 99 1
75 99 1
81 99 1
87 99 1
111 99 1
117 99 1
123 99 1
141 99 1
159 99 1
171 99 1
177 99 1
183 99 1
189 99 1
201 99 1
207 99 1
213 99 1
231 99 1
243 99 1
249 99 1
255 99 1
261 99 1
267 99 1
273 99 1
291 99 1
303 99 1
315 99 1
321 99 1
327 99 1
339 99 1
357 99 1
369 99 1
375 99 1
381 99 1
387 99 1
393 99 1
399 99 1
405 99 1
411 99 1
417 99 1
435 99 1
441 99 1
453 99 1
471 99 1
483 99 1
501 99 1
513 99 1
537 99 1
549 99 1
555 99 1
567 99 1
573 99 1
585 99 1
591 99 1
597 99 1
609 99 1
615 99 1
633 99 1
639 99 1
645 99 1
675 99 1
687 99 1
705 99 1
717 99 1
723 99 1
735 99 1
741 99 1
753 99 1
759 99 1
765 99 1
771 99 1
777 99 1
795 99 1
801 99 1
825 99 1
837 99 1
849 99 1
855 99 1
867 99 1
879 99 1
891 99 1
897 99 1
909 99 1
933 99 1
939 99 1
957 99 1
969 99 1
987 99 1