500
499 104 319 671 867 935 1129 1402 2017 2321 2327 2345 2602 4705 5654 6258 6467 6738 6978 7258 7504 7694 7852 8245 8622 8685 8753
498 259 650 1209 1624 2155 2840 2986 3013 3336 3713 4663 4843 5109 5239 5372 6170 6360 6711 6764 7852 7880 8690 9848
497 183 329 1125 1401 1457 1668 2518 2660 3987 4027 4220 4716 4733 4853 4886 5956 6250 6258 7057 7709 8787 8812 8879 9244 9315 9547
496 1139 1366 1464 1500 1504 2093 3144 3936 3970 4078 4209 4989 5343 5617 5860 5895 6095 6547 7321 7762 8125 8248 8336 8345 8387 8581 8696 9430 9794 9930
495 46 256 511 676 701 893 1561 1750 2383 2811 2909 3740 3795 3982 4352 5869 5880 5993 6045 7153 7193 7206 7791 8207 8743 9079 9930
494 114 139 321 325 1306 1945 2538 3005 3042 3352 3395 4012 4198 4606 4639 5064 6095 6101 6226 7391 7987 8304 8406 9468 9533 9611 9660
493 56 321 412 629 1236 1657 1817 1982 1984 2136 2608 2747 3955 4442 4752 6021 6476 7777 7840 7948 8210
492 175 744 1639 5272 5376 5507 5830 7210 7219 7320 7569 7638 8002 8005 8528 8663 8823 9842
491 44 285 321 1120 1198 1354 2001 2188 3382 3388 5288 6329 6635 7852 8043 8711 8957 9624
490 188 1377 1456 2643 2798 3081 3121 3144 4402 4454 4969 5253 5319 6187 6780 6908 7608
489 526 731 753 934 1241 1935 2596 2802 4148 5406 5462 5916 6468 6790 7091 8176 9035
488 450 514 1685 2282 2611 3352 3507 3967 4531 5031 5340 5341 5880 6059 6229 6258 6839 6847 7061 7295 7919 8999 9087
487 262 730 1037 1522 2136 2162 2235 2327 4001 4024 4343 4774 4925 6054 6630 7101 7478 7480 8406 9013 9425 9907
486 687 813 1244 1314 1784 1807 2666 2936 3144 3376 3543 3894 5070 5207 5662 6698 7259 7386 7883 7952 8141 8644 8994 9199 9467 9677 9711
485 1293 1540 1736 2144 2156 2288 2589 2790 3074 3901 4566 4703 4801 4882 5768 6633 6685 6728 7353 7482 7699 7949 9971
484 639 789 1019 1180 2005 2555 2873 3147 3149 4314 4893 5573 5710 6600 7117 7216 8719 8734 8814 9349 9669 9697
483 2 79 238 944 1515 2125 2208 2512 2847 3141 3251 3438 4860 5418 5936 6054 6404 6648 7210 7806 8793 8841 9030 9545 9887
482 399 829 2322 2615 2651 4166 4230 4526 5099 5625 5891 6339 7252 7285 7642 7863 8121 8174 8314 8651
481 133 246 427 805 1831 2406 2685 3125 3509 3552 3682 4314 4537 4549 4728 5397 5659 5716 5921 6019 6521 6613 7068 7133 7361 7477 8445 8578 8843 9834
480 352 532 784 1124 1480 2376 2541 3056 3260 3630 4531 5045 5189 5400 5677 6672 7852 8005 8134 8387 8495 8767 8794 9308 9623
479 64 405 427 956 1132 1872 2248 2555 2614 3190 3377 4240 5723 6067 6134 6163 7880 8855 8907 9270 9344
478 1516 2240 2382 3273 4222 4501 5282 5333 6114 6214 6825 6990 7143 8308 8625 8723 8994
477 123 232 745 925 979 1328 2545 2661 3077 3111 3371 3621 3936 4348 4493 4999 5127 5897 6063 6236 6545 6547 7118 7202 8270 8928 8949 9224 9712 9931
476 648 1020 1342 1391 1571 1752 2117 2121 2685 3163 4386 4464 4644 4798 5459 5655 5962 7677 7732 7949 8023 8130 8470 8484 8512 8933 9592
475 149 163 195 321 512 638 915 1287 2890 4369 4854 5307 6615 7285 7511 8117 9233 9618 9731 9867
474 661 1181 1521 1802 1997 2273 2292 2466 2692 2774 2904 3163 3274 4326 4765 5193 5556 5752 6024 6650 8470 9731 9885
473 152 321 395 753 937 952 1113 1569 2986 3330 3596 3830 4340 4433 5350 5356 5770 5962 6053 6134 6448 6473 7469 7993 8114 9107 9903
472 328 388 550 1353 1555 2048 2331 2575 2643 2711 3507 5748 5826 6030 6050 6833 6871 8387 8994 9438 9950 9990
471 126 374 1495 3089 3211 4652 5033 5185 5194 5842 5888 6734 6899 7305 7700 8258 8387 9224 9753
470 1337 1655 1668 2137 2418 4252 4557 4771 6983 7153 7762 7976 8041 8061 8193 8924 9301 9507 9815
469 323 352 437 1036 1774 2129 3280 4055 4531 6256 6449 6941 7204 7373 7614 8256 8632 9643
468 321 349 633 884 1237 1301 1524 2986 3234 3499 3781 3830 5254 5444 6257 6332 6611 6673 7022 7092 7290 7767 8644
467 2 601 745 770 2565 3255 3722 4397 6584 7083 7382 7562 7901 8069 8125 8338 8911 9023 9254 9555 9933 9986
466 381 1038 1774 2222 2313 2448 3007 3020 4643 5200 5649 6184 7234 8722 9404 9641
465 111 150 715 732 1434 1625 1668 1969 1984 2340 2730 2773 2979 3098 3518 4307 4317 4504 4526 4928 5788 6692 7227 7630 7633 7773 8055 9545
464 972 1161 1657 2119 2202 2615 3786 4129 4341 5748 5869 6178 6238 7699 7949 8191 8301 8569 9014 9569
463 321 523 647 982 1459 1646 2599 6378 6487 6635 6731 7568 7966 8149 8822 9529
462 641 856 1668 2394 2537 2569 2962 3050 5506 5924 6134 6258 6327 7943 7964 8653 8715 8994 9129 9433 9968
461 1512 3292 3694 3982 3999 4706 5415 6049 6547 7039 7438 8093 8367 8520 8611 8880 9005 9178 9573 9728
460 52 707 1066 1409 1430 1651 1962 2126 5353 5749 6100 6467 7209 7604 7651 9139 9149
459 447 1007 2158 2262 2379 3074 4040 4382 4527 4786 5474 5838 5884 5997 6281 6327 6577 7025 7566 7699 7899 8451 8498 8925 9354 9545
458 1176 2006 2111 2643 2817 3052 3236 3720 3752 5437 6030 6091 6333 7212 7845 8125 8352 8548 8608 8906 9563
457 10 1012 1077 1134 3243 3253 3837 4176 6046 6327 6390 6394 7659 7819 8469 9388 9399 9903
456 816 1421 2138 2306 2449 2828 2962 3318 3460 4491 4664 5928 6740 7120 8097 9069 9903
455 1852 1998 5043 5236 5386 5730 5943 6067 6070 6331 6408 6484 6652 6884 7188 7484 7880 7902 8431 8467 9842
454 177 331 733 1111 1145 1264 1602 1888 2823 3869 3894 4286 4300 6073 6534 6980 7252 7721 8134 8804 9013 9666 9933
453 1609 2121 2158 2438 2947 3031 3113 3140 3261 3264 3684 3728 3936 4294 4567 4870 5416 6778 6889 7381 8054 8574 8967
452 343 745 1310 1340 1797 2624 3236 3888 4066 4660 4702 5978 7169 7350 8029 9086 9270 9442 9485 9839
451 267 332 427 597 1389 1489 1572 1874 2264 2513 3379 3508 3914 4173 4478 4645 5817 6196 6216 6786 7826 8337 8350 8716 8748 9046 9740 9947
450 776 865 1167 1466 1958 2155 2939 3004 3193 5358 5553 5671 5862 5872 6014 6251 6608 6999 7048 7147 7786 7991 8068 9146 9635
449 112 191 1107 1855 1994 3495 4299 4912 5132 5199 5461 5635 6656 7458 7997 8995
448 184 496 759 779 838 2003 3074 3163 3250 3683 3825 4341 4527 4552 4785 5157 7307 7349 7569 8480
447 218 792 987 1731 2060 3680 4365 4528 5423 5668 5748 5900 6103 6249 6636 7650 8077 8681 9265
446 535 675 1121 1323 1534 1898 2225 2445 2522 2555 3753 3783 4389 4463 4529 4915 5909 6414 6603 6613 6809 7162 7336 7736 8134 8644 8686 9198 9244 9260 9821
445 142 1432 1876 2135 2491 2806 2858 3985 4385 4901 4973 5752 5869 7277 7301 7652 8431 9595
444 36 447 646 670 978 979 1383 1571 1786 2870 2879 2906 2911 3083 3792 4151 4824 5715 6173 7024 8486 8914 9822 9837
443 447 527 1042 1343 2136 2264 2337 2555 2812 4199 4580 5815 6259 6613 6746 6938 7490 8043 8130 8183 8250 8764 9199 9256 9805
442 518 658 874 1662 1761 1871 2920 3491 4437 5743 5769 6356 6547 6899 7669 7978 8461 8978 9042 9206 9842 9931
441 592 1182 1238 2962 3707 3845 4360 5154 5673 5677 5761 6837 7949 8610 8921 9842
440 691 1690 1774 1942 2043 2327 2409 2887 2895 3088 3154 4511 5890 5985 6011 6160 6324 7053 7459 7862 8060 8702 8712 9007 9244
439 482 1147 2100 2490 3863 3936 4512 4536 4730 5104 5554 5807 6082 6611 7207 7597 7987 8711 8716 9868
438 38 726 1299 2458 2532 2783 3376 3473 3894 4044 4463 4749 5754 5793 5905 6853 7536 9162 9842 9886 9955
437 21 190 524 690 1117 1369 1426 2368 2932 2969 3354 5026 5130 6015 6060 6101 7126 7634 8423 9044 9097
436 155 293 1130 1625 1794 2701 3119 3638 3706 3752 3900 5445 6021 6203 6250 7668 7816 8992 9091 9615 9731
435 725 849 1025 1361 1937 2274 3894 4020 4178 4615 4906 4960 6722 7949 8293 8359 8463
434 259 267 456 563 652 780 1546 2480 2707 3307 3703 4420 4660 4668 5705 6447 6580 6729 7085 8049 8180 8501 8687 9653 9709
433 374 458 2161 2630 2962 4039 4553 4650 4762 5103 5489 5643 6101 6338 6486 8428 8853 9139 9310 9903
432 1625 1743 2350 2555 3214 3975 4034 4340 4586 6260 6537 6940 7138 7632 7762 8175 8491 8655 8738 9290 9803
431 67 953 1412 1668 2308 2846 3865 5162 7732 7836 8431 8667 8846 9228 9502
430 2 33 79 4176 6294 6458 6549 6803 6879 7017 8140 8156 8202 8513 8558 8763
429 79 860 937 1091 2255 3758 3784 4036 4913 5074 5307 6021 6141 6280 6522 6528 6547 6613 7268 7436 7521 7652 7702 8036 8387 8809 9023 9176 9533 9534
428 279 776 1292 1381 1510 1536 3240 3398 3616 3923 4191 4627 4632 6041 6842 7302 7591 7652 8116 8307 8343 9008
427 243 571 1034 2294 2555 2666 2878 3203 3379 3613 3877 3961 4462 6382 6534 7153 7448 7457 7806 7997 8062 8079 8794
426 42 449 551 593 2847 3095 3466 3982 3991 4920 6116 6926 7153 7895
425 321 347 652 930 1647 1979 2403 2462 2536 2546 2549 2655 2892 3111 3465 4527 5438 5880 6437 6583 7063 7178 7615 8361 9480 9945
424 457 935 979 1496 1868 2175 2233 2240 3146 3821 4502 4892 5029 5583 6296 6785 7183 7280 7699 7810 7883 7887 7893 9067 9688
423 352 979 1061 1538 1645 1956 2272 2283 2407 3012 3096 3100 3316 3742 4760 4928 6153 6534 6613 7296 7939 8384 8711 9007 9141 9332 9460 9638 9842
422 802 1570 1956 2240 3531 3541 3763 4203 4340 5056 5359 5742 6231 6827 6840 6928 7296 7641 8224 9057 9366
421 637 761 1072 1118 1773 1851 1948 2327 3427 3474 4169 4286 4314 4741 4893 5040 5536 5677 5869 7006 7321 8043 8815 9008 9901
420 714 1223 1419 1668 1878 2013 2177 2590 4480 4766 6225 6958 7028 7151 7153 7304 8519 9199 9637 9920 9931
419 205 235 246 1840 1845 2335 3245 4013 4821 5836 5962 6021 6150 6584 6701 7656 7949 8043 8195 8854 9230 9628
418 108 432 1026 1424 1715 1749 2038 2750 3932 4042 5307 6327 6939 7034 7699 7781 8190 8618 9296 9352 9609 9903 9940
417 167 634 783 955 2685 4159 5178 5663 5968 6258 7088 7180 7600 8204 8235 8246 8660 9222
416 864 1895 1992 2155 3690 3982 5065 5093 5276 5580 6099 7356 7613 8106 8157 9007 9129 9314
415 412 935 1202 1541 1650 1680 1880 3104 3225 4134 4607 4805 5656 5874 6141 6478 7049 7055 7327 7949 9483 9968
414 110 227 1305 1473 1476 1496 2066 2589 2673 2729 3099 3106 3202 4134 4558 4591 6739 7123 7413 7519 8899 8969 9047 9066 9123 9602 9608
413 206 321 352 1159 1833 1939 1979 2194 2265 2643 3871 4199 4308 4444 4684 5027 5097 5143 5504 5889 6075 6269 6610 6984 7256 7643 7732 8649 8922 9032 9268 9355 9968
412 220 830 1134 2952 3537 3895 3944 4345 4671 4903 5695 5962 6588 6731 7856 8658 8900 9004 9341 9566 9833
411 271 450 1834 2327 2872 3297 3797 4091 5565 5706 6348 6602 6618 6898 7120 7549 7552 9391
410 513 1256 1514 2146 2924 4062 4180 4523 5122 5175 5311 5446 6049 6196 6311 6503 6655 6883 7510 8105 9177
409 116 273 488 910 935 1117 1360 2533 3169 3337 3417 3446 3894 4054 4728 4763 4901 5167 5340 6482 6819 7969 9139 9533 9806
408 719 1616 1774 2996 3562 3670 4940 5223 5727 6324 8152 8432 9568
407 737 1449 1695 2263 2288 2554 3074 3422 4021 4047 4108 4133 4218 5468 5677 6025 6327 6581 6584 6594 6923 7880 8991 8994 9043 9182
406 1233 2146 2988 3195 3375 3395 3822 4026 4938 5063 5317 6347 6486 6873 8259 8293 8439 8628 8858 9280 9467
405 79 276 452 683 732 1436 1957 1959 2433 2434 2799 2973 3079 3093 3415 5064 5326 7008 7085 7367 8388 8935 8946 9003
404 2 924 1510 2097 2555 2842 3541 3783 4755 4917 5307 5857 6065 6575 6973 7296 8033 8177 8615 9208
403 553 631 780 925 2366 2555 2986 3025 3267 3434 4302 4411 5082 5090 5433 5446 6364 6667 6862 6938 7413 7429 7780 8170 8747 9795
402 1238 1289 1922 2580 2746 4199 4786 5248 5446 5533 6119 6133 6396 6547 6968 7009 7748 9076 9085 9453 9659
401 427 745 1446 1652 2050 3106 3164 4257 4901 5374 5412 5902 6082 6388 6753 7503 8119 8722 8790 9197 9480 9743
400 61 474 1177 1557 1719 1799 1984 2954 3159 3875 4527 4577 4658 4689 5090 5216 5220 5439 5880 6669 7141 8592 9185 9594 9720
399 745 1260 1801 1805 2192 2769 2859 3592 3597 3964 4035 4434 5457 6467 8018 8756 9423 9600
398 580 673 1853 2533 2569 3285 4035 4141 4326 4602 4757 5355 5457 5638 5877 5995 6146 8011 8116 8387 9138 9381
397 522 1050 1376 2109 2288 3134 3327 3468 3657 4449 5145 5214 5443 6749 7699 8196 8296 8644 8841
396 2024 2447 3293 3394 3543 4234 4965 5155 5370 5677 5795 6534 7491 7806 8447 8671 8994 8996 9883 9968
395 702 817 948 1981 1993 2051 2271 3316 3656 4522 4692 5161 6716 6737 7192 8459 8491 8958
394 2 43 132 321 1185 1956 2452 2543 3079 3320 3541 3803 3806 4636 6104 6504 6576 7121 7880 8912 9224 9607 9682 9906
393 2 395 427 739 1145 1174 1731 2777 3823 4572 5107 5177 5682 6044 7261 7495 7736 7948 8064 8286 8713
392 300 919 933 935 2067 2102 2175 3296 3489 3496 3575 3819 3936 5458 6228 7193 8440 8916
391 833 968 1252 1559 1679 1752 2794 2943 4152 4828 5156 5972 5990 6967 7132 7782 9007 9244
390 2 79 208 233 374 554 1066 1445 2115 2239 2630 2752 3750 3937 4705 5643 6010 6174 6218 6986 7001 7340 7751 7857 8140 8392 8800 8830 8994 9802
389 90 2439 2524 2542 2844 3331 3610 3789 3795 3885 4399 4820 6040 6474 6836 6891 6917 6920 7049 7693 8406 9301 9702
388 162 721 879 1126 1520 1579 2240 2340 2540 3521 6818 7359 7519 8150 8188 8360 9533
387 28 88 183 359 1164 1238 1774 3132 5264 5365 5515 6488 6771 6829 7153 7226 7362 7629 8212 8644 9331
386 208 1125 1252 1277 1723 2270 2426 2463 2566 2633 2760 2943 3937 4095 4815 5402 5715 5848 6550 6717 6773 6778 7219 7438 8212 8387 8456 8457
385 660 755 1570 1769 2095 2962 3602 3976 4340 4796 5676 6362 6429 6677 6934 7082 7728 8189 8450 8535 8614 8948 8994 9224 9675 9841
384 79 935 1627 1941 3028 3623 3996 5054 5182 6466 6774 6970 7347 8264 8722 8746 9519
383 372 398 935 1010 1194 1296 2148 2679 3860 3936 4296 5064 5880 6855 7455 7483 7554 7883 8284 8919
382 931 991 3069 3533 4390 4441 5013 5788 6278 6470 6487 7553 8164 8893 9043 9363
381 79 198 1228 1734 1955 2732 3520 3723 3877 4302 4413 4609 5702 6726 7314 7629 7951 8248 8406 8560 8634 9199 9461
380 183 382 518 674 762 1216 1222 1249 1252 1387 1889 2134 2469 3079 3830 5299 5349 5715 6014 7438 9544 9751 9819
379 62 719 1422 1668 2369 2426 2955 3074 3366 3425 4068 4077 4824 4905 6153 6234 7413 7722 8491 8808
378 858 1079 2838 3782 3792 4215 4457 4694 5433 6121 6327 7066 7751 8630 8830 8832 9167 9604
377 560 955 1181 1272 1281 2458 2818 2820 4542 5209 5250 5270 5362 5906 6085 6547 6683 6966 7413 7575 7720 8193
376 345 438 521 925 935 1675 1846 2030 2327 2907 2994 3659 3710 3830 3894 5483 6086 7056 7077 7275 7413 7924 8231 9007 9691
375 815 1956 2583 5089 5183 5219 5230 5862 5868 6047 6099 6570 7811 8010 8035 8994 9781
374 813 1344 1774 2475 2885 3148 3513 3593 4174 4571 5767 6130 6613 6914 7267 7576 8138 8319 8355
373 79 494 1243 2904 3023 3982 4624 4836 5196 5295 5508 5852 5855 6001 7174 7323 7337 7998 8562 8910 9129 9368
372 287 321 640 1055 1297 1411 2149 2559 3111 3219 4324 4341 4393 5201 5271 5292 5387 6808 6844 7607 7616 9075 9292 9688 9979
371 305 541 569 2013 2058 2288 2875 2962 3012 3020 3704 4063 4641 5067 5141 5436 5451 5484 5945 6061 6167 6614 6986 7234 7732 7934 8030
370 1481 1884 2128 3602 4135 4260 5168 5787 6021 6101 7116 7246 7324 7945 9808
369 37 213 2114 2254 2398 4004 5850 6906 7267 7296 7546 8446 9492 9903
368 324 847 1866 2333 2774 3163 3345 3404 3553 3577 5860 6028 7413 8045 8106 8406 8962 9404 9718
367 183 238 259 1294 2242 3939 3968 4153 4535 6413 7243 8483 8713 9669 9688
366 475 812 1443 1611 1628 1670 1868 3877 4415 4437 4764 5434 5597 6768 6815 7892 8075 8081 8124 8406 8706 8732 8883 8922 9904
365 223 321 427 1179 1778 1920 2480 3152 3155 3661 3894 4045 5678 6020 6772 7239 7414 8555 8927 9356 9533
364 51 677 979 1117 1373 2735 3447 4145 4176 4225 4311 4743 5412 6230 6462 7804 8130 8140 8310 8936 8987
363 46 467 1145 1149 1240 1484 2825 4127 4558 5035 5401 5951 6312 7611 8125 8362 8376
362 547 758 925 947 1231 2146 2317 2728 3074 3082 3524 3561 4104 6005 6404 6946 7095 7260 7439 9270 9565
361 454 708 776 2085 3543 3876 4576 4579 5059 5248 6597 6878 6955 9286 9591 9979
360 1901 2209 2767 3249 4565 4739 4946 5925 6178 6550 6709 7699 7974 8171 8661 9075 9129 9223 9244 9386 9426
359 574 1219 2064 2269 2708 2790 2839 3736 3832 3936 5342 5578 5670 6458 6986 7238 7272 7379 7569 7732 7762 8396 8599 8852 9160 9713 9968
358 212 1141 1261 2643 2666 2673 3050 3805 3894 5634 5755 6076 7224 7641 7981 8293 8757 9218
357 1005 1299 1311 1349 1508 3982 4635 4788 5941 6204 6628 6810 8421 8908 8938
356 541 1451 2669 2704 3509 3798 3873 4404 4988 4997 5980 6893 7278 7496 8659 8666 8907 9070 9385 9708
355 27 569 921 977 1248 2560 2704 3537 3564 4249 4978 5255 5298 6681 8851 9749
354 1 254 412 756 878 1293 1505 1925 2120 2518 2757 2790 3074 3883 4269 4661 4677 5007 5163 5507 5756 5880 5962 6945 6960 7438 7637 7736 9045 9301 9400 9533 9936 9968 9990
353 109 199 321 712 939 3027 3380 3697 3936 4129 4613 4628 5997 6758 7298 7429 7759 8242 8595 8893 9470
352 896 992 1009 1625 2060 2325 2456 2877 3163 3431 3810 3894 3959 5385 5572 5600 5715 6413 6490 6534 6705 6880 6903 7598 7965 8812 9244 9533 9955 9968
351 393 868 979 1610 2881 3064 3794 4171 4765 5869 6101 6123 7055 7456 8333 8405 8438 8662 9060 9747 9968
350 238 321 1137 1395 2483 2618 3397 3456 4334 4546 4994 5098 5401 7652 7691 8084 8357 8599 9018 9137 9968
349 3 303 511 951 1091 1950 2114 3344 3701 3936 4199 5511 5726 6030 7012 7354 7395 7824 7844 8278 9026 9370 9654
348 81 367 935 951 1271 1351 2465 2834 3182 3818 4325 4855 5880 6177 6827 6938 7652 7698 7851 8049 9678 9705 9908
347 665 935 1454 3256 3746 3870 5431 5677 5996 6944 6947 7565 7695 7997 8372 8484 9876
346 574 1136 2285 3189 3720 4605 4669 5724 6424 6534 6991 7041 7291 7567 8129 8249 9197 9301
345 446 558 1083 1625 2473 2951 3051 3528 3927 4035 4070 4483 4736 4909 5546 5677 5715 6217 7065 7568 7709 8830
344 1058 1588 2301 3758 4901 5064 5160 5170 5381 5833 6263 6574 7338 7746 7796 8896 9301
343 520 720 918 3012 3032 3555 4292 5781 5926 6482 6778 6824 8671 9807 9884
342 45 465 523 1092 1398 1567 2652 2674 3532 3936 4310 4327 5055 5636 5898 7285 7513 7736 8136 8882 9197
341 116 583 979 1717 1763 1765 2027 2488 2616 2962 3521 4497 4575 4670 5661 6482 7452 7846 7895 7972 8118 8663 9160 9984
340 166 643 760 881 1086 1686 2247 2288 2340 3086 3363 3889 5062 5379 5628 6149 6741 7762 8293 8464 8572 8888 8910 9027 9968
339 1148 1542 1903 2822 3235 3275 3982 4350 4517 4664 5112 5797 5973 6222 6436 6584 7044 7087 8125 8651 8758 8988 9077 9337 9436
338 312 1073 1746 2340 2962 3381 3408 3982 4901 4982 5962 5992 6465 6870 7185 7200 7663 7709 8994 8997 9261 9717
337 380 412 575 722 727 2858 3424 3533 3830 4409 4638 4667 4772 5437 5653 5885 6343 6423 7699 8832 9374
336 2 751 838 1625 1752 1832 2833 3373 3427 4340 4438 5366 5871 6054 6538 6712 7137 7153 7719 8218 8374 9758 9946
335 475 559 1324 1731 1822 2264 2440 2594 2986 3584 3982 4664 5169 5219 5690 6434 7498 8135 8150 8470 9151 9401
334 476 569 1105 1668 1774 2197 2211 3066 3156 3675 3699 3877 3885 5803 5848 7064 7308 7435 7623 7865 8062 9007 9387
333 390 750 970 1117 1206 1772 2439 2491 3527 3902 4924 5512 6827 7012 7883 8113 8122 9007 9083 9775 9804
332 255 358 1232 1523 1601 2387 2683 3111 3385 4045 4199 5219 5684 5758 6550 7074 7199 7210 8086 9013 9090
331 170 662 745 908 1093 1669 1739 1774 1934 2155 2232 3003 3032 3102 3238 4091 6498 6771 7191 7831 8448 8528 9262
330 1365 1642 2000 2288 2629 2978 3298 3758 3877 5553 6646 6686 6770 7440 9032 9103 9659 9763 9930
329 216 440 608 843 1753 1838 2195 2302 2962 4765 4783 5375 6166 8185 8287 9518
328 259 427 709 1859 2402 2771 3485 3512 3864 4955 5359 5509 5734 6001 6397 6538 6543 6547 6631 6692 9499 9551 9848
327 77 105 1042 1125 1253 1557 1798 1815 2029 2407 2709 2856 2985 3230 3792 4884 5193 5340 6266 6892 8403 8539 8910 9145 9199 9281 9372
326 39 183 401 516 525 1552 2310 3376 4510 4778 5412 5446 5623 6890 6997 7293 7762 8583 8952
325 137 259 649 1091 1289 1668 1779 2464 2555 3208 3567 4256 4352 5785 5876 5962 6101 6352 6407 6505 6671 7119 9012 9453 9607
324 1025 1963 2314 2346 2486 4590 7062 7148 7874 8603 8635 9000 9211 9972
323 76 1403 1534 2101 2288 2383 2983 3308 3607 3783 4343 4728 5111 5815 5958 6712 6725 7013 7244 7659 7725 8143 9625 9676
322 541 925 935 979 1210 3117 3200 3936 4109 4453 4846 5848 5947 6811 6827 7949 7997 8722 9526 9968 9970
321 379 860 897 1220 1752 2063 2240 2288 2407 2900 4309 4695 5150 5234 6465 7393 7647 8163 8363 9376 9537 9637
320 555 851 1425 1465 2344 2391 2591 2737 2962 2976 3743 3914 3983 4616 4832 6613 6793 7055 7296 7551 7713 8797 9347
319 79 220 310 321 376 742 1238 1745 1858 1865 2315 2327 3074 4004 4081 4742 4855 4926 6141 6285 6512 6859 7159 7355 7438 7736 8294 8594 8864 9083 9159 9255
318 468 1364 1978 2168 2480 2639 2983 3012 4688 4879 4930 5388 6014 6590 6938 7001 7652 7657 7988 8518 9023 9866
317 79 2638 2725 3633 4340 4970 5737 5875 5950 6336 6480 6777 6959 8687 8811 8812 9217 9474
316 527 603 863 2107 2173 3521 4035 4933 5412 5587 5962 6117 6572 7309 7438 7795 8067 8431 8678 8759
315 745 1557 2819 3074 3284 4561 5158 5364 5606 6428 6632 6666 7172 8104 8965 9524
314 30 53 1496 1524 1940 2721 2837 2867 2925 3409 3535 3586 3669 3858 4400 5072 5340 5514 6030 6477 6538 7582 7822 7883 8624 9495
313 463 663 728 847 895 935 1622 1761 2074 2079 2773 2787 2929 3304 4051 4584 4824 4855 5543 6482 6538 6967 6979 7486 7525 7652 7699 8009 8462 9295 9615
312 30 130 321 2944 3016 3231 4108 5094 5339 5534 6014 6336 6452 6547 6695 6776 8316 9834 9948 9968
311 695 1260 1336 1348 1697 2552 2884 3074 3319 3513 3994 4845 5869 6310 6863 7153 7770 7984 8275 8566 8677 8711 8720 8878 9120 9533
310 935 2304 2319 2339 2401 2643 3111 3227 3572 4132 4442 4855 5596 5728 6406 6500 6528 7054 7399 7413 7438 8085 8125 8478 8840 9260 9309
309 1105 1534 1672 1727 2866 3642 4097 5011 5273 5340 6547 7026 8789 8918 9107 9209 9533
308 18 63 131 202 518 569 862 1125 1305 1711 2537 2601 2615 2970 3012 3032 3103 3160 3550 4286 5006 5268 5504 5802 6270 6385 6526 6736 7153 7456 8331 8341 9179 9301
307 165 172 183 707 1385 1625 1961 2486 2810 2893 3207 4243 4352 4507 4967 5294 5507 5901 6687 7331 7360 7575 7698 7762 9178 9349 9481 9579 9755 9757 9928
306 321 420 1187 1380 1647 2065 2870 2986 3754 5097 5212 5645 5748 6026 6318 6748 6889 7037 8004 8816 8848 9626
305 1929 1984 2340 3316 5535 5751 5880 6044 6410 6457 6635 7120 7740 8083 8466 8837 9259 9478 9645 9674
304 13 79 768 847 1534 1762 2555 2986 3012 3836 4032 4587 5175 5386 5470 7956 8345 8449 8495 8688 9285 9362 9578
303 425 1242 1670 2256 2850 2915 3312 3668 4719 4965 6496 7240 7267 7762 7787 8340 8434 8894 9195 9231 9873
302 73 427 687 688 1043 1315 4212 5017 5075 6351 7021 8842 8981 9533 9937
301 971 1176 1638 1688 2003 2236 2288 2989 3146 3949 5835 7050 7296 7798 9109 9545 9818
300 205 712 1423 1964 2210 2617 2904 3665 4691 4942 4962 6022 6519 6635 6865 7086 7266 8125 8145 8234 8282 8499 8994 9171 9224
299 101 182 492 647 838 1348 1668 2412 2481 2526 2790 3006 4056 4714 4976 5096 5211 6672 6921 7093 7363 7713 8762
298 1287 2198 2288 2439 2923 3265 3840 3997 4117 4150 4340 4475 4956 5340 5430 6000 6922 7415 7848 7949 8269 8618 8716 8885 8994 9007 9216 9533
297 810 1681 1930 1962 4106 4272 4391 5208 7652 8411 8505 9139 9173 9371 9465
296 1323 1900 2192 2399 2538 2579 3178 3708 3752 5050 5368 5448 6112 6209 6658 7096 7133 8312 9335
295 17 108 368 369 421 2124 2160 2917 3545 3560 5099 5327 6296 6547 7036 7318 8134 8348 8488 8920 9007
294 577 1095 2140 3808 3941 4342 5229 5257 5478 5482 5740 5964 6175 6326 6540 6712 7880 9153 9436
293 129 707 1352 1720 1841 4128 4531 4884 4944 4967 5247 5530 6424 6851 7537 7559 8215 9007 9244
292 321 578 984 1004 2025 2127 2553 4326 5369 5870 6525 6556 8600 9811 9842 9994
291 437 667 935 1534 1543 2304 2389 2555 2791 3104 3183 3376 3836 4176 4181 4937 6781 8026 9056 9358 9565
290 769 1818 2238 3804 4245 5767 5838 6431 6470 6599 7029 7285 8142 8284 8302 8920 9276 9685
289 79 925 1916 2643 2795 3012 3014 3405 3624 4258 5038 5942 6190 6464 6568 6584 6619 6935 7747 8211 8612
288 935 1499 1542 1665 2031 2240 2497 3855 5147 5502 5772 5859 5860 7153 7240 8206 8492 9414 9865
287 301 799 1051 1309 2355 2416 2875 2882 3823 4377 4432 4619 4665 4735 5783 6216 6661 7438 7481 7713 8193 9852
286 632 1238 1299 2288 3074 3113 3371 3643 3796 5899 6672 7248 7369 7423 7736 8068 8645 8686 9190 9487 9916
285 420 692 1248 2593 2918 3215 3331 3650 4314 6105 7262 7653 7762 8042 8994 9245 9404
284 925 1809 2191 2986 3470 4254 4345 4838 4929 5172 5692 6170 6402 6507 7077 7314 7740 8148 8534 8826 9842 9968
283 5 159 610 748 912 1048 1358 1598 2201 2346 3543 3852 3918 4295 4356 5307 5501 5898 7438 7457 8188 9298 9581
282 1707 2121 2340 3693 3711 3837 5097 6287 7506 7640 7821 7880 8123 8153 8212 8495
281 169 219 991 1058 2555 3004 3584 4035 4527 5181 5352 5677 5715 5810 6038 6698 6765 7543 7553 7875 8134 8961 9383 9775 9827
280 234 503 1614 1821 3023 5187 5934 6924 6942 7105 7313 7542 7820 8051 8491 9219 9232 9541
279 79 644 2627 3012 3965 4807 5034 6021 6258 6469 6692 7161 7251 7397 7413 7652 7868 7883 8013 8709 8937 9116 9199 9938
278 616 745 898 1299 2904 3521 3748 3758 4592 5547 5703 5957 6327 6838 7652 7789 9039 9582 9583 9585 9730 9750
277 686 1348 2013 2105 2164 2981 3322 4443 4625 5373 5799 5998 6613 8087 8471 8994 9051 9175
276 148 311 935 1103 2288 2358 3172 3184 4124 4539 4958 5019 5241 5326 5763 6264 6306 6700 7153 7413 8530 9078 9414 9932
275 83 447 790 1458 2427 3043 4469 4727 5248 5485 5531 5798 7438 8220 8247 8514 9406 9898 9968
274 412 831 2288 2666 3491 4020 4830 5529 5569 6078 6239 7186 7232 7699 8782
273 1496 1668 1710 2240 3510 3936 4199 4653 5029 5064 5667 6219 6620 7043 8125 8509 8543 9114 9766
272 352 1923 2260 2856 3163 3288 4197 4919 4935 6084 6275 6489 6886 8257 8708 9007 9101 9654
271 1339 1501 1742 2966 3354 3523 3582 3637 3751 4002 4900 4988 5105 5567 6057 6189 6467 6938 7687 7749 7984
270 1316 2968 3074 3981 4069 4323 4344 4361 5265 5398 5471 5507 5657 6608 7082 8014 8130
269 96 569 935 1413 3241 3827 4071 4455 4782 4811 4909 5407 5437 5821 5913 6267 6404 6511 6613 7042 7198 7517 8183 8265 8290 8770 9374 9510 9777 9992
268 406 546 710 730 1415 1455 1632 2717 3199 3539 3602 4457 4819 5816 6989 7762 7997 8131 8506 8644 8810 9404
267 32 141 1083 1247 1496 2240 2288 2962 3414 3714 3885 4045 4216 4314 5226 5762 6195 6349 6670 7654 7762 7883 8058 8111 8387 8427 9540 9764 9968 9991
266 116 226 340 444 1121 2078 2555 2578 2927 3304 3691 3894 3945 4752 4958 5910 7692 8088 8092 8198 8460 9403 9428
265 14 552 735 930 1613 2323 2415 3757 3877 3885 3989 4377 5583 6094 6707 6918 6938 8125 8320 8503 8830 9325 9655 9836 9935
264 565 741 1224 1299 2013 2189 2288 3885 4896 5715 6242 6817 7355 7703 8239 8644 9457 9589 9939
263 1079 2962 3034 3244 3700 3846 4367 4728 4802 4870 5326 5862 6341 6445 6647 6691 7240 7289 7779 8236 8831 9130 9197 9275 9957
262 590 757 1496 2340 2474 2902 3342 4011 4401 4472 4943 5630 5794 5824 7306 7881 7894 8005 8109 8462 8566 8600 9160 9200 9265
261 2 450 765 906 1429 1557 1589 1637 2704 2779 3043 3737 4199 4400 5149 5696 6054 6290 6635 7405 8744 9527
260 1053 1330 2002 2489 3046 3103 3783 3894 4574 4901 5450 5893 5896 6458 6675 6996 7499 8212 8371 8406 8902 9551 9793
259 29 250 352 400 823 876 1273 1527 1879 1979 3103 4071 5286 5437 5507 6036 6759 7020 8796
258 1790 2690 2852 3229 3671 3839 4809 5351 5490 5589 6136 6164 7922 8105 8889 9294
257 264 1242 1952 2203 2240 3271 4692 4783 4822 4898 5163 6029 6064 6977 7170 7762 8066 8252 9823 9990
126 366 501 552 1290 1454 2052 2165 2171 2643 2657 2699 3017 3364 4649 4780 4941 5442 5500 5762 6226 7684 8289 9273 9874
125 1152 1362 2349 2889 4314 5052 5386 5662 6875 6900 7699 7927 8154 8674 8848 9040 9374 9545 9786
124 79 332 352 811 1560 1722 1933 2019 2058 2723 3981 5419 5917 6621 6896 7072 7122 7157 8951
123 24 80 300 1476 1478 1593 2279 2643 2818 2857 3158 4490 4526 5788 5929 6258 6313 6578 7133 7288 7706 8891 9431 9988
122 434 468 668 1625 2494 2932 3451 3543 4311 4633 4786 5245 5318 5917 6560 7501 7558 7669 7912 8159 9178 9573 9877 9912
121 178 1265 1763 1984 2571 3521 4167 4277 4285 4720 5247 5762 6566 6821 7860 7949 8203 8750 9192
120 134 1668 2226 2340 2443 2982 3081 3184 3376 3538 4326 6054 6165 6369 7742 7758 8158 8725 9065 9075 9244 9494 9573
119 176 505 569 604 1298 1595 2537 2739 2876 2922 4274 4873 5233 5466 9034 9075
118 100 456 904 1479 1904 2318 2586 3058 3835 3894 4317 4840 4939 5003 5636 6170 6261 6643 6895 7154 7896 8027 8142 8295 9086 9432 9965
117 935 1573 2013 2422 2724 2734 3024 3103 3143 4341 4558 5014 5115 5918 6030 6516 6789 7001 7120 8134 8601
116 259 396 1134 1984 2508 3501 3530 4314 5152 5156 5492 5788 6034 6672 7517 7715 7797 8883 9161 9746
115 54 538 1204 1429 1631 2218 2290 3813 5966 6528 7889 8146 8441 8491 8652 8765 8870 9111 9124 9515
114 2 79 504 1539 1633 2260 2803 2898 3130 3877 5063 5399 5412 6323 6586 7310 7762 7874 8167 8370 8700 9616 9683 9723
113 278 450 882 1071 1238 1839 2061 3145 3950 4102 4352 4396 4865 5049 6251 6459 6962 7921
112 79 1503 1728 2018 2121 2176 2278 2634 4304 4750 4823 5608 5715 6331 6373 6949 7575 7621 8387 8932 9610
111 113 621 738 2179 2422 2644 2962 3101 3437 4474 4679 4958 4991 5458 7481 8019 8300 8761 9449 9593
110 462 1112 1145 1581 1774 3190 3490 3504 4340 4855 5053 5141 5899 6200 6881 7032 7240 7284 7429 7967 8351 8598 9284 9411
109 716 935 958 1454 1461 2864 3032 3586 3718 4170 4793 5396 6122 6805 7187 7486 7709 7858 7925 8169 9031 9199 9444
108 529 540 1971 2741 3144 3842 5006 5043 5173 5704 6126 6380 7531 7759 8212 9644 9665
107 1299 1831 2961 3254 3838 4246 4290 5138 5548 5758 6471 8391 9086 9137 9183 9606 9632
106 261 543 1117 1357 2582 2726 3303 4199 4519 5412 5715 7079 9514
105 122 205 309 427 786 1829 2118 2635 3290 4957 5334 5862 6030 6101 7240 7320 7586 7670 7975 8452 8465 8722 9225 9312
104 174 625 1149 1289 1668 2293 2413 2998 3522 3584 3909 4567 4808 5240 5894 5933 6537 7012 7709 7762 7996 8939 8994 9007 9357 9530 9943
103 564 969 1079 2150 2555 2605 3241 3341 3567 3836 3932 3936 4710 4986 5432 6157 6347 6982 7234 7556 8005 9545 9598 9720 9787
102 225 486 843 850 2003 2647 3755 4679 4871 5660 6286 6630 7312 8074 8329 8443 9271 9857
101 724 1492 2013 2604 2615 2974 3276 3982 4025 4346 4985 5397 5800 6083 6849 7276 7439 7550 8307 8742 9567 9573 9681 9709
100 34 1192 1498 1739 2212 3144 3445 3744 4160 4280 4364 4501 5194 5708 6020 6125 7241 8722 9252 9500
99 148 188 227 299 1080 3727 4330 4423 4639 4648 5122 5340 5483 5639 5685 6185 7114 8104 9038 9852
98 257 567 569 607 876 2240 2288 3012 3192 3716 5295 5766 6075 6631 7164 7429 8671 8828 9108 9244 9692
97 477 1052 1267 1529 2860 3533 3741 4224 4429 5715 6674 7108 7183 8267 8722 9193 9826
96 89 2916 2997 3877 3887 6842 7357 7880 7971 8293 8620 8749 8817
95 788 927 2648 3781 4264 4341 5287 5341 5451 5775 5856 6135 6547 7203 7233 7883 8417 8547 9850
94 135 407 1379 1530 2052 2112 2662 3371 4056 5437 5537 6611 7090 8284 8401 8801 9687 9842
93 183 517 753 787 1002 3278 3325 3717 3783 4182 4507 5412 5862 6187 6393 8126 9007 9421 9797
92 321 357 782 1199 1738 2240 3529 3553 4180 4629 4699 4971 5371 6035 6101 6296 6551 7233 7699 8496 8516 9129 9265
91 447 1134 1356 1585 2121 2128 2460 2600 3053 3092 3545 4094 4147 5547 6221 6403 7240 7762 8110 8586 8604 8716 8836 8976 9761
90 148 605 1208 1308 1353 1391 1554 2266 3684 3982 4175 4244 4377 4847 5555 6547 7752 8000 8895 8904 9010 9289 9483 9834 9852
89 1125 1428 2092 2139 2263 2340 2408 2468 5680 6044 7153 7545 7707 8306 8373 8498 8831 9293 9422 9461 9820
88 996 1597 2240 2555 3059 3251 3662 4229 5097 5412 5780 5862 6730 6850 7949 8145 8692 9506 9953
87 496 773 1003 1218 2295 2307 2496 3316 3850 4100 5580 5825 5871 6052 7968 8343 8493 8736 9741
86 967 1429 1871 1914 2240 2568 2892 3009 3074 3282 3958 4134 4385 5117 6110 6237 6734 6797 7200 7285 7418 7574 9704 9944
85 824 1040 1106 1625 1757 2032 2470 2485 2962 4350 5004 6210 6672 7443 7545 7590 8082 8132 8248
84 7 249 283 356 1044 1710 2615 2962 3022 3689 4035 4842 4852 5053 5532 5715 5962 5966 6280 6537 7459 9025 9040 9188 9301 9636 9962 9968
83 72 1358 1429 1780 2231 2390 2643 4320 4533 5083 5266 6615 6765 6952 7078 7097 7474 7669 7709 7762 7771 8022 8167 8445 8740 9299 9548
82 826 1534 1626 2662 3946 4035 4514 4721 5124 5869 6963 7453 8233 8643 9798 9872
81 133 655 804 1860 2157 2240 2650 3048 3747 5193 5421 5441 5456 6640 7153 7304 7329 7606 7615 9055 9239 9667 9677
80 214 352 1125 1299 1319 1435 2005 3285 4027 4314 4315 4654 4765 4831 6584 6710 7166 8169 8209 8491 9722 9889
79 56 374 585 1140 1908 2057 2252 2417 3074 3731 4403 4784 4801 5302 5347 6258 6346 7205 7429 7849 9075 9317
78 247 251 1678 2557 3049 4855 5762 6011 6054 6316 6951 7004 7968 8776 8778 8986 9557
77 2 84 284 630 2815 3213 3371 3836 4168 4399 4890 5219 5449 5848 6327 6642 6962 7432 7682 8151 8193 8238 8345 8396 8589 8671 9959
76 76 1083 1515 1763 1788 2240 2796 3120 3721 3841 3882 5715 6003 6718 7018 7153 7221 7292 7679 7762 8491 8498 8920 9470 9736 9848 9954
75 557 847 1734 1787 2476 3408 3428 4035 4271 4704 5777 6192 6213 6232 6482 6537 6817 7585 7593 7956 8125 8309 8722 9498 9961
74 164 351 410 478 1776 2085 3543 3573 3936 4888 5445 5631 5911 5923 6044 6499 7438 7517 7800 8243 8701 9545
73 75 168 336 1081 2184 2681 2788 3102 3263 3584 3969 4079 4837 4985 4995 5053 5503 6367 6370 6595 6889 7500 7762 7771 8053 8812 8994 9732
72 2564 3161 3540 4089 4281 4457 4459 5544 5698 6102 6491 7135 7194 7713 8431 9270 9299 9622 9993
71 136 286 326 793 921 1227 1429 1668 2298 2432 2863 2897 3074 3166 4362 5393 5412 5917 6747 6752 6978 7131 7179 7289 7806 7949 8043 8183 8209 8406 8508 8887 9330 9338 9852 9917 9968
70 23 76 116 338 1119 1437 1586 2534 3505 4367 5386 6292 6625 6859 7433 7736 8349 8522 8621 9007 9842
69 75 1343 1400 1430 1781 1918 2327 2910 3002 3195 3210 3427 3964 3992 4951 5493 6131 6801 7709 7710 8134 8663 8684 8729 8894
68 1250 1698 1892 2340 2551 2764 3961 4080 5251 6032 6301 7075 7115 7709 7718 8305 8733
67 3548 3549 3651 4184 4849 5428 5561 5748 6168 7296 7636 8266 9848 9960
66 413 497 696 935 1075 1414 2147 3877 4156 5735 5794 6071 6074 6458 7269 7447 8208 8527
65 842 1546 1574 1584 2422 2569 2659 3335 4219 5078 5135 6144 6539 7782 7783 8125 8582 8813
64 560 1172 1283 1790 1916 2626 2712 3115 3144 3759 5110 6054 6162 6170 7442 8431 9587
63 79 250 1175 1785 2951 3138 4079 4624 5390 5497 5804 5988 6054 6082 6541 7619 7861 8953 9148 9518 9842
62 451 1121 1225 1682 1900 2240 2662 3070 3232 3423 5224 5412 6381 6727 7413 7835 8102 8346 9900
61 364 1047 1122 1979 2900 3894 4419 4430 4972 5008 5301 6241 6708 7791 9968
60 412 453 1016 1668 2457 2704 3281 3386 6197 7479 7508 7903 7929 8173 8293 8491 8697 8883 9443 9892
59 2 22 443 600 625 941 1105 1774 3012 3158 4035 4723 4801 4950 6812 6897 6902 7989 8005 8368 8752 9007 9545 9738 9840
28 439 455 685 699 834 1429 1694 1806 1917 2858 4199 4486 4784 4844 4909 5278 5341 5412 5632 5747 6049 6148 6281 7120 7713 8205 8344 8524 8531 8931 9435 9443 9968
27 617 2297 2597 3022 3122 3174 3943 3984 4027 4556 5069 5412 5572 5643 5834 6191 7055 7296 8268 8473 8830 9135 9496 9982
26 689 732 1420 1774 2155 2245 3376 3457 3836 3872 4841 4907 4990 5064 5261 5303 5962 6187 6547 6785 8636
25 7 624 843 1282 1408 2037 2666 3105 3584 3719 3913 4666 4687 5721 6652 6852 7751 8210 8267 8863 8959 9008 9244 9301
24 311 454 1259 1528 1867 2071 2123 2937 2984 3467 4176 4400 4664 4945 5310 8989 8994 9532 9713 9835
23 200 2451 2563 2574 2595 3418 3790 4306 5409 5750 7153 8193 8431 8754 9125 9545 9689 9760
22 254 1168 1766 2501 3173 4904 5679 6538 7165 7605 8521 8860 9842
21 215 297 583 1101 1580 1796 2324 2986 3222 4816 4855 4954 5126 5509 6306 6400 7372 8017 8455 9759 9859
20 738 836 1031 3285 3320 3377 3877 4070 4126 4155 4538 4547 4597 5880 6694 7296 7438 7575 8007 8639 9520
19 976 1133 1212 1956 2555 2598 2663 2782 2962 3371 3835 3884 4060 4326 5005 5155 5269 5739 6334 6461 6538 6696 8221 8858 9007 9601
18 712 1989 3268 4213 4596 4728 5064 5237 5307 5458 5479 6502 6931 7000 7120 7299 7815 8005 8332 9184 9202 9465 9703 9976
17 105 950 1123 1280 1467 1591 1774 2243 2430 2437 2904 3038 3836 5907 7431 8068 9007 9194
16 1556 3310 3339 3673 4071 4336 4776 5629 7014 7825 7873 7888 9014 9244
15 321 602 935 945 1668 2182 2240 2320 2652 4151 4907 5451 5946 6007 6651 6766 7344 7572 7772 7782 7829 8028 8874 9019 9393
14 71 88 252 304 493 700 780 1535 2342 4352 5171 5458 6967 7012 7228 7699 8277 8364 9303 9914 9930
13 210 253 311 490 1343 1956 2041 2892 3012 3521 4314 4448 4662 5188 6433 7516 7837 8089 8634
0 148 935 979 1207 1470 1791 2404 2645 2892 3261 3469 4020 5005 6472 6827 7474 7561 8366 8413 9007 9021 9807
1 205 241 548 1375 1924 2207 2349 2554 2816 4010 5790 6205 7583 8699 8987 9881 9968
2 7 1216 2754 3106 3608 3963 4092 4332 5085 5244 6644 7242 7949 8293 8590 9580
3 979 1020 1098 1476 1665 2258 2784 3453 4076 4230 4541 5300 5340 5622 5775 5827 6464 6613 6676 6956 7296 8251 9464
4 732 1498 1668 1973 2413 2555 3802 3828 3950 4314 4319 4646 5232 5962 6389 7438 8618 8768 8832 9577 9878 9993
5 79 155 952 1396 1444 2396 2760 3087 3453 3731 4439 4589 5258 6617 6676 6915 6986 7206 7361 7467 7606 7709 7753 7834 7992 8107 8217 8343 9093 9169
6 132 705 1087 1625 2028 2288 2555 2640 3012 3660 3936 4412 4958 5621 5848 5887 5948 5979 6061 6412 6613 6826 7413 7419 8797 9698
7 2152 4029 4223 4744 6325 6405 6598 6653 7530 8284 8726 8979 9075 9205 9564
8 569 654 780 1084 1183 1205 1452 1472 1615 1943 3144 3188 3678 3925 5228 5259 5748 5783 7413 7842 7845 7997 8125 8279 8487 8696 8994 9096 9733 9739
9 196 622 837 1822 3113 3176 3391 3723 4226 4869 5977 6062 6306 6613 6692 7266 7463 8352 8495 8498 8683 8716 9613 9733
10 697 1299 1303 2175 2480 2510 2868 3859 4074 4569 4851 5131 5981 6170 6762 6986 7672 9342
11 128 889 1157 1477 1617 1728 2471 4170 4875 5064 5072 5652 7026 8580 8637 9023 9464 9699 9745
12 389 436 828 2288 2555 2577 3073 3326 4014 4435 4500 4626 5610 5826 6831 7916 8512
29 9 79 1601 2209 2234 2437 2773 2842 3355 4136 5275 5307 6063 6438 6702 6787 6920 7134 7216 8293 8297 8502
30 2 139 1307 1661 2373 2930 3612 3745 4149 5962 6855 7379 8048 8538 9505 9742 9744 9768
31 115 307 591 774 1230 2555 3110 4107 4551 4674 5413 5887 6101 6421 7563 7710 7759 7890 8897 9004 9533
32 84 238 936 1763 1871 2240 2288 2902 2946 3498 3705 4626 4985 5108 5166 5903 6330 6374 6532 7335 7664 8040 8125 8174 8197 8307 8523 8812 8922 9043 9832 9838
33 94 200 1737 2014 2059 2121 2934 3008 3032 3393 4086 4399 4651 6029 6187 7281 7358 7601 7883 7885 8396 9354
34 151 935 1534 1799 2077 2392 2680 3073 3077 3323 3360 3986 4176 4513 5413 5417 5939 6485 6538 8792 9241 9930
35 221 1710 1747 2166 2277 2741 2835 5156 5866 6561 6993 8137 8139 8511 8812 8970 9615
36 2240 2322 3144 3585 4352 4874 4923 5307 5491 5505 5822 5912 6467 7802 7933 8689 9144 9187 9301 9409 9413 9955
37 269 755 802 981 1533 2962 3316 3687 5022 5408 5982 6134 6494 6687 7155 7296 7392 7716 7744 8071 8784 9367 9640 9664
38 678 691 838 872 1090 1275 1468 2264 2475 5006 5338 5762 6775 7162 7626 7733 8065 8680 9235
39 41 476 1345 1534 1642 1763 1774 1953 2016 2199 2205 2240 3525 3958 4020 4377 4717 4726 5762 6060 6198 6258 6699 6827 7033 7751 7906 7980 8716 9244 9707
40 268 647 873 966 979 989 1966 2617 2809 3167 4314 4517 5219 5658 5922 6281 7681 8293 8573 9306 9459 9538
41 557 574 1355 1397 1491 2570 2958 3286 3686 3982 4211 4909 5060 5113 5523 5548 7220 7332 8130 8812 9227 9522
42 745 988 1534 2411 2653 2697 3348 3488 3515 3547 3936 4199 5009 5149 5524 6154 6193 7426 8593 8896 8905 8954
43 199 1638 1648 2121 3493 3728 3891 4363 4494 5594 5880 6585 7311 7805 7864 7920 8179 8491 9719 9846
44 566 2941 3516 4985 6584 6964 7581 7870 8269 8335 8382 9129 9212 9780
45 2 1014 1440 2019 2472 2628 3047 3588 4583 4931 6492 7060 7422 7438 7949 8050 8125 9025 9199 9829 9834
46 3521 3526 3807 3854 4200 5656 7072 7296 8162 8605 8866 8880 8990 9152 9266
47 20 148 861 1081 1450 3349 3679 4052 6285 6447 6495 6582 7828 7962 8031 8470 9244 9548
48 139 1375 2662 2871 3233 3814 3857 4482 5180 5384 5435 6147 6327 7124 7230 7652 7938 8095 8325 8529 8994 9063 9968
49 523 1577 1668 1702 1789 1934 2240 2511 3774 3843 4214 4297 5195 5880 6073 6139 6270 6587 7434 8284 8542 9600 9605
50 259 502 1162 1691 2613 3574 4050 4352 4488 5359 5748 6082 6497 6639 6901 7213 7732 9036 9528 9822
51 408 626 647 1439 2768 4401 4966 5151 5557 5748 5762 5920 6071 6301 6547 6573 6938 6992 7023 7253 7485 7833 7949 7992 8941 9191 9407 9615
52 82 1740 2731 2962 3350 3751 4761 5038 5106 5778 6100 6248 6456 6925 6938 7586 7699 7742 7755 8910 9244 9249
53 221 443 447 1607 1666 2274 2414 2755 3356 3416 4326 4834 5014 5595 6270 6363 6938 7577 7699 8168 8414 8549 9028 9770
54 838 935 1257 1954 2052 2206 2530 2892 2898 3103 3461 3586 4624 4765 5440 5885 6101 6376 6492 7031 7438 8579 9535 9623 9836 9915
55 427 1110 1634 1919 2070 2239 2414 2929 4035 4073 4804 6044 6797 7147 7204 7330 7488 7855 8144 8487 9016 9120
56 656 863 1262 1752 2429 3012 3047 3383 3566 4096 4199 4501 4787 5492 5564 5615 5902 5917 6447 6662 6672 7665 7874 7880 8090 8214 8702 9265 9336 9443 9533 9921
57 448 1390 1557 2106 2361 3894 4539 4696 5601 5969 6013 6739 7333 8199 8994 9270 9688 9716 9842
58 469 935 1565 1770 2544 2677 3543 3565 3732 3916 4140 4311 5654 6137 6327 6537 6980 7153 7864 8428 8756 9450 9619 9684 9869
127 1668 1724 2099 2517 3993 4020 4035 4082 4170 4883 5746 6376 6613 6624 7845 7949 8241 9073 9244 9451
128 118 657 960 1223 1736 1850 2607 3032 3137 3157 3631 4813 4948 6262 6743 6827 6882 6954 7133 7557 7883 8977
129 2 385 965 1988 3243 4734 5073 6181 6938 7782 8091 8233 8487 9404 9694 9891
130 270 353 487 713 1289 1295 2128 2555 3578 3728 4481 4901 5198 5316 5330 5762 6463 6936 6978 8125 8410 8644 8985 9089 9174 9327 9533
131 84 447 1042 1693 2926 4450 4573 4864 4977 5519 6054 6155 6282 6467 7949 8423 8617 8718 9679 9989
132 259 360 1144 1911 3972 4087 4188 4375 4484 5412 5593 6537 6613 7579 8134 8724 8827 8839 9380
133 325 545 979 1105 1896 2150 2227 2999 3194 3365 4672 4835 5176 5715 6101 6212 7425 7709 7997 8062 9129 9230 9323 9576 9848
134 2088 2521 3481 3528 3622 4901 6115 6134 6427 6454 6514 7513 7609 7639 7864 8365 9555 9693 9829
135 2 25 78 308 1317 2034 3568 3653 3958 5477 5664 6044 6375 6938 7624 7683 7699 7769 7820 8293 9461 9584 9861
136 3 201 781 1721 2155 2196 3982 4107 4777 5322 6235 7283 7602 7930 8515 9345
137 105 423 1105 1195 1571 2155 2761 3521 3894 4008 4011 4880 5367 5507 5748 6613 7320 8253 8587 9049 9462 9911
138 647 1605 2001 2103 2142 2687 2986 3074 4107 4770 4855 5559 7153 7444 7649 7669 7699 8056 8181 8193 8710 9114
139 795 929 1968 4121 4388 4470 5748 6937 7628 7917 8005 8609 8890
140 818 1469 1907 2459 2848 3590 3664 4506 5095 7713 7792 9224 9282 9512
141 427 1186 1274 1625 2121 2184 3371 4957 5267 5346 5637 5715 6048 6899 6916 7069 7438 7995 8012 8950 9139
142 1156 1667 2736 4107 4112 4314 4614 4639 4731 6030 6089 6271 6387 6428 7201 7408 7472 7762 7852 7883 8470 9517
143 1028 1279 1353 1465 2013 2098 2431 2773 5144 5293 6021 6303 6724 6790 7179 7180 7936 8476
144 2 240 2229 2555 3476 3758 4116 4328 4779 5949 6982 7461 7714 8585 8711
145 2393 2960 3012 3044 3411 4099 4647 4985 5028 5323 5607 5687 6139 6750 6909 6961 7101 7507 7708 8044 8186 9615
146 1431 1490 1562 2213 3084 3831 5846 6355 6611 7153 7454 8172 8408 9110 9673
147 782 820 891 1042 1963 2288 2611 2896 3630 3753 3830 4521 4985 5112 5322 5605 6113 7146 7351 7694 7699 7743 8554 8947 9207 9791 9965 9968
148 2 60 778 1085 1383 1696 2183 2215 2240 2322 2340 3054 3074 3728 4053 4707 5002 5612 5643 6515 6518 7153 7325 7438 9652 9844
149 229 800 1984 2670 3004 3060 3830 4407 4803 5341 6592 7088 7547 7599 7631 8358 8462 8646 8766 9156 9533 9710
150 822 887 2169 3045 3061 3580 4624 4767 5340 5401 6523 6744 6778 7741 8025 8228 8263 8644 8910 9990
151 979 1524 1546 2007 2558 2805 2908 2962 3012 3261 3672 3753 4035 5003 5437 5558 6276 6321 6807 6919 7587 9102 9615 9848
152 1335 1429 1454 1670 1912 2289 2705 2785 4043 4347 4921 4993 5660 5744 6778 7153 7379 7487 8043 8775 8845 9139
153 367 983 1121 1640 2365 2421 2979 3877 3907 6470 6547 7001 7854 8298 8386 8425 8862 9164 9305 9374 9777 9831
154 1663 2414 2965 3158 3799 4312 4941 5086 5528 5840 5858 5880 6291 7653 8433 8491 8495 9316 9397 9795
155 281 321 411 1142 2855 2933 3074 3776 3877 4093 4619 4923 5023 5908 6283 6305 6390 6404 7517 7533 7610 7734 7765 7960 8980 9160
156 84 569 839 2074 3041 3482 3629 3877 3885 4144 5068 5280 5507 6895 7979 8092 8597 8994 9351 9418 9424
157 135 316 926 1188 2869 3393 3733 4787 5204 5467 6360 6938 7044 7713 7795 9112
158 120 183 321 854 1049 1138 1580 1668 1950 2036 3012 3021 3074 3783 3869 4237 4423 4562 4908 5989 6044 7235 7400 7688 7759 7961 7992 9129
159 145 420 871 993 1600 1756 2182 3036 3739 5038 5263 5335 5477 5674 5784 6460 7428 7538 7673
160 238 365 399 729 1429 1471 1531 2550 2962 3494 3521 4241 4812 4855 6327 6351 6379 6910 8552 8780 8805 8832 9013 9562
161 69 914 1039 1056 1195 1927 2100 2190 2341 2715 2962 3576 4357 4527 5713 6547 6715 7225 7367 7511 7652 7699 9510
162 472 718 1169 3600 4378 4398 6152 7285 7481 7652 7762 7790 8194 8821 9011 9404
163 321 1263 1299 2630 2943 3259 3634 3830 3935 6020 6506 6688 6888 6945 7127 7173 7413 7787 7949 8057 8134 8387 8803 8998 9398 9408
164 447 888 917 1383 1871 1986 1987 2187 3108 3326 3395 4314 4505 5389 5465 5688 6675 6680 6949 7163 7249 7365 7410 7861 7932 8887 9013 9048 9132 9476
165 427 491 766 1375 1394 1683 1812 2240 2682 3432 3920 3998 4206 5326 7762 8717 9270
166 1544 2716 3338 3383 3434 3926 3966 4948 5134 5732 5867 5999 6088 6756 8130 8716
167 6 348 480 684 777 949 1708 2286 3758 3772 3880 4588 5304 5775 6359 6377 6671 7213 7519 7732 8022 9463
168 427 973 1548 1608 1873 2028 2437 2792 2962 2986 3089 3905 4199 4664 4914 6087 6140 6254 6401 6567 6609 6905 7087 7541 8293 8491 9461 9671 9765
169 238 291 569 1363 1868 1981 2049 2446 2676 2679 2857 3368 4799 5044 5099 5186 5762 6258 6742 7730 7807 8227 8406 8431 8439 9015 9444 9669
170 260 397 650 1453 2204 2249 2752 3012 3089 3486 3625 4060 5251 6337 6360 7193 7733 8116 8134 8272 8387 8850 9075 9549
171 58 1064 1341 1353 1731 1904 2326 3015 3163 3374 4622 4791 4797 5609 5814 5962 6092 6622 6861 7153 7237 7652 9036 9453 9501 9560 9789
172 147 717 875 932 2004 2299 2800 3012 5954 5964 6002 7176 8125 8561 9224
173 79 354 369 901 1160 2288 2696 2766 3050 4168 4266 4354 4698 4712 5326 5552 5647 5704 6627 7029 7071 7736 7949 8668 8773 9843 9858
174 200 1534 1576 1619 1972 2698 3012 3074 3316 3606 3632 4311 4526 5047 5077 5320 6134 7652 9483 9621 9706 9842
175 321 952 2515 2595 3458 3468 3521 3536 3677 4604 4909 6176 6409 6843 7156 7737 8103 8416 9970
176 193 321 809 1343 1800 2193 2288 2531 2898 2945 3429 3990 4236 4532 4901 5242 5582 5961 9862
177 510 835 867 1196 1396 2327 2643 3012 3584 3655 3936 4232 4359 4379 4610 6130 7294 7517 7732 7795 8130 8155 8526 8829
178 1246 1606 1710 1730 1869 1960 2171 2329 2420 2693 2699 3113 3240 4170 4886 4975 5412 5538 6145 7341 7856 7902 8133 8834 9113
179 2453 3023 3116 4027 4923 5715 5831 6240 6258 6426 6706 7197 7456 8557 8731 9543 9545
180 650 1782 3071 3075 3079 3602 4035 4228 4337 5321 5331 5520 6188 6416 6737 6795 7859 7968 8442 8490 8663 8794 9392 9659
181 1760 2008 2288 2444 3502 3665 3700 3904 5779 5849 6481 6735 6834 7886 8462 8676 9348 9649
182 203 719 979 1134 1213 1289 1741 2377 2527 2529 2643 3926 4033 4487 5029 5048 5260 5715 5921 6358 6460 6613 7182 7675 7688 7806 9139 9825
183 2 1043 1134 1150 1256 2087 2732 3309 3329 3432 3812 3820 5153 5494 5915 6744 6938 7352 7630 7739 7833 8824 9484 9991
184 499 1276 1668 2096 2332 2467 3894 4284 5345 5445 5738 6953 7045 7902 8021 8741 8947 9669 9812
185 355 431 1000 1343 1393 1596 1641 1810 2114 2349 2519 2818 3012 5784 7005 8386 8468 8489 9196 9650
186 857 1105 1587 1607 1658 2343 2857 3279 4559 4708 4818 4974 5119 5507 5796 6867 7355 8324 9848
187 427 435 507 794 866 2404 2505 2630 2643 3910 4242 5848 5885 6161 6454 6555 6616 6798 6920 7689 7950 8092 8230 9062 9661 9757
188 66 139 321 427 925 1127 1550 2116 2666 4362 4909 5030 5323 6332 6386 7023 7027 7040 7110 7678 7680 8714 9270 9444 9714
189 412 1289 1367 1371 1583 3783 4253 4276 4781 4795 6151 6299 6326 6334 7652 7683 7775 7950 8313 9347
190 221 734 1332 2246 2437 2621 3269 3942 4866 5164 5215 5309 6274 6623 7489 7762 7839 8200 9573 9800 9968
191 2223 2503 2698 2727 3666 5650 5651 6613 6713 7076 7136 7864 8799 9848
192 771 1102 1463 1750 1833 1986 3220 3497 5064 5843 6417 7413 7476 7544 7983 8078 8147 9186 9313
193 154 247 321 979 1058 1339 1383 3072 3207 3766 4624 4953 5437 5481 6538 6687 7385 7449 7454 7788 7801 8814 9379
194 694 1488 1814 2858 3830 4326 4528 4647 5448 5666 5854 7652 7727 7944 8008 9219 9902 9968
195 106 625 1104 1495 1552 1774 2804 2904 3077 3261 3981 4385 4858 4963 5771 5864 6453 6509 6554 7652 8402 8487 8711 8966 9311 9615 9656
196 321 417 745 1700 2612 2704 3314 3370 3676 3853 4195 5386 6014 6201 8116 8344 8579 9155 9896
197 259 508 736 1153 1353 1482 2010 3936 3995 4259 4690 6227 6912 7474 7622
198 447 732 1067 1601 1932 2128 2186 3109 3146 3226 3493 3756 3897 4828 5400 5581 5689 6224 7153 7407 7409 7627 8254 8644 8930 9842
199 1146 1154 1375 2237 2666 2970 3830 4093 4189 4293 4855 5101 5517 5962 6186 6369 7526 7545 8533 9416 9558 9657
200 79 362 420 483 2353 2745 3061 3135 3240 4180 5080 5142 5383 6058 6236 6545 6875 7055 7177 7410 7666 8556 9977 9988
201 199 550 1125 2141 2495 2539 2577 2611 2987 3379 3427 3745 4489 5772 7570 7602 7686 8140 8235 8342 8389 8973 9007 9580
202 519 1060 1121 1193 2183 2346 2423 3609 3735 3775 4356 4594 4679 5125 5313 5848 6549 6584 7762 8491 9701
203 819 1150 1656 2005 2182 2424 2562 2768 2894 2957 3376 3964 4278 4686 4878 5041 5507 7296 7419 7434 7933 8871 9279 9771
204 177 1623 1705 1843 1979 2062 2735 2865 3114 3403 4468 4909 6051 6115 6869 6933 7596 7676 7841 8220 9918
205 272 466 1035 2623 3005 3097 3479 4431 4693 4985 6153 6258 6641 7030 7120 7759 8431 8507 8599 8613 8751 9199 9493
206 19 450 1109 1893 2533 3080 3452 3982 4037 4210 4520 4534 4928 5391 6677 7217 7219 7560 8494 9197 9374
207 673 985 1668 1808 2668 2740 2986 3006 3012 3320 3675 3982 4020 4035 4154 4177 4289 4564 4709 5053 5340 5412 6233 6558 7153 7364 8121 8672 9007 9236
208 269 457 726 1149 1590 2707 2827 3305 3334 3377 3543 3635 4034 4060 4065 4377 4418 4544 5322 5411 5566 5821 5880 6302 7105 7929 8453 9075 9104
209 627 1835 4496 4979 5218 5328 6987 7254 7931 8531 8942 9086
210 300 900 1368 1611 2375 3035 3410 3842 3877 3944 4084 4313 4745 4891 5304 5340 6020 7618 8481 8982 9412 9633 9668 9930
211 2026 2125 2781 3363 3435 3885 4442 4680 4909 6054 6938 7564 8069 8284 8315 8332 8491 8785 8812 8819 8881 8994 9041 9089 9244 9247
212 296 394 1153 1178 2175 3762 3777 3862 4199 5861 6295 6479 6860 7012 7671 7904 8287 8705 8780 9248
213 1784 1791 2104 2305 2327 2603 2666 3894 5066 5217 5360 5719 5848 6202 7007 8251 8647 8650 9238 9405
214 26 244 613 1407 2228 3513 3581 4035 4162 4737 4949 4983 6659 8571 9265 9453 9721
215 1045 1191 2167 2643 2651 2713 3703 3784 4151 4814 4855 5179 5869 5953 7756 7907 8841 9466
216 1877 1985 2722 2770 3506 4110 4855 5445 6292 6344 7038 7104 7949 8728 9098 9168 9318
217 79 625 797 883 1775 2288 2670 3729 3847 4170 4261 4414 4760 5882 6049 7266 7370 8474 8491 9029 9559 9586
218 79 1197 1552 1555 2327 2935 3077 3129 3362 3586 4362 4967 5061 5773 6289 6531 6913 7949 8069 8185 8673 8733 8788 8982 9007 9050 9491 9842
219 138 157 412 450 598 1190 1564 1979 2055 2080 2666 2668 3012 3652 3758 4007 4192 4636 5239 5873 6635 6672 6778 7053 7756 7790 8781 9075 9283
220 110 745 1216 1401 1864 2938 3641 3681 3750 4129 4402 4548 5775 5813 5948 5962 6042 6298 6365 6451 6554 6621 7342 7946 8125 8209 8223 8539 8670 8856 9395 9533
221 698 979 1288 2109 2610 3128 3165 3626 3779 4199 4786 4916 5454 6269 6415 6692 7940 8631
222 205 245 2072 4376 5841 6395 7368 7909 8601 8609 9119 9172 9299
223 979 1097 2214 3543 4494 4792 5412 6211 6391 6418 6487 6733 7406 8798 8807 8908 9353 9969 9975
224 1059 1116 1931 1999 4857 5020 5095 5445 5764 6077 6544 6767 7280 7426 7617 7813 8711 9511 9783
225 140 986 1405 1668 2175 2555 3065 4339 4368 4740 5219 5560 6693 8105 8227 8332 8900 9213
226 211 542 850 1401 1763 1847 2033 2264 2275 3077 3554 3557 3905 4015 4238 4326 5219 6124 7050 7142 8327 8832 8838 9027
227 207 1085 1255 1560 1566 1979 2240 2797 3753 3801 3866 3877 3894 4077 4179 4628 4824 5088 6161 6557 7429 8484 8859 8994 9300 9359 9402
228 402 1042 1793 2903 2990 3012 3833 4349 5296 5563 5917 6141 6357 7786 8069 8429 8867 9138 9291
229 425 767 1139 1201 1562 1826 1828 2244 2959 3262 5412 6054 6503 6778 6938 7254 7949 8176 8450 8685 9001 9215 9364 9377 9646 9666
230 7 265 606 642 949 2962 3023 3956 4222 4561 5206 5283 5904 5962 6143 6161 6465 6482 6547 7126 7396 7884 7970 8098 8375 8387 8975
231 102 238 1329 1358 1406 1942 2699 3023 3726 3757 4623 5248 5543 5693 6398 6796 7270 7505 7575 7652 7919 8418 8728 9088 9440 9842
232 155 2121 2500 2874 3186 3433 5120 5445 5526 5539 5869 6320 6537 6613 6922 8160 8564 9003 9163 9369 9926
233 342 581 640 946 1246 1383 1980 2414 2454 2576 4187 4362 4746 5592 6938 7817 8235 8377 8844 9138
234 238 415 935 1442 1668 2650 3586 3700 4199 4421 4660 5099 5203 5437 5604 5700 7219 7316 8052 8419 8559 8794 9215 9264 9384 9533 9758
235 791 1134 1347 1813 2185 3053 3817 3877 3936 3948 4314 4959 6509 6613 6894 7120 7274 7438 7534 8015 8532 8994 9244 9816
236 49 827 1234 1327 1754 5683 6510 7099 7867 8406 8491 8623 8912
237 441 1017 2340 2384 2516 3232 3579 3603 3830 4020 4057 4563 5295 5383 5412 5541 5801 5865 6975 6981 7949 8037 8498 8693 8907 9010
238 404 609 752 774 828 2121 2422 3764 3914 4358 4381 5190 5348 5429 6101 6465 6564 7247 7473 7850 8227 9071
239 843 905 1134 3500 3599 4031 4984 5121 5129 5412 5715 6832 6938 7120 8663 8671 8848 9302 9415
240 239 1256 1560 1750 2422 2733 2744 3006 3023 3767 3827 4199 4416 5042 5192 5308 5525 5677 6799 6920 7088 7575 8580 9094 9115 9448 9979 9997
241 55 79 199 796 1287 1410 1582 1670 1905 2047 2113 3117 3715 3877 4612 5277 5986 6604 7179 7204 7883 8958 9273 9845
242 916 1032 1343 2808 2972 3877 4787 5248 5522 6223 7808 7880 8003 8078 8964 9290 9304 9627 9847
243 65 131 153 552 703 1890 2240 2288 2886 3011 4377 5412 6470 7524 7754 9772
244 79 236 935 1328 1524 1674 1767 2128 2220 2718 3343 4531 4912 5395 5471 5762 6244 6732 7215 8400
245 489 1063 1346 1944 1979 2753 2892 3319 3758 5099 5322 5895 6082 6458 6565 7333 7366 7451 7874 8528 9237 9788 9964
246 1128 1215 1654 1803 1849 2975 3074 4194 4909 5715 6018 6483 7240 9032 9603
247 117 295 545 2412 2962 3153 3392 3454 3584 3758 4717 5448 5584 6530 7392 7697 8046 8260 9340 9735 9871
248 330 412 683 1441 2359 2790 3012 3249 3547 4020 4028 4161 4282 5839 5845 5983 6067 6802 7949 8898 9075 9324 9990
249 666 964 1226 3151 3277 4123 4193 4333 5003 5863 6354 7389 7509 7696 7899 8212 8406 8968 9050 9139 9181 9319 9453 9848
250 7 997 1270 3018 3172 3304 3441 3463 5762 5930 7437 8477 8703 9375 9933
251 279 880 901 1065 1343 1370 2413 2685 2807 3242 3291 3313 3543 3696 4372 4985 6800 6827 7545 7955 8591 8698 9521 9734
252 477 843 979 1058 2143 2345 2499 2649 2986 3463 3977 4234 5329 5339 6428 6440 6744 7160 7167 7709 7745 8125 8444 8844 8994 9080 9809 9842
253 199 427 442 485 528 780 1848 1984 2064 2155 2251 2986 3106 3203 3648 3811 5818 6153 6300 6309 7756 8934 9133 9160 9523 9942
254 90 399 761 928 1050 2883 3043 3377 3561 3982 4456 5212 5709 6082 6469 6606 7039 7383 7977 8390 8795 8812 9253
255 76 745 798 1041 1934 3270 3563 3771 3885 5783 6425 6654 7048 7059 7377 7521 8570 9545 9778 9995
256 663 943 1137 1644 2058 2867 2992 3127 3380 3620 3702 3856 4539 4697 5677 5849 6129 6534 7776 7791 7864 7922 8711 8876 9830
